0 0.3737980769230769 0.42427884615384615 0.04567307692307692 0.04567307692307692
0 0.32211538461538464 0.4050480769230769 0.040865384615384616 0.040865384615384616
0 0.4170673076923077 0.18990384615384615 0.038461538461538464 0.038461538461538464
0 0.421875 0.1502403846153846 0.038461538461538464 0.038461538461538464
0 0.18990384615384615 0.43028846153846156 0.040865384615384616 0.040865384615384616
0 0.22355769230769232 0.33653846153846156 0.038461538461538464 0.038461538461538464
0 0.3125 0.27403846153846156 0.040865384615384616 0.040865384615384616
0 0.3269230769230769 0.3485576923076923 0.05048076923076923 0.05048076923076923
0 0.5144230769230769 0.65625 0.038461538461538464 0.038461538461538464
0 0.5673076923076923 0.6153846153846154 0.04326923076923077 0.04326923076923077
0 0.3389423076923077 0.5252403846153846 0.04807692307692308 0.04807692307692308
0 0.2800480769230769 0.32572115384615385 0.04326923076923077 0.04326923076923077
0 0.08653846153846154 0.5048076923076923 0.040865384615384616 0.040865384615384616
0 0.10216346153846154 0.5288461538461539 0.04807692307692308 0.05048076923076923
0 0.06370192307692307 0.5588942307692307 0.04807692307692308 0.05048076923076923
0 0.3245192307692308 0.8629807692307693 0.04807692307692308 0.04807692307692308
0 0.35216346153846156 0.8798076923076923 0.04326923076923077 0.04326923076923077
0 0.328125 0.9627403846153846 0.038461538461538464 0.038461538461538464
0 0.6310096153846154 0.6262019230769231 0.03125 0.03125