0 0.53125 0.3112980769230769 0.03365384615384615 0.04326923076923077
0 0.5492788461538461 0.34615384615384615 0.028846153846153848 0.04326923076923077
0 0.4206730769230769 0.24879807692307693 0.038461538461538464 0.04567307692307692
0 0.3293269230769231 0.037259615384615384 0.04326923076923077 0.04567307692307692
0 0.28125 0.28125 0.036057692307692304 0.040865384615384616
0 0.3125 0.29086538461538464 0.036057692307692304 0.04567307692307692
0 0.34375 0.30528846153846156 0.03125 0.038461538461538464
0 0.3329326923076923 0.36177884615384615 0.04326923076923077 0.04807692307692308
0 0.4098557692307692 0.3713942307692308 0.036057692307692304 0.036057692307692304
0 0.7055288461538461 0.16466346153846154 0.03125 0.038461538461538464
0 0.9699519230769231 0.234375 0.038461538461538464 0.040865384615384616
0 0.8293269230769231 0.18269230769230768 0.040865384615384616 0.05048076923076923
0 0.8870192307692307 0.15625 0.038461538461538464 0.04807692307692308
0 0.9579326923076923 0.16466346153846154 0.036057692307692304 0.038461538461538464
0 0.8930288461538461 0.20552884615384615 0.03365384615384615 0.038461538461538464
0 0.234375 0.3701923076923077 0.038461538461538464 0.038461538461538464
0 0.15264423076923078 0.6538461538461539 0.028846153846153848 0.03365384615384615
0 0.7043269230769231 0.8665865384615384 0.04807692307692308 0.0625
0 0.4891826923076923 0.6442307692307693 0.03125 0.03125
0 0.30528846153846156 0.5456730769230769 0.03365384615384615 0.036057692307692304
0 0.13701923076923078 0.7487980769230769 0.036057692307692304 0.04567307692307692
0 0.12860576923076922 0.6310096153846154 0.03125 0.04567307692307692
0 0.5372596153846154 0.9855769230769231 0.036057692307692304 0.028846153846153848
0 0.2860576923076923 0.828125 0.040865384615384616 0.052884615384615384
0 0.6610576923076923 0.038461538461538464 0.026442307692307692 0.028846153846153848
0 0.5877403846153846 0.038461538461538464 0.04326923076923077 0.040865384615384616
0 0.4891826923076923 0.028846153846153848 0.036057692307692304 0.038461538461538464
0 0.5889423076923077 0.375 0.03365384615384615 0.038461538461538464
0 0.4266826923076923 0.4567307692307692 0.038461538461538464 0.04807692307692308
0 0.25240384615384615 0.45072115384615385 0.03365384615384615 0.036057692307692304
0 0.41466346153846156 0.1045673076923077 0.036057692307692304 0.040865384615384616
0 0.3557692307692308 0.109375 0.038461538461538464 0.05048076923076923
0 0.38100961538461536 0.14423076923076922 0.036057692307692304 0.04326923076923077
0 0.3557692307692308 0.6826923076923077 0.036057692307692304 0.04567307692307692
0 0.7139423076923077 0.2283653846153846 0.03365384615384615 0.038461538461538464
0 0.4963942307692308 0.6754807692307693 0.04326923076923077 0.05048076923076923
0 0.5252403846153846 0.6622596153846154 0.036057692307692304 0.057692307692307696
0 0.5324519230769231 0.6129807692307693 0.036057692307692304 0.05048076923076923
0 0.5576923076923077 0.5072115384615384 0.040865384615384616 0.04807692307692308
0 0.5132211538461539 0.5084134615384616 0.028846153846153848 0.036057692307692304
0 0.39903846153846156 0.6346153846153846 0.04326923076923077 0.05048076923076923
0 0.3401442307692308 0.7944711538461539 0.03125 0.040865384615384616
0 0.33052884615384615 0.8413461538461539 0.036057692307692304 0.05048076923076923
0 0.32091346153846156 0.8762019230769231 0.021634615384615384 0.03125
0 0.2512019230769231 0.7884615384615384 0.036057692307692304 0.040865384615384616
0 0.2620192307692308 0.8016826923076923 0.03365384615384615 0.038461538461538464
0 0.3112980769230769 0.7644230769230769 0.04567307692307692 0.06971153846153846
0 0.3269230769230769 0.7752403846153846 0.03125 0.04326923076923077
0 0.36778846153846156 0.8173076923076923 0.019230769230769232 0.028846153846153848
0 0.375 0.8293269230769231 0.028846153846153848 0.036057692307692304
0 0.4387019230769231 0.7103365384615384 0.03365384615384615 0.040865384615384616
0 0.29447115384615385 0.40384615384615385 0.036057692307692304 0.05048076923076923
0 0.2608173076923077 0.4963942307692308 0.036057692307692304 0.04567307692307692
0 0.4495192307692308 0.12139423076923077 0.04567307692307692 0.06009615384615385
0 0.4723557692307692 0.08653846153846154 0.036057692307692304 0.052884615384615384
0 0.44711538461538464 0.04326923076923077 0.03365384615384615 0.03125
0 0.43509615384615385 0.018028846153846152 0.052884615384615384 0.036057692307692304
0 0.5793269230769231 0.4266826923076923 0.03125 0.036057692307692304
0 0.5649038461538461 0.44350961538461536 0.026442307692307692 0.03125