0 0.46875 0.5709134615384616 0.038461538461538464 0.04807692307692308
0 0.4483173076923077 0.6862980769230769 0.03365384615384615 0.04567307692307692
0 0.6057692307692307 0.49278846153846156 0.028846153846153848 0.05048076923076923
0 0.5516826923076923 0.4879807692307692 0.03365384615384615 0.036057692307692304
0 0.29447115384615385 0.3233173076923077 0.028846153846153848 0.04567307692307692
0 0.3329326923076923 0.16947115384615385 0.03365384615384615 0.04326923076923077
0 0.16706730769230768 0.12860576923076922 0.03125 0.052884615384615384
0 0.75 0.44350961538461536 0.040865384615384616 0.052884615384615384
0 0.765625 0.5216346153846154 0.036057692307692304 0.057692307692307696
0 0.7992788461538461 0.38461538461538464 0.026442307692307692 0.04807692307692308
0 0.8125 0.08173076923076923 0.040865384615384616 0.04567307692307692
0 0.8052884615384616 0.040865384615384616 0.036057692307692304 0.04567307692307692