0 0.10096153846153846 0.5360576923076923 0.046875 0.08533653846153846
0 0.16346153846153846 0.49759615384615385 0.037259615384615384 0.09495192307692307
0 0.3581730769230769 0.6478365384615384 0.055288461538461536 0.07572115384615384
0 0.4723557692307692 0.6634615384615384 0.04447115384615385 0.06850961538461539
0 0.5204326923076923 0.7728365384615384 0.05048076923076923 0.08653846153846154
0 0.47836538461538464 0.5216346153846154 0.052884615384615384 0.0625
0 0.5829326923076923 0.4483173076923077 0.04567307692307692 0.0733173076923077
0 0.5588942307692307 0.296875 0.057692307692307696 0.06850961538461539
0 0.5168269230769231 0.055288461538461536 0.051682692307692304 0.06610576923076923
0 0.7211538461538461 0.18990384615384615 0.04567307692307692 0.0829326923076923
0 0.7512019230769231 0.24278846153846154 0.04567307692307692 0.08533653846153846
0 0.875 0.8966346153846154 0.036057692307692304 0.08533653846153846
0 0.921875 0.828125 0.04447115384615385 0.09254807692307693
0 0.9783653846153846 0.8701923076923077 0.042067307692307696 0.10576923076923077
0 0.6802884615384616 0.7367788461538461 0.042067307692307696 0.08413461538461539
0 0.9242788461538461 0.328125 0.052884615384615384 0.0673076923076923
0 0.20673076923076922 0.7704326923076923 0.039663461538461536 0.06370192307692307
0 0.18028846153846154 0.6298076923076923 0.03485576923076923 0.04567307692307692