0 0.11538461538461539 0.31850961538461536 0.08653846153846154 0.10336538461538461
0 0.19230769230769232 0.3137019230769231 0.08173076923076923 0.10817307692307693
0 0.30528846153846156 0.5492788461538461 0.0889423076923077 0.0985576923076923
0 0.40625 0.6177884615384616 0.07451923076923077 0.08653846153846154
0 0.39783653846153844 0.7451923076923077 0.0889423076923077 0.10576923076923077
0 0.4795673076923077 0.48677884615384615 0.07932692307692307 0.08413461538461539
0 0.6141826923076923 0.4675480769230769 0.07932692307692307 0.09134615384615384
0 0.6622596153846154 0.3137019230769231 0.0889423076923077 0.09375
0 0.7331730769230769 0.07932692307692307 0.06490384615384616 0.057692307692307696
0 0.8677884615384616 0.28966346153846156 0.08413461538461539 0.10096153846153846
0 0.8713942307692307 0.3545673076923077 0.08653846153846154 0.10336538461538461
0 0.75 0.9675480769230769 0.08653846153846154 0.06490384615384616
0 0.5661057692307693 0.7884615384615384 0.08173076923076923 0.10096153846153846
0 0.9759615384615384 0.5180288461538461 0.04807692307692308 0.0889423076923077
0 0.10216346153846154 0.5913461538461539 0.0673076923076923 0.07932692307692307
0 0.14543269230769232 0.44591346153846156 0.055288461538461536 0.06009615384615385