0 0.3389423076923077 0.6370192307692307 0.06971153846153846 0.06971153846153846
0 0.2283653846153846 0.6971153846153846 0.0625 0.0625
0 0.6394230769230769 0.7800480769230769 0.057692307692307696 0.057692307692307696
0 0.5048076923076923 0.6875 0.057692307692307696 0.057692307692307696
0 0.4723557692307692 0.6394230769230769 0.0625 0.0625
0 0.5793269230769231 0.2403846153846154 0.052884615384615384 0.052884615384615384
0 0.6550480769230769 0.2512019230769231 0.055288461538461536 0.055288461538461536
0 0.8521634615384616 0.4675480769230769 0.04326923076923077 0.04326923076923077
0 0.8894230769230769 0.43990384615384615 0.052884615384615384 0.052884615384615384
0 0.9086538461538461 0.4735576923076923 0.04326923076923077 0.04326923076923077
0 0.6021634615384616 0.8389423076923077 0.057692307692307696 0.057692307692307696
0 0.4230769230769231 0.3173076923076923 0.055288461538461536 0.055288461538461536
0 0.7331730769230769 0.7752403846153846 0.06490384615384616 0.06490384615384616