0 0.3786057692307692 0.5661057692307693 0.06971153846153846 0.06971153846153846
0 0.16346153846153846 0.3088942307692308 0.07451923076923077 0.07451923076923077
0 0.1622596153846154 0.7283653846153846 0.055288461538461536 0.057692307692307696
0 0.390625 0.9146634615384616 0.0625 0.06490384615384616
0 0.49158653846153844 0.6766826923076923 0.052884615384615384 0.055288461538461536
0 0.38822115384615385 0.6670673076923077 0.0673076923076923 0.0673076923076923
0 0.5396634615384616 0.29927884615384615 0.055288461538461536 0.055288461538461536
0 0.2283653846153846 0.5264423076923077 0.057692307692307696 0.06009615384615385
0 0.4254807692307692 0.4182692307692308 0.04326923076923077 0.04567307692307692
0 0.2800480769230769 0.3233173076923077 0.04807692307692308 0.05048076923076923
0 0.59375 0.42788461538461536 0.07211538461538461 0.07451923076923077