0 0.11658653846153846 0.3473557692307692 0.08173076923076923 0.0985576923076923
0 0.19110576923076922 0.34134615384615385 0.07692307692307693 0.10336538461538461
0 0.3016826923076923 0.5649038461538461 0.08413461538461539 0.09375
0 0.39903846153846156 0.6298076923076923 0.06971153846153846 0.08173076923076923
0 0.39302884615384615 0.7512019230769231 0.08413461538461539 0.10096153846153846
0 0.4675480769230769 0.5036057692307693 0.07692307692307693 0.07932692307692307
0 0.5949519230769231 0.48197115384615385 0.07451923076923077 0.08653846153846154
0 0.6394230769230769 0.33413461538461536 0.08173076923076923 0.0889423076923077
0 0.7115384615384616 0.09495192307692307 0.07692307692307693 0.08413461538461539
0 0.8365384615384616 0.3088942307692308 0.07932692307692307 0.09615384615384616
0 0.8401442307692307 0.36899038461538464 0.08173076923076923 0.0985576923076923
0 0.6622596153846154 0.9867788461538461 0.06971153846153846 0.026442307692307692
0 0.7331730769230769 0.9639423076923077 0.08173076923076923 0.07211538461538461
0 0.5552884615384616 0.7908653846153846 0.07451923076923077 0.09615384615384616
0 0.9603365384615384 0.5252403846153846 0.07932692307692307 0.08413461538461539
0 0.109375 0.609375 0.06490384615384616 0.07692307692307693
0 0.1466346153846154 0.4699519230769231 0.052884615384615384 0.057692307692307696