0 0.47115384615384615 0.421875 0.07451923076923077 0.09134615384615384
0 0.43149038461538464 0.5036057692307693 0.057692307692307696 0.0673076923076923
0 0.44471153846153844 0.6610576923076923 0.04807692307692308 0.055288461538461536
0 0.20072115384615385 0.6358173076923077 0.04807692307692308 0.06009615384615385
0 0.06370192307692307 0.6838942307692307 0.057692307692307696 0.057692307692307696
0 0.33052884615384615 0.8930288461538461 0.06009615384615385 0.07451923076923077
0 0.5252403846153846 0.8461538461538461 0.055288461538461536 0.07932692307692307
0 0.6430288461538461 0.5492788461538461 0.04567307692307692 0.055288461538461536
0 0.6646634615384616 0.30408653846153844 0.04326923076923077 0.057692307692307696
0 0.7512019230769231 0.9002403846153846 0.04807692307692308 0.07932692307692307
0 0.6274038461538461 0.9411057692307693 0.040865384615384616 0.04326923076923077
0 0.6141826923076923 0.9651442307692307 0.028846153846153848 0.04567307692307692