0 0.125 0.15625 0.03365384615384615 0.042067307692307696
0 0.4074519230769231 0.13341346153846154 0.042067307692307696 0.04447115384615385
0 0.15865384615384615 0.23197115384615385 0.027644230769230768 0.038461538461538464
0 0.30649038461538464 0.4963942307692308 0.046875 0.04567307692307692
0 0.41947115384615385 0.38100961538461536 0.036057692307692304 0.055288461538461536
0 0.6225961538461539 0.49278846153846156 0.04447115384615385 0.052884615384615384
0 0.7007211538461539 0.39903846153846156 0.06129807692307692 0.039663461538461536
0 0.12980769230769232 0.36658653846153844 0.06129807692307692 0.05048076923076923
0 0.5588942307692307 0.32572115384615385 0.054086538461538464 0.04807692307692308
0 0.40024038461538464 0.5072115384615384 0.04447115384615385 0.04807692307692308
0 0.3581730769230769 0.5985576923076923 0.051682692307692304 0.07451923076923077
0 0.4831730769230769 0.38341346153846156 0.030048076923076924 0.06009615384615385
0 0.7079326923076923 0.4579326923076923 0.03365384615384615 0.0625
0 0.7644230769230769 0.36899038461538464 0.036057692307692304 0.046875
0 0.5985576923076923 0.0625 0.04326923076923077 0.057692307692307696
0 0.4495192307692308 0.5649038461538461 0.056490384615384616 0.055288461538461536
0 0.5 0.6237980769230769 0.026442307692307692 0.06850961538461539
0 0.5036057692307693 0.6634615384615384 0.042067307692307696 0.055288461538461536
0 0.4423076923076923 0.6370192307692307 0.04326923076923077 0.055288461538461536
0 0.4206730769230769 0.71875 0.03245192307692308 0.0985576923076923
0 0.5901442307692307 0.734375 0.042067307692307696 0.09254807692307693
0 0.7067307692307693 0.6322115384615384 0.03365384615384615 0.07572115384615384
0 0.8004807692307693 0.20552884615384615 0.03245192307692308 0.06009615384615385
0 0.7403846153846154 0.1814903846153846 0.03245192307692308 0.06370192307692307
0 0.3545673076923077 0.16706730769230768 0.025240384615384616 0.06370192307692307
0 0.33533653846153844 0.02403846153846154 0.03365384615384615 0.030048076923076924
0 0.16105769230769232 0.12740384615384615 0.03365384615384615 0.05048076923076923
0 0.036057692307692304 0.25 0.036057692307692304 0.0673076923076923
0 0.8461538461538461 0.07451923076923077 0.019230769230769232 0.0673076923076923
0 0.8257211538461539 0.1045673076923077 0.026442307692307692 0.051682692307692304