0 0.6045673076923077 0.47596153846153844 0.04567307692307692 0.052884615384615384
0 0.6213942307692307 0.5276442307692307 0.04567307692307692 0.05048076923076923
0 0.36778846153846156 0.6478365384615384 0.057692307692307696 0.0673076923076923
0 0.21995192307692307 0.5805288461538461 0.04326923076923077 0.04807692307692308
0 0.5649038461538461 0.421875 0.04326923076923077 0.04326923076923077
0 0.859375 0.5901442307692307 0.04567307692307692 0.05048076923076923
0 0.8870192307692307 0.5216346153846154 0.05048076923076923 0.05048076923076923
0 0.8930288461538461 0.6262019230769231 0.052884615384615384 0.052884615384615384
0 0.9495192307692307 0.5240384615384616 0.038461538461538464 0.038461538461538464
0 0.7932692307692307 0.4855769230769231 0.055288461538461536 0.052884615384615384
0 0.7115384615384616 0.8209134615384616 0.057692307692307696 0.0673076923076923
0 0.6550480769230769 0.8882211538461539 0.06009615384615385 0.057692307692307696
0 0.5961538461538461 0.8930288461538461 0.06009615384615385 0.06490384615384616
0 0.47475961538461536 0.8473557692307693 0.052884615384615384 0.055288461538461536
0 0.1466346153846154 0.5396634615384616 0.052884615384615384 0.04807692307692308
0 0.14423076923076922 0.5961538461538461 0.06009615384615385 0.0625
0 0.056490384615384616 0.5661057692307693 0.052884615384615384 0.055288461538461536
0 0.5961538461538461 0.35336538461538464 0.06490384615384616 0.07932692307692307
0 0.9795673076923077 0.2860576923076923 0.040865384615384616 0.0673076923076923
0 0.7980769230769231 0.3713942307692308 0.057692307692307696 0.06009615384615385
0 0.7451923076923077 0.6418269230769231 0.05048076923076923 0.04807692307692308
0 0.7608173076923077 0.8581730769230769 0.04807692307692308 0.055288461538461536
0 0.7992788461538461 0.9375 0.04567307692307692 0.055288461538461536
0 0.38461538461538464 0.8233173076923077 0.05048076923076923 0.052884615384615384
0 0.3713942307692308 0.5588942307692307 0.055288461538461536 0.06009615384615385
0 0.9507211538461539 0.4795673076923077 0.03365384615384615 0.03365384615384615
0 0.6995192307692307 0.13581730769230768 0.055288461538461536 0.0673076923076923
0 0.7692307692307693 0.09254807692307693 0.038461538461538464 0.036057692307692304
0 0.7319711538461539 0.06009615384615385 0.03365384615384615 0.026442307692307692
0 0.6706730769230769 0.7908653846153846 0.04807692307692308 0.05048076923076923
0 0.6322115384615384 0.8293269230769231 0.04807692307692308 0.055288461538461536
0 0.6370192307692307 0.9507211538461539 0.04567307692307692 0.057692307692307696
0 0.6682692307692307 0.9435096153846154 0.04807692307692308 0.06009615384615385
0 0.057692307692307696 0.4795673076923077 0.05048076923076923 0.055288461538461536
0 0.640625 0.2644230769230769 0.04567307692307692 0.04807692307692308
0 0.953125 0.6274038461538461 0.04807692307692308 0.05048076923076923
0 0.9254807692307693 0.6526442307692307 0.038461538461538464 0.04807692307692308