0 0.4879807692307692 0.6298076923076923 0.052884615384615384 0.0625
0 0.5 0.7427884615384616 0.04807692307692308 0.055288461538461536
0 0.7067307692307693 0.43028846153846156 0.04567307692307692 0.05048076923076923
0 0.5853365384615384 0.5096153846153846 0.04567307692307692 0.052884615384615384
0 0.5336538461538461 0.5204326923076923 0.05048076923076923 0.055288461538461536
0 0.23918269230769232 0.29927884615384615 0.040865384615384616 0.04567307692307692
0 0.27283653846153844 0.23918269230769232 0.040865384615384616 0.04807692307692308
0 0.6394230769230769 0.014423076923076924 0.038461538461538464 0.028846153846153848
0 0.5204326923076923 0.14903846153846154 0.03125 0.04326923076923077
0 0.5084134615384616 0.109375 0.040865384615384616 0.04807692307692308
0 0.5432692307692307 0.10336538461538461 0.03365384615384615 0.036057692307692304
0 0.9098557692307693 0.7824519230769231 0.04807692307692308 0.05048076923076923
0 0.7427884615384616 0.4807692307692308 0.04326923076923077 0.052884615384615384
0 0.2512019230769231 0.4543269230769231 0.04567307692307692 0.04807692307692308
0 0.734375 0.34975961538461536 0.04807692307692308 0.0625