0 0.7019230769230769 0.16706730769230768 0.0889423076923077 0.09375
0 0.515625 0.08173076923076923 0.0985576923076923 0.0985576923076923
0 0.4423076923076923 0.18028846153846154 0.07692307692307693 0.07692307692307693
0 0.3233173076923077 0.17427884615384615 0.07451923076923077 0.07932692307692307
0 0.24158653846153846 0.4483173076923077 0.07451923076923077 0.07692307692307693
0 0.40865384615384615 0.6394230769230769 0.09134615384615384 0.10096153846153846
0 0.4170673076923077 0.7355769230769231 0.07451923076923077 0.07692307692307693
0 0.03245192307692308 0.59375 0.06490384615384616 0.10096153846153846
0 0.140625 0.6875 0.08173076923076923 0.07932692307692307
0 0.4795673076923077 0.8401442307692307 0.07211538461538461 0.07211538461538461
0 0.8449519230769231 0.5120192307692307 0.0889423076923077 0.09375
0 0.8173076923076923 0.6502403846153846 0.07211538461538461 0.07692307692307693
0 0.2644230769230769 0.0985576923076923 0.08413461538461539 0.08653846153846154
0 0.06490384615384616 0.4963942307692308 0.0673076923076923 0.07211538461538461
0 0.030048076923076924 0.4423076923076923 0.06009615384615385 0.07692307692307693
0 0.8425480769230769 0.22716346153846154 0.07211538461538461 0.07451923076923077
0 0.41947115384615385 0.07091346153846154 0.10096153846153846 0.10336538461538461
0 0.4098557692307692 0.021634615384615384 0.0889423076923077 0.04326923076923077
0 0.4639423076923077 0.014423076923076924 0.08653846153846154 0.028846153846153848
0 0.20192307692307693 0.14903846153846154 0.09375 0.10576923076923077
0 0.22596153846153846 0.2247596153846154 0.06971153846153846 0.07692307692307693
0 0.13341346153846154 0.8341346153846154 0.04567307692307692 0.04326923076923077
0 0.7932692307692307 0.5961538461538461 0.07932692307692307 0.0889423076923077
0 0.38341346153846156 0.22355769230769232 0.07451923076923077 0.07932692307692307
0 0.41947115384615385 0.9290865384615384 0.0673076923076923 0.07451923076923077
0 0.38461538461538464 0.9447115384615384 0.055288461538461536 0.06009615384615385