0 0.18990384615384615 0.46875 0.03365384615384615 0.040865384615384616
0 0.18509615384615385 0.4110576923076923 0.026442307692307692 0.040865384615384616
0 0.2439903846153846 0.4579326923076923 0.020432692307692308 0.036057692307692304
0 0.1971153846153846 0.6105769230769231 0.036057692307692304 0.04567307692307692
0 0.18269230769230768 0.2283653846153846 0.03125 0.054086538461538464
0 0.2091346153846154 0.26802884615384615 0.030048076923076924 0.04807692307692308
0 0.3329326923076923 0.47596153846153844 0.019230769230769232 0.051682692307692304
0 0.6286057692307693 0.5012019230769231 0.040865384615384616 0.04447115384615385
0 0.6887019230769231 0.47596153846153844 0.02403846153846154 0.039663461538461536
0 0.6153846153846154 0.5733173076923077 0.020432692307692308 0.05048076923076923
0 0.6117788461538461 0.8689903846153846 0.020432692307692308 0.04807692307692308
0 0.6454326923076923 0.8689903846153846 0.02283653846153846 0.042067307692307696
0 0.1658653846153846 0.7367788461538461 0.039663461538461536 0.040865384615384616
0 0.1971153846153846 0.8040865384615384 0.027644230769230768 0.039663461538461536
0 0.20192307692307693 0.7584134615384616 0.028846153846153848 0.039663461538461536
0 0.3786057692307692 0.6971153846153846 0.021634615384615384 0.038461538461538464
0 0.3954326923076923 0.5576923076923077 0.025240384615384616 0.05048076923076923
0 0.38221153846153844 0.5793269230769231 0.025240384615384616 0.03245192307692308
0 0.41466346153846156 0.41346153846153844 0.018028846153846152 0.03125
0 0.28365384615384615 0.5060096153846154 0.019230769230769232 0.052884615384615384
0 0.16466346153846154 0.5120192307692307 0.03485576923076923 0.05048076923076923
0 0.2800480769230769 0.25961538461538464 0.036057692307692304 0.04326923076923077