0 0.109375 0.16947115384615385 0.038461538461538464 0.036057692307692304
0 0.2283653846153846 0.36538461538461536 0.04807692307692308 0.055288461538461536
0 0.5096153846153846 0.22355769230769232 0.06490384615384616 0.06971153846153846
0 0.42908653846153844 0.41947115384615385 0.0625 0.06490384615384616
0 0.5204326923076923 0.47596153846153844 0.0625 0.06971153846153846
0 0.5036057692307693 0.7151442307692307 0.057692307692307696 0.0625
0 0.8990384615384616 0.5012019230769231 0.06490384615384616 0.06971153846153846
0 0.8100961538461539 0.5709134615384616 0.05048076923076923 0.052884615384615384
0 0.5420673076923077 0.9074519230769231 0.06971153846153846 0.07451923076923077
0 0.6742788461538461 0.71875 0.06009615384615385 0.0625
0 0.6213942307692307 0.5997596153846154 0.040865384615384616 0.04326923076923077
0 0.3401442307692308 0.4795673076923077 0.06971153846153846 0.08173076923076923
0 0.6466346153846154 0.9519230769230769 0.055288461538461536 0.06971153846153846
0 0.6586538461538461 0.7668269230769231 0.05048076923076923 0.06009615384615385