0 0.34134615384615385 0.9314903846153846 0.05048076923076923 0.06490384615384616
0 0.359375 0.8858173076923077 0.04567307692307692 0.06009615384615385
0 0.5288461538461539 0.8377403846153846 0.04807692307692308 0.0625
0 0.5492788461538461 0.7415865384615384 0.052884615384615384 0.06009615384615385
0 0.5949519230769231 0.7944711538461539 0.057692307692307696 0.0625
0 0.5841346153846154 0.6754807692307693 0.05048076923076923 0.052884615384615384
0 0.5288461538461539 0.6334134615384616 0.0625 0.057692307692307696
0 0.4951923076923077 0.29086538461538464 0.0673076923076923 0.06971153846153846
0 0.8918269230769231 0.6322115384615384 0.057692307692307696 0.0673076923076923
0 0.8870192307692307 0.6766826923076923 0.05048076923076923 0.05048076923076923
0 0.2439903846153846 0.34134615384615385 0.04326923076923077 0.052884615384615384
0 0.421875 0.5829326923076923 0.04326923076923077 0.04567307692307692
0 0.7788461538461539 0.11778846153846154 0.040865384615384616 0.036057692307692304
0 0.7944711538461539 0.15985576923076922 0.05048076923076923 0.057692307692307696