0 0.42788461538461536 0.042067307692307696 0.06009615384615385 0.0673076923076923
0 0.5216346153846154 0.13221153846153846 0.04807692307692308 0.07451923076923077
0 0.7043269230769231 0.17908653846153846 0.07211538461538461 0.08653846153846154
0 0.6021634615384616 0.19110576923076922 0.06490384615384616 0.07932692307692307
0 0.5625 0.0733173076923077 0.055288461538461536 0.0673076923076923
0 0.7163461538461539 0.07451923076923077 0.06971153846153846 0.11538461538461539
0 0.6033653846153846 0.4170673076923077 0.040865384615384616 0.11538461538461539
0 0.7692307692307693 0.7235576923076923 0.06490384615384616 0.0625
0 0.7079326923076923 0.8088942307692307 0.06971153846153846 0.06009615384615385
0 0.6610576923076923 0.9591346153846154 0.0625 0.08173076923076923
0 0.5757211538461539 0.9711538461538461 0.055288461538461536 0.04807692307692308
0 0.5408653846153846 0.953125 0.055288461538461536 0.0673076923076923
0 0.4338942307692308 0.9747596153846154 0.038461538461538464 0.04567307692307692
0 0.4170673076923077 0.8641826923076923 0.036057692307692304 0.06009615384615385
0 0.15504807692307693 0.9326923076923077 0.04807692307692308 0.07932692307692307
0 0.1045673076923077 0.9567307692307693 0.055288461538461536 0.02403846153846154
0 0.018028846153846152 0.8521634615384616 0.036057692307692304 0.0889423076923077
0 0.040865384615384616 0.5865384615384616 0.0673076923076923 0.08653846153846154
0 0.016826923076923076 0.4543269230769231 0.03365384615384615 0.07692307692307693
0 0.14783653846153846 0.6598557692307693 0.055288461538461536 0.08173076923076923
0 0.27403846153846156 0.2860576923076923 0.052884615384615384 0.0985576923076923
0 0.47475961538461536 0.5600961538461539 0.055288461538461536 0.09134615384615384
0 0.9771634615384616 0.14783653846153846 0.04567307692307692 0.07932692307692307
0 0.9951923076923077 0.0625 0.009615384615384616 0.04326923076923077
0 0.20072115384615385 0.23197115384615385 0.04567307692307692 0.08173076923076923