0 0.16466346153846154 0.27283653846153844 0.09134615384615384 0.07692307692307693
0 0.14543269230769232 0.34615384615384615 0.10096153846153846 0.10576923076923077
0 0.055288461538461536 0.36538461538461536 0.08173076923076923 0.08413461538461539
0 0.46153846153846156 0.23317307692307693 0.0673076923076923 0.07211538461538461
0 0.6334134615384616 0.09014423076923077 0.07211538461538461 0.10096153846153846
0 0.7512019230769231 0.13581730769230768 0.0625 0.06971153846153846
0 0.8629807692307693 0.078125 0.052884615384615384 0.07932692307692307
0 0.7283653846153846 0.33533653846153844 0.07692307692307693 0.07692307692307693
0 0.8028846153846154 0.23677884615384615 0.08413461538461539 0.0889423076923077
0 0.8040865384615384 0.4182692307692308 0.09134615384615384 0.09134615384615384
0 0.9663461538461539 0.5360576923076923 0.0673076923076923 0.0673076923076923