0 0.6081730769230769 0.7980769230769231 0.06009615384615385 0.06971153846153846
0 0.6766826923076923 0.796875 0.052884615384615384 0.08413461538461539
0 0.8786057692307693 0.7283653846153846 0.0673076923076923 0.07692307692307693
0 0.9086538461538461 0.8209134615384616 0.06971153846153846 0.07692307692307693
0 0.9783653846153846 0.7355769230769231 0.04326923076923077 0.08173076923076923
0 0.9266826923076923 0.6370192307692307 0.05048076923076923 0.052884615384615384
0 0.8798076923076923 0.1622596153846154 0.05048076923076923 0.05048076923076923
0 0.6778846153846154 0.2692307692307692 0.052884615384615384 0.05048076923076923
0 0.6814903846153846 0.31490384615384615 0.038461538461538464 0.057692307692307696
0 0.6189903846153846 0.2620192307692308 0.04807692307692308 0.06490384615384616
0 0.7199519230769231 0.2644230769230769 0.057692307692307696 0.0673076923076923
0 0.41947115384615385 0.25600961538461536 0.055288461538461536 0.07932692307692307
0 0.28725961538461536 0.4326923076923077 0.057692307692307696 0.06490384615384616
0 0.2548076923076923 0.6298076923076923 0.07451923076923077 0.08413461538461539
0 0.515625 0.9290865384615384 0.052884615384615384 0.08173076923076923
0 0.9026442307692307 0.20552884615384615 0.04567307692307692 0.040865384615384616
0 0.9098557692307693 0.36538461538461536 0.04807692307692308 0.055288461538461536