0 0.5396634615384616 0.36177884615384615 0.07692307692307693 0.09134615384615384
0 0.4639423076923077 0.4050480769230769 0.057692307692307696 0.06490384615384616
0 0.390625 0.5384615384615384 0.04807692307692308 0.055288461538461536
0 0.20673076923076922 0.3870192307692308 0.04807692307692308 0.057692307692307696
0 0.0733173076923077 0.35096153846153844 0.057692307692307696 0.057692307692307696
0 0.17427884615384615 0.6610576923076923 0.06009615384615385 0.07211538461538461
0 0.35336538461538464 0.7295673076923077 0.057692307692307696 0.07692307692307693
0 0.6081730769230769 0.5552884615384616 0.04807692307692308 0.055288461538461536
0 0.7584134615384616 0.3713942307692308 0.04567307692307692 0.055288461538461536
0 0.5060096153846154 0.8954326923076923 0.05048076923076923 0.07692307692307693
0 0.38461538461538464 0.8605769230769231 0.040865384615384616 0.04326923076923077
0 0.3605769230769231 0.8737980769230769 0.03125 0.04807692307692308