0 0.7752403846153846 0.6394230769230769 0.057692307692307696 0.0625
0 0.7283653846153846 0.9146634615384616 0.040865384615384616 0.04326923076923077
0 0.5504807692307693 0.6766826923076923 0.0625 0.0673076923076923
0 0.5060096153846154 0.6382211538461539 0.04807692307692308 0.052884615384615384
0 0.6286057692307693 0.5817307692307693 0.04807692307692308 0.05048076923076923
0 0.6887019230769231 0.7019230769230769 0.04326923076923077 0.04567307692307692
0 0.5012019230769231 0.33653846153846156 0.052884615384615384 0.0625
0 0.3713942307692308 0.31009615384615385 0.05048076923076923 0.052884615384615384
0 0.34615384615384615 0.3269230769230769 0.04567307692307692 0.04807692307692308
0 0.44350961538461536 0.6165865384615384 0.04807692307692308 0.057692307692307696
0 0.42908653846153844 0.5625 0.03365384615384615 0.036057692307692304
0 0.4423076923076923 0.8353365384615384 0.04807692307692308 0.052884615384615384
0 0.7596153846153846 0.8918269230769231 0.038461538461538464 0.040865384615384616
0 0.7091346153846154 0.8533653846153846 0.040865384615384616 0.04326923076923077
0 0.7584134615384616 0.8329326923076923 0.04567307692307692 0.04807692307692308
0 0.8221153846153846 0.8185096153846154 0.04326923076923077 0.04807692307692308
0 0.8161057692307693 0.84375 0.038461538461538464 0.04326923076923077
0 0.78125 0.7884615384615384 0.04567307692307692 0.052884615384615384
0 0.59375 0.1466346153846154 0.055288461538461536 0.055288461538461536
0 0.7391826923076923 0.1622596153846154 0.06009615384615385 0.0673076923076923
0 0.265625 0.8858173076923077 0.06971153846153846 0.07692307692307693
0 0.23317307692307693 0.8317307692307693 0.05048076923076923 0.052884615384615384
0 0.1935096153846154 0.8858173076923077 0.06009615384615385 0.06490384615384616
0 0.14783653846153846 0.8257211538461539 0.04567307692307692 0.05048076923076923
0 0.8149038461538461 0.2824519230769231 0.055288461538461536 0.0625
0 0.7668269230769231 0.25240384615384615 0.038461538461538464 0.04326923076923077
0 0.8413461538461539 0.19951923076923078 0.057692307692307696 0.06971153846153846
0 0.65625 0.39783653846153844 0.04807692307692308 0.057692307692307696
0 0.7391826923076923 0.4423076923076923 0.055288461538461536 0.06490384615384616
0 0.7572115384615384 0.4795673076923077 0.03365384615384615 0.03365384615384615
0 0.8245192307692307 0.5516826923076923 0.057692307692307696 0.0673076923076923
0 0.7379807692307693 0.5252403846153846 0.036057692307692304 0.038461538461538464
0 0.7199519230769231 0.5721153846153846 0.04326923076923077 0.04807692307692308
0 0.7331730769230769 0.6322115384615384 0.03365384615384615 0.03365384615384615
0 0.5216346153846154 0.2860576923076923 0.04567307692307692 0.055288461538461536
0 0.5252403846153846 0.18269230769230768 0.04807692307692308 0.052884615384615384
0 0.5228365384615384 0.10576923076923077 0.04807692307692308 0.05048076923076923
0 0.4567307692307692 0.11177884615384616 0.052884615384615384 0.057692307692307696
0 0.4495192307692308 0.07451923076923077 0.055288461538461536 0.06490384615384616
0 0.47596153846153844 0.15985576923076922 0.06009615384615385 0.06490384615384616
0 0.41466346153846156 0.2704326923076923 0.052884615384615384 0.06009615384615385
0 0.36658653846153844 0.3894230769230769 0.055288461538461536 0.06009615384615385
0 0.5661057692307693 0.5036057692307693 0.052884615384615384 0.06009615384615385
0 0.3918269230769231 0.34375 0.04807692307692308 0.05048076923076923
0 0.31009615384615385 0.8449519230769231 0.04807692307692308 0.057692307692307696
0 0.8161057692307693 0.6430288461538461 0.03125 0.03125
0 0.8149038461538461 0.625 0.036057692307692304 0.040865384615384616
0 0.5036057692307693 0.17908653846153846 0.038461538461538464 0.040865384615384616