0 0.5144230769230769 0.6358173076923077 0.037259615384615384 0.06490384615384616
0 0.6153846153846154 0.5817307692307693 0.039663461538461536 0.08533653846153846
0 0.8040865384615384 0.6622596153846154 0.04326923076923077 0.06129807692307692
0 0.8725961538461539 0.0625 0.046875 0.055288461538461536
0 0.41225961538461536 0.140625 0.039663461538461536 0.056490384615384616
0 0.8173076923076923 0.3605769230769231 0.056490384615384616 0.06610576923076923
0 0.8209134615384616 0.7908653846153846 0.06129807692307692 0.0829326923076923
0 0.35096153846153844 0.7548076923076923 0.038461538461538464 0.052884615384615384
0 0.8689903846153846 0.5588942307692307 0.04927884615384615 0.052884615384615384
0 0.6923076923076923 0.6778846153846154 0.037259615384615384 0.057692307692307696
0 0.9302884615384616 0.9387019230769231 0.025240384615384616 0.036057692307692304