0 0.4206730769230769 0.6153846153846154 0.038461538461538464 0.04807692307692308
0 0.3786057692307692 0.7163461538461539 0.028846153846153848 0.03125
0 0.5180288461538461 0.5504807692307693 0.03125 0.036057692307692304
0 0.7079326923076923 0.5540865384615384 0.040865384615384616 0.04807692307692308
0 0.7151442307692307 0.6237980769230769 0.03365384615384615 0.038461538461538464
0 0.8689903846153846 0.21514423076923078 0.026442307692307692 0.03365384615384615
0 0.8665865384615384 0.17307692307692307 0.028846153846153848 0.040865384615384616
0 0.5264423076923077 0.12139423076923077 0.03125 0.038461538461538464
0 0.37259615384615385 0.20793269230769232 0.04567307692307692 0.04567307692307692
0 0.6971153846153846 0.23317307692307693 0.03365384615384615 0.04807692307692308
0 0.703125 0.19471153846153846 0.026442307692307692 0.03125