0 0.22956730769230768 0.8293269230769231 0.03365384615384615 0.057692307692307696
0 0.2608173076923077 0.7956730769230769 0.028846153846153848 0.052884615384615384
0 0.4254807692307692 0.8100961538461539 0.03125 0.055288461538461536
0 0.47596153846153844 0.7331730769230769 0.036057692307692304 0.052884615384615384
0 0.4987980769230769 0.7944711538461539 0.040865384615384616 0.052884615384615384
0 0.5288461538461539 0.6862980769230769 0.038461538461538464 0.040865384615384616
0 0.49399038461538464 0.6298076923076923 0.052884615384615384 0.040865384615384616
0 0.5817307692307693 0.3173076923076923 0.05048076923076923 0.055288461538461536
0 0.8149038461538461 0.7536057692307693 0.036057692307692304 0.06009615384615385
0 0.7944711538461539 0.7908653846153846 0.038461538461538464 0.040865384615384616
0 0.3425480769230769 0.2776442307692308 0.028846153846153848 0.04807692307692308
0 0.4182692307692308 0.5504807692307693 0.03365384615384615 0.038461538461538464
0 0.8894230769230769 0.2608173076923077 0.03365384615384615 0.026442307692307692
0 0.8882211538461539 0.30288461538461536 0.03365384615384615 0.05048076923076923