0 0.08774038461538461 0.1502403846153846 0.04567307692307692 0.06009615384615385
0 0.36778846153846156 0.057692307692307696 0.05048076923076923 0.06490384615384616
0 0.1310096153846154 0.7692307692307693 0.04807692307692308 0.06009615384615385
0 0.06490384615384616 0.6730769230769231 0.04807692307692308 0.04807692307692308
0 0.125 0.6959134615384616 0.0625 0.06490384615384616
0 0.1778846153846154 0.23076923076923078 0.040865384615384616 0.057692307692307696
0 0.25600961538461536 0.17427884615384615 0.04567307692307692 0.04807692307692308
0 0.057692307692307696 0.4266826923076923 0.06009615384615385 0.0673076923076923
0 0.7644230769230769 0.2439903846153846 0.04807692307692308 0.07451923076923077
0 0.7487980769230769 0.11778846153846154 0.05048076923076923 0.04567307692307692
0 0.8786057692307693 0.7487980769230769 0.04326923076923077 0.07451923076923077
0 0.3918269230769231 0.3016826923076923 0.057692307692307696 0.08173076923076923
0 0.36658653846153844 0.33413461538461536 0.04567307692307692 0.05048076923076923
0 0.8425480769230769 0.039663461538461536 0.04807692307692308 0.057692307692307696
0 0.9314903846153846 0.7355769230769231 0.040865384615384616 0.06490384615384616
0 0.014423076923076924 0.1935096153846154 0.028846153846153848 0.06490384615384616