0 0.05048076923076923 0.3076923076923077 0.057692307692307696 0.11057692307692307
0 0.2668269230769231 0.13942307692307693 0.052884615384615384 0.07932692307692307
0 0.2932692307692308 0.15745192307692307 0.055288461538461536 0.0889423076923077
0 0.28846153846153844 0.30288461538461536 0.06490384615384616 0.09375
0 0.43149038461538464 0.2824519230769231 0.06490384615384616 0.06490384615384616
0 0.4675480769230769 0.30408653846153844 0.0889423076923077 0.0985576923076923
0 0.578125 0.30408653846153844 0.08173076923076923 0.12259615384615384
0 0.47716346153846156 0.3798076923076923 0.06971153846153846 0.06009615384615385
0 0.5444711538461539 0.484375 0.055288461538461536 0.0673076923076923
0 0.6610576923076923 0.13581730769230768 0.08653846153846154 0.07692307692307693
0 0.7403846153846154 0.06490384615384616 0.07451923076923077 0.04326923076923077
0 0.9855769230769231 0.5024038461538461 0.028846153846153848 0.11057692307692307
0 0.9326923076923077 0.5060096153846154 0.055288461538461536 0.0625
0 0.8786057692307693 0.5925480769230769 0.06490384615384616 0.09615384615384616
0 0.8269230769230769 0.5661057692307693 0.057692307692307696 0.06490384615384616
0 0.7632211538461539 0.6057692307692307 0.06009615384615385 0.08173076923076923