0 0.29447115384615385 0.19230769230769232 0.03125 0.04326923076923077
0 0.2764423076923077 0.17427884615384615 0.016826923076923076 0.019230769230769232
0 0.7536057692307693 0.4951923076923077 0.03365384615384615 0.052884615384615384
0 0.7908653846153846 0.5324519230769231 0.036057692307692304 0.040865384615384616
0 0.8004807692307693 0.6274038461538461 0.03125 0.03365384615384615
0 0.78125 0.6634615384615384 0.03365384615384615 0.03365384615384615
0 0.7199519230769231 0.8016826923076923 0.038461538461538464 0.052884615384615384
0 0.7560096153846154 0.796875 0.03125 0.038461538461538464
0 0.5673076923076923 0.7860576923076923 0.03365384615384615 0.04567307692307692
0 0.7692307692307693 0.8557692307692307 0.028846153846153848 0.036057692307692304
0 0.7920673076923077 0.8016826923076923 0.026442307692307692 0.04807692307692308
0 0.9302884615384616 0.796875 0.03125 0.04807692307692308
0 0.5697115384615384 0.6742788461538461 0.021634615384615384 0.026442307692307692
0 0.17668269230769232 0.12620192307692307 0.03125 0.055288461538461536