0 0.4831730769230769 0.07932692307692307 0.08413461538461539 0.0889423076923077
0 0.5637019230769231 0.14543269230769232 0.07692307692307693 0.07692307692307693
0 0.6418269230769231 0.11177884615384616 0.06971153846153846 0.07451923076923077
0 0.7055288461538461 0.1045673076923077 0.07451923076923077 0.07451923076923077
0 0.390625 0.02403846153846154 0.06971153846153846 0.04807692307692308
0 0.6959134615384616 0.4170673076923077 0.06490384615384616 0.0673076923076923
0 0.7379807692307693 0.3954326923076923 0.0673076923076923 0.06971153846153846
0 0.7944711538461539 0.4387019230769231 0.07211538461538461 0.07451923076923077
0 0.7055288461538461 0.6117788461538461 0.07451923076923077 0.07692307692307693
0 0.6310096153846154 0.6814903846153846 0.0673076923076923 0.0673076923076923
0 0.6935096153846154 0.6935096153846154 0.07932692307692307 0.08413461538461539
0 0.6502403846153846 0.796875 0.08653846153846154 0.08653846153846154
0 0.5552884615384616 0.7824519230769231 0.08413461538461539 0.08653846153846154
0 0.9879807692307693 0.3545673076923077 0.02403846153846154 0.07451923076923077