0 0.1935096153846154 0.4579326923076923 0.03125 0.038461538461538464
0 0.31971153846153844 0.45913461538461536 0.038461538461538464 0.04567307692307692
0 0.5132211538461539 0.2283653846153846 0.04807692307692308 0.057692307692307696
0 0.4423076923076923 0.04927884615384615 0.07451923076923077 0.055288461538461536
0 0.6358173076923077 0.39783653846153844 0.03125 0.026442307692307692
0 0.6201923076923077 0.40865384615384615 0.038461538461538464 0.036057692307692304
0 0.05889423076923077 0.5600961538461539 0.055288461538461536 0.04807692307692308
0 0.6706730769230769 0.30288461538461536 0.052884615384615384 0.04326923076923077
0 0.3449519230769231 0.10336538461538461 0.04807692307692308 0.04567307692307692
0 0.4735576923076923 0.3137019230769231 0.0625 0.06490384615384616
0 0.04326923076923077 0.30649038461538464 0.055288461538461536 0.052884615384615384
0 0.04807692307692308 0.25961538461538464 0.06009615384615385 0.052884615384615384
0 0.24158653846153846 0.48677884615384615 0.04567307692307692 0.038461538461538464
0 0.14423076923076922 0.5709134615384616 0.04807692307692308 0.04567307692307692
0 0.4519230769230769 0.8762019230769231 0.0673076923076923 0.055288461538461536
0 0.056490384615384616 0.49399038461538464 0.04326923076923077 0.052884615384615384
0 0.3016826923076923 0.5600961538461539 0.04326923076923077 0.05048076923076923
0 0.6838942307692307 0.36658653846153844 0.052884615384615384 0.055288461538461536
0 0.6790865384615384 0.2536057692307692 0.05048076923076923 0.05048076923076923
0 0.2824519230769231 0.23197115384615385 0.04567307692307692 0.04807692307692308
0 0.49759615384615385 0.11057692307692307 0.052884615384615384 0.057692307692307696
0 0.30408653846153844 0.6526442307692307 0.06971153846153846 0.07932692307692307
0 0.38221153846153844 0.5697115384615384 0.040865384615384616 0.038461538461538464
0 0.7512019230769231 0.026442307692307692 0.08413461538461539 0.052884615384615384