0 0.47115384615384615 0.37740384615384615 0.05048076923076923 0.07091346153846154
0 0.4182692307692308 0.4387019230769231 0.038461538461538464 0.05048076923076923
0 0.39302884615384615 0.5769230769230769 0.03125 0.042067307692307696
0 0.18870192307692307 0.4987980769230769 0.03125 0.04567307692307692
0 0.06129807692307692 0.5084134615384616 0.042067307692307696 0.042067307692307696
0 0.24158653846153846 0.7487980769230769 0.039663461538461536 0.057692307692307696
0 0.41947115384615385 0.7536057692307693 0.03245192307692308 0.06490384615384616
0 0.5877403846153846 0.5252403846153846 0.030048076923076924 0.04326923076923077
0 0.6646634615384616 0.32091346153846156 0.028846153846153848 0.04447115384615385
0 0.6009615384615384 0.8521634615384616 0.026442307692307692 0.06610576923076923
0 0.4855769230769231 0.8581730769230769 0.028846153846153848 0.03245192307692308
0 0.4699519230769231 0.8774038461538461 0.016826923076923076 0.040865384615384616