0 0.6802884615384616 0.18028846153846154 0.06009615384615385 0.07932692307692307
0 0.0985576923076923 0.38100961538461536 0.06490384615384616 0.0673076923076923
0 0.3233173076923077 0.7920673076923077 0.04807692307692308 0.055288461538461536
0 0.5504807692307693 0.75 0.052884615384615384 0.06009615384615385
0 0.45913461538461536 0.18990384615384615 0.055288461538461536 0.0673076923076923
0 0.5192307692307693 0.22716346153846154 0.055288461538461536 0.057692307692307696
0 0.7007211538461539 0.6021634615384616 0.052884615384615384 0.052884615384615384
0 0.08533653846153846 0.5949519230769231 0.038461538461538464 0.038461538461538464
0 0.14783653846153846 0.5793269230769231 0.038461538461538464 0.04567307692307692
0 0.12620192307692307 0.6117788461538461 0.03365384615384615 0.040865384615384616
0 0.25600961538461536 0.12139423076923077 0.06009615384615385 0.08173076923076923
0 0.2776442307692308 0.030048076923076924 0.06490384615384616 0.06009615384615385