0 0.14903846153846154 0.7644230769230769 0.036057692307692304 0.0625
0 0.19110576923076922 0.734375 0.03125 0.057692307692307696
0 0.3641826923076923 0.7920673076923077 0.03125 0.06009615384615385
0 0.4375 0.7211538461538461 0.038461538461538464 0.057692307692307696
0 0.44591346153846156 0.7920673076923077 0.04567307692307692 0.057692307692307696
0 0.5048076923076923 0.6850961538461539 0.040865384615384616 0.04567307692307692
0 0.4807692307692308 0.6165865384615384 0.057692307692307696 0.04326923076923077
0 0.6514423076923077 0.30408653846153844 0.055288461538461536 0.06009615384615385
0 0.7920673076923077 0.8257211538461539 0.038461538461538464 0.06490384615384616
0 0.7620192307692307 0.8605769230769231 0.040865384615384616 0.04326923076923077
0 0.40625 0.20432692307692307 0.028846153846153848 0.05048076923076923
0 0.41947115384615385 0.5108173076923077 0.036057692307692304 0.040865384615384616
0 0.9855769230769231 0.32091346153846156 0.028846153846153848 0.026442307692307692
0 0.9807692307692307 0.36538461538461536 0.036057692307692304 0.052884615384615384