0 0.32211538461538464 0.6322115384615384 0.055288461538461536 0.06009615384615385
0 0.23197115384615385 0.7115384615384616 0.040865384615384616 0.040865384615384616
0 0.4519230769230769 0.6141826923076923 0.04567307692307692 0.04807692307692308
0 0.6370192307692307 0.7103365384615384 0.06009615384615385 0.0625
0 0.6105769230769231 0.7824519230769231 0.05048076923076923 0.052884615384615384
0 0.9603365384615384 0.45072115384615385 0.038461538461538464 0.04326923076923077
0 0.9783653846153846 0.4074519230769231 0.04326923076923077 0.05048076923076923
0 0.6646634615384616 0.1935096153846154 0.04567307692307692 0.04807692307692308
0 0.4723557692307692 0.20552884615384615 0.0625 0.0625
0 0.78125 0.3858173076923077 0.052884615384615384 0.057692307692307696
0 0.8064903846153846 0.35096153846153844 0.040865384615384616 0.040865384615384616