0 0.47475961538461536 0.09975961538461539 0.052884615384615384 0.08173076923076923
0 0.10096153846153846 0.6322115384615384 0.06490384615384616 0.0673076923076923
0 0.5492788461538461 0.8461538461538461 0.04567307692307692 0.055288461538461536
0 0.7163461538461539 0.6694711538461539 0.04807692307692308 0.06009615384615385
0 0.29086538461538464 0.24759615384615385 0.05048076923076923 0.06971153846153846
0 0.36658653846153844 0.24158653846153846 0.052884615384615384 0.055288461538461536
0 0.7548076923076923 0.4483173076923077 0.05048076923076923 0.05048076923076923
0 0.22235576923076922 0.8269230769230769 0.036057692307692304 0.036057692307692304
0 0.265625 0.7740384615384616 0.036057692307692304 0.04567307692307692
0 0.26802884615384615 0.8149038461538461 0.03125 0.040865384615384616
0 0.0733173076923077 0.3137019230769231 0.052884615384615384 0.08653846153846154
0 0.03245192307692308 0.21514423076923078 0.06009615384615385 0.07451923076923077