0 0.7379807692307693 0.4795673076923077 0.07932692307692307 0.07692307692307693
0 0.7175480769230769 0.5625 0.0673076923076923 0.06490384615384616
0 0.7223557692307693 0.078125 0.07211538461538461 0.06971153846153846
0 0.8521634615384616 0.2800480769230769 0.06009615384615385 0.06490384615384616
0 0.8353365384615384 0.4495192307692308 0.07692307692307693 0.07692307692307693
0 0.6298076923076923 0.3737980769230769 0.07451923076923077 0.07932692307692307
0 0.33052884615384615 0.40384615384615385 0.0625 0.057692307692307696
0 0.27884615384615385 0.5024038461538461 0.07211538461538461 0.07211538461538461
0 0.3870192307692308 0.5048076923076923 0.0889423076923077 0.08653846153846154
0 0.46153846153846156 0.546875 0.07211538461538461 0.07211538461538461
0 0.41346153846153844 0.6153846153846154 0.08173076923076923 0.07932692307692307
0 0.2283653846153846 0.21634615384615385 0.07451923076923077 0.07211538461538461
0 0.23677884615384615 0.43149038461538464 0.09375 0.09134615384615384
0 0.7151442307692307 0.6225961538461539 0.11057692307692307 0.10817307692307693
0 0.9194711538461539 0.49038461538461536 0.07451923076923077 0.07451923076923077
0 0.3858173076923077 0.41947115384615385 0.08413461538461539 0.07451923076923077
0 0.28966346153846156 0.7379807692307693 0.10096153846153846 0.0985576923076923
0 0.8677884615384616 0.5360576923076923 0.057692307692307696 0.057692307692307696
0 0.8641826923076923 0.6418269230769231 0.08173076923076923 0.08413461538461539
0 0.1971153846153846 0.5372596153846154 0.055288461538461536 0.055288461538461536
0 0.22235576923076922 0.5673076923076923 0.0625 0.0625