0 0.7379807692307693 0.47115384615384615 0.027644230769230768 0.052884615384615384
0 0.46274038461538464 0.5612980769230769 0.03365384615384615 0.07692307692307693
0 0.42908653846153844 0.6574519230769231 0.018028846153846152 0.06610576923076923
0 0.7451923076923077 0.5372596153846154 0.038461538461538464 0.057692307692307696
0 0.5961538461538461 0.5012019230769231 0.025240384615384616 0.052884615384615384
0 0.5444711538461539 0.4891826923076923 0.028846153846153848 0.04807692307692308
0 0.45552884615384615 0.4206730769230769 0.04927884615384615 0.046875
0 0.3245192307692308 0.30288461538461536 0.02283653846153846 0.03485576923076923
0 0.8353365384615384 0.09975961538461539 0.027644230769230768 0.020432692307692308
0 0.37740384615384615 0.16346153846153846 0.03485576923076923 0.05889423076923077
0 0.5108173076923077 0.06129807692307692 0.03245192307692308 0.055288461538461536
0 0.6550480769230769 0.11658653846153846 0.020432692307692308 0.05889423076923077
0 0.6875 0.125 0.020432692307692308 0.038461538461538464
0 0.6802884615384616 0.1622596153846154 0.019230769230769232 0.06370192307692307
0 0.71875 0.12379807692307693 0.025240384615384616 0.046875