0 0.6971153846153846 0.6237980769230769 0.055288461538461536 0.052884615384615384
0 0.6346153846153846 0.6754807692307693 0.052884615384615384 0.039663461538461536
0 0.9146634615384616 0.29927884615384615 0.052884615384615384 0.046875
0 0.9014423076923077 0.53125 0.03485576923076923 0.052884615384615384
0 0.7908653846153846 0.6550480769230769 0.052884615384615384 0.052884615384615384
0 0.6730769230769231 0.47716346153846156 0.04447115384615385 0.06129807692307692
0 0.4206730769230769 0.3317307692307692 0.04927884615384615 0.03365384615384615
0 0.3245192307692308 0.3786057692307692 0.04807692307692308 0.051682692307692304
0 0.40865384615384615 0.4423076923076923 0.06490384615384616 0.056490384615384616
0 0.4423076923076923 0.5180288461538461 0.04807692307692308 0.05048076923076923
0 0.36538461538461536 0.5432692307692307 0.06370192307692307 0.05048076923076923
0 0.44711538461538464 0.12620192307692307 0.056490384615384616 0.04567307692307692
0 0.3317307692307692 0.29927884615384615 0.07211538461538461 0.057692307692307696
0 0.5985576923076923 0.7223557692307693 0.07692307692307693 0.07451923076923077
0 0.8341346153846154 0.7355769230769231 0.051682692307692304 0.05048076923076923
0 0.8978365384615384 0.8209134615384616 0.042067307692307696 0.04326923076923077
0 0.45552884615384615 0.375 0.0733173076923077 0.037259615384615384
0 0.19831730769230768 0.5697115384615384 0.07451923076923077 0.06370192307692307
0 0.7680288461538461 0.7415865384615384 0.04326923076923077 0.037259615384615384
0 0.7043269230769231 0.8221153846153846 0.052884615384615384 0.0625
0 0.2403846153846154 0.3605769230769231 0.036057692307692304 0.040865384615384616
0 0.24278846153846154 0.39783653846153844 0.04447115384615385 0.042067307692307696