0 0.5204326923076923 0.6370192307692307 0.03125 0.038461538461538464
0 0.5408653846153846 0.6875 0.02403846153846154 0.030048076923076924
0 0.5997596153846154 0.9110576923076923 0.02283653846153846 0.055288461538461536
0 0.8052884615384616 0.7319711538461539 0.026442307692307692 0.036057692307692304
0 0.5216346153846154 0.38341346153846156 0.04447115384615385 0.042067307692307696
0 0.15264423076923078 0.5360576923076923 0.042067307692307696 0.04807692307692308
0 0.43509615384615385 0.3786057692307692 0.03245192307692308 0.039663461538461536
0 0.8245192307692307 0.47475961538461536 0.030048076923076924 0.06009615384615385
0 0.46875 0.15625 0.03485576923076923 0.051682692307692304
0 0.9423076923076923 0.6658653846153846 0.025240384615384616 0.06490384615384616
0 0.8774038461538461 0.6430288461538461 0.030048076923076924 0.040865384615384616
0 0.8810096153846154 0.6899038461538461 0.026442307692307692 0.04927884615384615
0 0.8305288461538461 0.8028846153846154 0.036057692307692304 0.042067307692307696
0 0.7379807692307693 0.47475961538461536 0.025240384615384616 0.03125
0 0.7644230769230769 0.5216346153846154 0.025240384615384616 0.051682692307692304
0 0.7980769230769231 0.5036057692307693 0.02283653846153846 0.06850961538461539
0 0.7439903846153846 0.6177884615384616 0.027644230769230768 0.042067307692307696
0 0.8413461538461539 0.6514423076923077 0.02283653846153846 0.052884615384615384
0 0.8365384615384616 0.7055288461538461 0.039663461538461536 0.05048076923076923
0 0.6274038461538461 0.6826923076923077 0.025240384615384616 0.046875
0 0.5901442307692307 0.6706730769230769 0.026442307692307692 0.039663461538461536
0 0.6730769230769231 0.5348557692307693 0.027644230769230768 0.052884615384615384
0 0.6418269230769231 0.34134615384615385 0.027644230769230768 0.039663461538461536
0 0.5396634615384616 0.265625 0.027644230769230768 0.037259615384615384
0 0.5180288461538461 0.31971153846153844 0.028846153846153848 0.052884615384615384
0 0.45072115384615385 0.23798076923076922 0.026442307692307692 0.06009615384615385
0 0.42788461538461536 0.20192307692307693 0.020432692307692308 0.04927884615384615
0 0.4110576923076923 0.16706730769230768 0.02403846153846154 0.04447115384615385
0 0.4014423076923077 0.24158653846153846 0.020432692307692308 0.052884615384615384
0 0.3473557692307692 0.2704326923076923 0.028846153846153848 0.040865384615384616
0 0.4987980769230769 0.15504807692307693 0.020432692307692308 0.04807692307692308
0 0.5216346153846154 0.15144230769230768 0.019230769230769232 0.05889423076923077
0 0.6430288461538461 0.06009615384615385 0.02403846153846154 0.051682692307692304
0 0.6826923076923077 0.1201923076923077 0.02283653846153846 0.052884615384615384
0 0.7271634615384616 0.125 0.018028846153846152 0.039663461538461536
0 0.7259615384615384 0.16346153846153846 0.020432692307692308 0.037259615384615384
0 0.7199519230769231 0.03485576923076923 0.025240384615384616 0.04807692307692308
0 0.7992788461538461 0.36658653846153844 0.025240384615384616 0.057692307692307696
0 0.7379807692307693 0.4110576923076923 0.026442307692307692 0.03125
0 0.47596153846153844 0.23076923076923078 0.018028846153846152 0.046875
0 0.4951923076923077 0.21033653846153846 0.028846153846153848 0.039663461538461536