0 0.16105769230769232 0.4338942307692308 0.03125 0.038461538461538464
0 0.28846153846153844 0.45072115384615385 0.036057692307692304 0.04567307692307692
0 0.5132211538461539 0.24158653846153846 0.04567307692307692 0.057692307692307696
0 0.46274038461538464 0.052884615384615384 0.07692307692307693 0.04807692307692308
0 0.6153846153846154 0.42788461538461536 0.03125 0.026442307692307692
0 0.5973557692307693 0.4362980769230769 0.036057692307692304 0.03365384615384615
0 0.019230769230769232 0.5204326923076923 0.038461538461538464 0.04567307692307692
0 0.7512019230769231 0.01201923076923077 0.05048076923076923 0.02403846153846154
0 0.9471153846153846 0.3137019230769231 0.040865384615384616 0.038461538461538464
0 0.6610576923076923 0.33653846153846156 0.05048076923076923 0.040865384615384616
0 0.3581730769230769 0.09495192307692307 0.04807692307692308 0.04326923076923077
0 0.46033653846153844 0.3233173076923077 0.057692307692307696 0.0625
0 0.027644230769230768 0.2620192307692308 0.052884615384615384 0.04807692307692308
0 0.038461538461538464 0.21514423076923078 0.057692307692307696 0.05048076923076923
0 0.20552884615384615 0.46875 0.04567307692307692 0.036057692307692304
0 0.09735576923076923 0.5408653846153846 0.04567307692307692 0.04567307692307692
0 0.3713942307692308 0.8894230769230769 0.0673076923076923 0.052884615384615384
0 0.018028846153846152 0.4543269230769231 0.036057692307692304 0.052884615384615384
0 0.25841346153846156 0.5504807692307693 0.040865384615384616 0.052884615384615384
0 0.6670673076923077 0.4014423076923077 0.04807692307692308 0.052884615384615384
0 0.6778846153846154 0.28725961538461536 0.04807692307692308 0.04807692307692308
0 0.27884615384615385 0.21634615384615385 0.04326923076923077 0.04807692307692308
0 0.5108173076923077 0.12139423076923077 0.04807692307692308 0.057692307692307696
0 0.24879807692307693 0.6442307692307693 0.06490384615384616 0.07932692307692307
0 0.3389423076923077 0.5697115384615384 0.040865384615384616 0.036057692307692304
0 0.7800480769230769 0.05048076923076923 0.07932692307692307 0.0889423076923077