0 0.3317307692307692 0.3894230769230769 0.12740384615384615 0.12740384615384615
0 0.2283653846153846 0.3918269230769231 0.11538461538461539 0.11538461538461539
0 0.8076923076923077 0.8509615384615384 0.08413461538461539 0.08173076923076923
0 0.3473557692307692 0.9110576923076923 0.13942307692307693 0.13942307692307693
0 0.6262019230769231 0.27403846153846156 0.07932692307692307 0.07932692307692307
0 0.38100961538461536 0.09495192307692307 0.07932692307692307 0.07932692307692307
0 0.5216346153846154 0.021634615384615384 0.11057692307692307 0.04326923076923077
0 0.6225961538461539 0.078125 0.08413461538461539 0.08173076923076923
0 0.6862980769230769 0.9651442307692307 0.10817307692307693 0.06971153846153846
0 0.028846153846153848 0.32572115384615385 0.057692307692307696 0.08413461538461539
0 0.6995192307692307 0.040865384615384616 0.08653846153846154 0.08173076923076923
0 0.0829326923076923 0.40625 0.13942307692307693 0.14182692307692307