0 0.109375 0.31850961538461536 0.0889423076923077 0.10817307692307693
0 0.18870192307692307 0.3137019230769231 0.08653846153846154 0.11298076923076923
0 0.3016826923076923 0.5600961538461539 0.09375 0.10096153846153846
0 0.40384615384615385 0.6346153846153846 0.07692307692307693 0.0889423076923077
0 0.3942307692307692 0.765625 0.09375 0.11057692307692307
0 0.484375 0.5 0.08413461538461539 0.08653846153846154
0 0.6213942307692307 0.48197115384615385 0.08173076923076923 0.09375
0 0.6754807692307693 0.3233173076923077 0.09134615384615384 0.09615384615384616
0 0.7512019230769231 0.08533653846153846 0.06490384615384616 0.055288461538461536
0 0.8882211538461539 0.3016826923076923 0.08653846153846154 0.10336538461538461
0 0.890625 0.3701923076923077 0.0889423076923077 0.10817307692307693
0 0.7524038461538461 0.984375 0.09134615384615384 0.03125
0 0.5673076923076923 0.8137019230769231 0.08413461538461539 0.10336538461538461
0 0.9855769230769231 0.5408653846153846 0.028846153846153848 0.09134615384615384
0 0.09134615384615384 0.6009615384615384 0.07211538461538461 0.08173076923076923
0 0.13822115384615385 0.45072115384615385 0.057692307692307696 0.0625