0 0.19471153846153846 0.49278846153846156 0.057692307692307696 0.06490384615384616
0 0.23677884615384615 0.625 0.04326923076923077 0.040865384615384616
0 0.24519230769230768 0.5528846153846154 0.055288461538461536 0.06490384615384616
0 0.28966346153846156 0.5084134615384616 0.055288461538461536 0.06490384615384616
0 0.09375 0.30528846153846156 0.0625 0.0625
0 0.13341346153846154 0.31490384615384615 0.057692307692307696 0.055288461538461536
0 0.40384615384615385 0.4831730769230769 0.06009615384615385 0.07692307692307693
0 0.453125 0.3713942307692308 0.05048076923076923 0.0625
0 0.36899038461538464 0.5492788461538461 0.052884615384615384 0.057692307692307696
0 0.5096153846153846 0.5769230769230769 0.052884615384615384 0.05048076923076923
0 0.3317307692307692 0.7067307692307693 0.055288461538461536 0.052884615384615384
0 0.7692307692307693 0.42908653846153844 0.06971153846153846 0.08413461538461539
0 0.7367788461538461 0.3401442307692308 0.055288461538461536 0.052884615384615384
0 0.7944711538461539 0.27524038461538464 0.052884615384615384 0.057692307692307696
0 0.7067307692307693 0.1466346153846154 0.04326923076923077 0.04326923076923077
0 0.9411057692307693 0.7668269230769231 0.04567307692307692 0.052884615384615384
0 0.9747596153846154 0.7415865384615384 0.05048076923076923 0.06971153846153846
0 0.5829326923076923 0.7019230769230769 0.057692307692307696 0.06971153846153846
0 0.4254807692307692 0.8689903846153846 0.06490384615384616 0.0625
0 0.3786057692307692 0.8653846153846154 0.05048076923076923 0.05048076923076923
0 0.43990384615384615 0.9098557692307693 0.057692307692307696 0.057692307692307696