0 0.4699519230769231 0.25600961538461536 0.07211538461538461 0.10576923076923077
0 0.5180288461538461 0.2980769230769231 0.04807692307692308 0.07211538461538461
0 0.5540865384615384 0.3161057692307692 0.057692307692307696 0.06971153846153846
0 0.421875 0.3762019230769231 0.057692307692307696 0.07932692307692307
0 0.36899038461538464 0.2620192307692308 0.06009615384615385 0.08173076923076923
0 0.38341346153846156 0.3449519230769231 0.05048076923076923 0.06971153846153846
0 0.32211538461538464 0.33774038461538464 0.057692307692307696 0.0985576923076923
0 0.11057692307692307 0.44350961538461536 0.05048076923076923 0.08653846153846154
0 0.24278846153846154 0.5288461538461539 0.055288461538461536 0.06971153846153846
0 0.16105769230769232 0.6129807692307693 0.057692307692307696 0.057692307692307696
0 0.11899038461538461 0.6346153846153846 0.055288461538461536 0.06009615384615385
0 0.19230769230769232 0.6490384615384616 0.052884615384615384 0.07211538461538461
0 0.13701923076923078 0.7295673076923077 0.07211538461538461 0.06971153846153846
0 0.22355769230769232 0.8810096153846154 0.055288461538461536 0.08173076923076923
0 0.15625 0.8894230769230769 0.052884615384615384 0.05048076923076923
0 0.3942307692307692 0.9122596153846154 0.07211538461538461 0.0889423076923077
0 0.5649038461538461 0.734375 0.0625 0.07692307692307693
0 0.6021634615384616 0.6706730769230769 0.05048076923076923 0.04326923076923077
0 0.7896634615384616 0.4951923076923077 0.06490384615384616 0.11298076923076923
0 0.7848557692307693 0.3317307692307692 0.08653846153846154 0.10336538461538461
0 0.9146634615384616 0.39783653846153844 0.057692307692307696 0.07932692307692307
0 0.8461538461538461 0.5372596153846154 0.04326923076923077 0.07451923076923077
0 0.6610576923076923 0.7956730769230769 0.04567307692307692 0.07211538461538461
0 0.6935096153846154 0.8605769230769231 0.03365384615384615 0.038461538461538464
0 0.75 0.953125 0.055288461538461536 0.07932692307692307
0 0.6358173076923077 0.9471153846153846 0.052884615384615384 0.0673076923076923
0 0.6646634615384616 0.9759615384615384 0.05048076923076923 0.04807692307692308
0 0.5901442307692307 0.9939903846153846 0.06490384615384616 0.01201923076923077
0 0.3581730769230769 0.6334134615384616 0.055288461538461536 0.0673076923076923
0 0.40865384615384615 0.546875 0.052884615384615384 0.07211538461538461
0 0.45072115384615385 0.38822115384615385 0.052884615384615384 0.07932692307692307
0 0.1935096153846154 0.27403846153846156 0.07211538461538461 0.07211538461538461