0 0.13942307692307693 0.5204326923076923 0.040865384615384616 0.04807692307692308
0 0.12620192307692307 0.46153846153846156 0.03365384615384615 0.04567307692307692
0 0.19591346153846154 0.5012019230769231 0.026442307692307692 0.040865384615384616
0 0.16826923076923078 0.6706730769230769 0.04567307692307692 0.055288461538461536
0 0.09615384615384616 0.26802884615384615 0.040865384615384616 0.0625
0 0.12980769230769232 0.30649038461538464 0.038461538461538464 0.055288461538461536
0 0.29086538461538464 0.5072115384615384 0.028846153846153848 0.057692307692307696
0 0.6069711538461539 0.49038461538461536 0.05048076923076923 0.052884615384615384
0 0.6670673076923077 0.4543269230769231 0.03125 0.04567307692307692
0 0.6045673076923077 0.5685096153846154 0.028846153846153848 0.055288461538461536
0 0.6442307692307693 0.8810096153846154 0.028846153846153848 0.052884615384615384
0 0.6790865384615384 0.8762019230769231 0.03125 0.04807692307692308
0 0.15384615384615385 0.8076923076923077 0.04807692307692308 0.04807692307692308
0 0.1971153846153846 0.875 0.036057692307692304 0.04567307692307692
0 0.19471153846153846 0.8257211538461539 0.036057692307692304 0.04567307692307692
0 0.37259615384615385 0.734375 0.028846153846153848 0.04326923076923077
0 0.36899038461538464 0.5853365384615384 0.03365384615384615 0.057692307692307696
0 0.359375 0.609375 0.03125 0.038461538461538464
0 0.36778846153846156 0.43028846153846156 0.02403846153846154 0.036057692307692304
0 0.24278846153846154 0.546875 0.028846153846153848 0.057692307692307696
0 0.11899038461538461 0.5721153846153846 0.04326923076923077 0.057692307692307696
0 0.203125 0.28725961538461536 0.04567307692307692 0.052884615384615384