0 0.1141826923076923 0.038461538461538464 0.039663461538461536 0.04567307692307692
0 0.2091346153846154 0.12259615384615384 0.03245192307692308 0.04807692307692308
0 0.47716346153846156 0.10096153846153846 0.03485576923076923 0.051682692307692304
0 0.109375 0.6802884615384616 0.03125 0.04927884615384615
0 0.07211538461538461 0.5805288461538461 0.036057692307692304 0.036057692307692304
0 0.12139423076923077 0.6141826923076923 0.04807692307692308 0.05048076923076923
0 0.2704326923076923 0.21394230769230768 0.026442307692307692 0.04807692307692308
0 0.35216346153846156 0.17908653846153846 0.03245192307692308 0.037259615384615384
0 0.12139423076923077 0.3605769230769231 0.04447115384615385 0.052884615384615384
0 0.07091346153846154 0.2091346153846154 0.037259615384615384 0.04567307692307692
0 0.7884615384615384 0.3557692307692308 0.030048076923076924 0.06129807692307692
0 0.8028846153846154 0.2403846153846154 0.038461538461538464 0.03485576923076923
0 0.7788461538461539 0.828125 0.025240384615384616 0.06490384615384616
0 0.8918269230769231 0.9579326923076923 0.02403846153846154 0.03485576923076923
0 0.44591346153846156 0.3233173076923077 0.037259615384615384 0.06850961538461539
0 0.41586538461538464 0.3473557692307692 0.03485576923076923 0.038461538461538464
0 0.9038461538461539 0.18990384615384615 0.03365384615384615 0.04447115384615385
0 0.8293269230769231 0.828125 0.025240384615384616 0.055288461538461536
0 0.12860576923076922 0.14302884615384615 0.026442307692307692 0.054086538461538464