0 0.4423076923076923 0.6009615384615384 0.0625 0.06490384615384616
0 0.1466346153846154 0.7103365384615384 0.0625 0.0673076923076923
0 0.5144230769230769 0.8449519230769231 0.04807692307692308 0.052884615384615384
0 0.7512019230769231 0.7043269230769231 0.05048076923076923 0.06490384615384616
0 0.5757211538461539 0.5384615384615384 0.04326923076923077 0.052884615384615384
0 0.5348557692307693 0.6262019230769231 0.06009615384615385 0.06009615384615385
0 0.25841346153846156 0.3762019230769231 0.04807692307692308 0.05048076923076923
0 0.359375 0.7223557692307693 0.04807692307692308 0.057692307692307696
0 0.3269230769230769 0.5144230769230769 0.036057692307692304 0.04326923076923077
0 0.1971153846153846 0.6117788461538461 0.040865384615384616 0.05048076923076923
0 0.3894230769230769 0.36899038461538464 0.06009615384615385 0.07211538461538461