0 0.3737980769230769 0.6213942307692307 0.055288461538461536 0.057692307692307696
0 0.21754807692307693 0.6778846153846154 0.04567307692307692 0.04807692307692308
0 0.15865384615384615 0.5817307692307693 0.052884615384615384 0.057692307692307696
0 0.2668269230769231 0.7079326923076923 0.055288461538461536 0.06009615384615385
0 0.2668269230769231 0.7632211538461539 0.05048076923076923 0.052884615384615384
0 0.4495192307692308 0.8485576923076923 0.055288461538461536 0.06009615384615385
0 0.7295673076923077 0.31490384615384615 0.07451923076923077 0.07932692307692307
0 0.9134615384615384 0.4735576923076923 0.055288461538461536 0.057692307692307696
0 0.4050480769230769 0.5528846153846154 0.06009615384615385 0.0625
0 0.30649038461538464 0.6370192307692307 0.052884615384615384 0.052884615384615384
0 0.3485576923076923 0.78125 0.06009615384615385 0.06009615384615385
0 0.4098557692307692 0.8786057692307693 0.057692307692307696 0.0625
0 0.47716346153846156 0.8774038461538461 0.06009615384615385 0.0625
0 0.5108173076923077 0.5685096153846154 0.038461538461538464 0.040865384615384616
0 0.5144230769230769 0.5336538461538461 0.04567307692307692 0.04567307692307692
0 0.7391826923076923 0.1658653846153846 0.05048076923076923 0.052884615384615384
0 0.43990384615384615 0.4411057692307692 0.04807692307692308 0.05048076923076923