0 0.3473557692307692 0.028846153846153848 0.055288461538461536 0.057692307692307696
0 0.6286057692307693 0.15985576923076922 0.0625 0.06490384615384616
0 0.3401442307692308 0.11778846153846154 0.04807692307692308 0.05048076923076923
0 0.33533653846153844 0.4495192307692308 0.0673076923076923 0.0673076923076923
0 0.5048076923076923 0.40024038461538464 0.0625 0.07211538461538461
0 0.6358173076923077 0.6189903846153846 0.06971153846153846 0.07451923076923077
0 0.7608173076923077 0.5721153846153846 0.07932692307692307 0.06971153846153846
0 0.23918269230769232 0.23076923076923078 0.08413461538461539 0.07932692307692307
0 0.6670673076923077 0.4254807692307692 0.07692307692307693 0.07451923076923077
0 0.41947115384615385 0.5108173076923077 0.0673076923076923 0.06971153846153846
0 0.328125 0.5733173076923077 0.0889423076923077 0.0985576923076923
0 0.5637019230769231 0.4375 0.0625 0.07211538461538461
0 0.7367788461538461 0.6310096153846154 0.06490384615384616 0.07692307692307693
0 0.8377403846153846 0.578125 0.057692307692307696 0.0625
0 0.8497596153846154 0.19831730769230768 0.07211538461538461 0.07692307692307693
0 0.4326923076923077 0.5913461538461539 0.08413461538461539 0.08173076923076923
0 0.4495192307692308 0.6742788461538461 0.0625 0.07932692307692307
0 0.43028846153846156 0.7139423076923077 0.06971153846153846 0.07692307692307693
0 0.3870192307692308 0.6550480769230769 0.06971153846153846 0.07451923076923077
0 0.32211538461538464 0.7223557692307693 0.08413461538461539 0.11057692307692307
0 0.4723557692307692 0.828125 0.0889423076923077 0.11057692307692307
0 0.6394230769230769 0.7956730769230769 0.07211538461538461 0.0889423076923077
0 0.9603365384615384 0.44350961538461536 0.06490384615384616 0.07451923076923077
0 0.9170673076923077 0.3870192307692308 0.06490384615384616 0.07692307692307693
0 0.5600961538461539 0.16466346153846154 0.057692307692307696 0.07451923076923077
0 0.6201923076923077 0.021634615384615384 0.04807692307692308 0.04326923076923077
0 0.40024038461538464 0.026442307692307692 0.06009615384615385 0.052884615384615384
0 0.21394230769230768 0.06850961538461539 0.07211538461538461 0.08413461538461539