0 0.4098557692307692 0.08413461538461539 0.04807692307692308 0.04567307692307692
0 0.40625 0.03245192307692308 0.052884615384615384 0.055288461538461536
0 0.29447115384615385 0.1971153846153846 0.055288461538461536 0.0625
0 0.2644230769230769 0.27163461538461536 0.040865384615384616 0.04567307692307692
0 0.38822115384615385 0.3786057692307692 0.036057692307692304 0.040865384615384616
0 0.3641826923076923 0.49759615384615385 0.038461538461538464 0.040865384615384616
0 0.17548076923076922 0.39903846153846156 0.05048076923076923 0.057692307692307696
0 0.07572115384615384 0.5480769230769231 0.05048076923076923 0.052884615384615384
0 0.203125 0.2932692307692308 0.04567307692307692 0.04807692307692308
0 0.32572115384615385 0.3629807692307692 0.05048076923076923 0.052884615384615384
0 0.5865384615384616 0.6550480769230769 0.04567307692307692 0.052884615384615384
0 0.04927884615384615 0.5841346153846154 0.05048076923076923 0.052884615384615384
0 0.06129807692307692 0.515625 0.028846153846153848 0.03125
0 0.3233173076923077 0.29086538461538464 0.04326923076923077 0.04807692307692308