0 0.5204326923076923 0.2920673076923077 0.040865384615384616 0.056490384615384616
0 0.45072115384615385 0.18389423076923078 0.039663461538461536 0.036057692307692304
0 0.31971153846153844 0.19110576923076922 0.036057692307692304 0.03485576923076923
0 0.25 0.0673076923076923 0.03125 0.06009615384615385
0 0.09975961538461539 0.2920673076923077 0.019230769230769232 0.05048076923076923
0 0.021634615384615384 0.25240384615384615 0.03365384615384615 0.042067307692307696
0 0.14182692307692307 0.3485576923076923 0.02283653846153846 0.051682692307692304
0 0.33413461538461536 0.6802884615384616 0.026442307692307692 0.052884615384615384
0 0.6153846153846154 0.13341346153846154 0.038461538461538464 0.06850961538461539
0 0.4963942307692308 0.0985576923076923 0.03365384615384615 0.054086538461538464
0 0.6105769230769231 0.7139423076923077 0.036057692307692304 0.07451923076923077
0 0.4230769230769231 0.6225961538461539 0.036057692307692304 0.0625
0 0.44591346153846156 0.7908653846153846 0.030048076923076924 0.04927884615384615
0 0.33533653846153844 0.7788461538461539 0.028846153846153848 0.052884615384615384
0 0.16947115384615385 0.8004807692307693 0.036057692307692304 0.06490384615384616
0 0.054086538461538464 0.8137019230769231 0.038461538461538464 0.042067307692307696
0 0.46634615384615385 0.5480769230769231 0.027644230769230768 0.052884615384615384
0 0.35336538461538464 0.3942307692307692 0.038461538461538464 0.03365384615384615
0 0.5240384615384616 0.5985576923076923 0.052884615384615384 0.06610576923076923
0 0.4182692307692308 0.8149038461538461 0.025240384615384616 0.042067307692307696
0 0.5024038461538461 0.6442307692307693 0.037259615384615384 0.05048076923076923
0 0.39903846153846156 0.4543269230769231 0.018028846153846152 0.030048076923076924
0 0.46153846153846156 0.2848557692307692 0.028846153846153848 0.054086538461538464
0 0.025240384615384616 0.054086538461538464 0.038461538461538464 0.040865384615384616
0 0.0829326923076923 0.030048076923076924 0.040865384615384616 0.037259615384615384
0 0.03125 0.14423076923076922 0.020432692307692308 0.04567307692307692
0 0.016826923076923076 0.17908653846153846 0.030048076923076924 0.055288461538461536
0 0.35096153846153844 0.6298076923076923 0.04927884615384615 0.078125
0 0.5889423076923077 0.2692307692307692 0.03365384615384615 0.055288461538461536
0 0.5733173076923077 0.30528846153846156 0.025240384615384616 0.04807692307692308
0 0.3954326923076923 0.7403846153846154 0.04807692307692308 0.036057692307692304