0 0.38341346153846156 0.5853365384615384 0.038461538461538464 0.04567307692307692
0 0.35096153846153844 0.6274038461538461 0.036057692307692304 0.040865384615384616
0 0.1814903846153846 0.484375 0.03365384615384615 0.036057692307692304
0 0.14543269230769232 0.4699519230769231 0.03365384615384615 0.036057692307692304
0 0.3401442307692308 0.7548076923076923 0.036057692307692304 0.036057692307692304
0 0.26322115384615385 0.6983173076923077 0.03125 0.036057692307692304
0 0.22956730769230768 0.6009615384615384 0.036057692307692304 0.036057692307692304
0 0.3016826923076923 0.6081730769230769 0.038461538461538464 0.052884615384615384
0 0.6310096153846154 0.5180288461538461 0.03125 0.038461538461538464
0 0.6069711538461539 0.45913461538461536 0.040865384615384616 0.038461538461538464
0 0.4639423076923077 0.6430288461538461 0.040865384615384616 0.04807692307692308
0 0.2692307692307692 0.6442307692307693 0.036057692307692304 0.04326923076923077
0 0.38100961538461536 0.8677884615384616 0.03365384615384615 0.038461538461538464
0 0.4074519230769231 0.859375 0.04326923076923077 0.04807692307692308
0 0.4254807692307692 0.9038461538461539 0.040865384615384616 0.04807692307692308
0 0.7704326923076923 0.7439903846153846 0.038461538461538464 0.05048076923076923
0 0.7932692307692307 0.7235576923076923 0.036057692307692304 0.040865384615384616
0 0.8617788461538461 0.7668269230769231 0.03365384615384615 0.036057692307692304
0 0.6346153846153846 0.40384615384615385 0.028846153846153848 0.028846153846153848