0 0.43028846153846156 0.6298076923076923 0.03125 0.042067307692307696
0 0.4026442307692308 0.7319711538461539 0.02403846153846154 0.027644230769230768
0 0.5180288461538461 0.5552884615384616 0.027644230769230768 0.03245192307692308
0 0.7019230769230769 0.5372596153846154 0.03485576923076923 0.042067307692307696
0 0.7163461538461539 0.6033653846153846 0.028846153846153848 0.036057692307692304
0 0.8173076923076923 0.18990384615384615 0.021634615384615384 0.030048076923076924
0 0.8100961538461539 0.14903846153846154 0.025240384615384616 0.037259615384615384
0 0.4735576923076923 0.140625 0.026442307692307692 0.03485576923076923
0 0.33653846153846156 0.24158653846153846 0.040865384615384616 0.039663461538461536
0 0.6538461538461539 0.2283653846153846 0.027644230769230768 0.04326923076923077
0 0.6538461538461539 0.18990384615384615 0.02403846153846154 0.027644230769230768