0 0.65625 0.7091346153846154 0.04326923076923077 0.08173076923076923
0 0.5925480769230769 0.7115384615384616 0.036057692307692304 0.052884615384615384
0 0.484375 0.8209134615384616 0.057692307692307696 0.07451923076923077
0 0.44711538461538464 0.9615384615384616 0.05048076923076923 0.0673076923076923
0 0.8425480769230769 0.6646634615384616 0.057692307692307696 0.07211538461538461
0 0.8665865384615384 0.7548076923076923 0.05048076923076923 0.06009615384615385
0 0.9050480769230769 0.5901442307692307 0.04567307692307692 0.04326923076923077
0 0.7247596153846154 0.23317307692307693 0.04326923076923077 0.04567307692307692
0 0.7247596153846154 0.27163461538461536 0.026442307692307692 0.052884615384615384
0 0.6766826923076923 0.21754807692307693 0.040865384615384616 0.0625
0 0.765625 0.22355769230769232 0.04807692307692308 0.04326923076923077
0 0.40384615384615385 0.2644230769230769 0.04326923076923077 0.0625
0 0.33653846153846156 0.328125 0.04807692307692308 0.055288461538461536
0 0.14903846153846154 0.26802884615384615 0.03125 0.036057692307692304
0 0.49038461538461536 0.18269230769230768 0.036057692307692304 0.04567307692307692
0 0.9158653846153846 0.16706730769230768 0.026442307692307692 0.036057692307692304
0 0.9290865384615384 0.2091346153846154 0.028846153846153848 0.04326923076923077