0 0.25600961538461536 0.23076923076923078 0.03365384615384615 0.052884615384615384
0 0.6262019230769231 0.2439903846153846 0.04326923076923077 0.057692307692307696
0 0.5793269230769231 0.5829326923076923 0.03365384615384615 0.040865384615384616
0 0.29927884615384615 0.7163461538461539 0.038461538461538464 0.04807692307692308
0 0.3858173076923077 0.7331730769230769 0.02403846153846154 0.052884615384615384
0 0.4338942307692308 0.7752403846153846 0.02403846153846154 0.052884615384615384
0 0.6466346153846154 0.7800480769230769 0.038461538461538464 0.036057692307692304
0 0.7055288461538461 0.5492788461538461 0.038461538461538464 0.04567307692307692
0 0.7872596153846154 0.6418269230769231 0.036057692307692304 0.04326923076923077
0 0.8509615384615384 0.46875 0.03125 0.06009615384615385
0 0.734375 0.4579326923076923 0.028846153846153848 0.04326923076923077
0 0.5024038461538461 0.4735576923076923 0.03365384615384615 0.04807692307692308
0 0.2127403846153846 0.1875 0.040865384615384616 0.057692307692307696
0 0.2776442307692308 0.08653846153846154 0.04326923076923077 0.03125
0 0.40384615384615385 0.17668269230769232 0.04326923076923077 0.04807692307692308
0 0.7271634615384616 0.6418269230769231 0.036057692307692304 0.04807692307692308
0 0.8401442307692307 0.6358173076923077 0.03365384615384615 0.06490384615384616
0 0.8305288461538461 0.9387019230769231 0.03125 0.055288461538461536
0 0.43509615384615385 0.06610576923076923 0.038461538461538464 0.0673076923076923
0 0.5180288461538461 0.9675480769230769 0.02403846153846154 0.03365384615384615
0 0.7439903846153846 0.9819711538461539 0.028846153846153848 0.036057692307692304
0 0.3293269230769231 0.47115384615384615 0.03365384615384615 0.04567307692307692
0 0.2692307692307692 0.5036057692307693 0.036057692307692304 0.05048076923076923
0 0.21514423076923078 0.3233173076923077 0.04326923076923077 0.05048076923076923
0 0.17908653846153846 0.21514423076923078 0.03125 0.052884615384615384
0 0.2536057692307692 0.6658653846153846 0.02403846153846154 0.07211538461538461
0 0.8341346153846154 0.04326923076923077 0.028846153846153848 0.052884615384615384
0 0.7704326923076923 0.359375 0.019230769230769232 0.057692307692307696
0 0.7704326923076923 0.4987980769230769 0.028846153846153848 0.028846153846153848
0 0.8161057692307693 0.9771634615384616 0.03365384615384615 0.038461538461538464
0 0.28725961538461536 0.6382211538461539 0.03365384615384615 0.05048076923076923
0 0.2932692307692308 0.6009615384615384 0.019230769230769232 0.04326923076923077