0 0.4483173076923077 0.28846153846153844 0.056490384615384616 0.0733173076923077
0 0.47115384615384615 0.5264423076923077 0.04447115384615385 0.04807692307692308
0 0.37259615384615385 0.140625 0.051682692307692304 0.0673076923076923
0 0.8942307692307693 0.609375 0.06009615384615385 0.06610576923076923
0 0.7235576923076923 0.6274038461538461 0.042067307692307696 0.05048076923076923
0 0.43509615384615385 0.7067307692307693 0.039663461538461536 0.046875
0 0.13221153846153846 0.8461538461538461 0.046875 0.052884615384615384
0 0.23076923076923078 0.9711538461538461 0.04447115384615385 0.04927884615384615
0 0.6682692307692307 0.2860576923076923 0.052884615384615384 0.055288461538461536
0 0.21394230769230768 0.16466346153846154 0.038461538461538464 0.09134615384615384
0 0.2536057692307692 0.18269230769230768 0.036057692307692304 0.052884615384615384