0 0.6875 0.057692307692307696 0.027644230769230768 0.03485576923076923
0 0.5961538461538461 0.014423076923076924 0.04927884615384615 0.019230769230769232
0 0.7199519230769231 0.10817307692307693 0.026442307692307692 0.038461538461538464
0 0.7932692307692307 0.2091346153846154 0.027644230769230768 0.030048076923076924
0 0.7211538461538461 0.22956730769230768 0.028846153846153848 0.036057692307692304
0 0.6899038461538461 0.19951923076923078 0.03365384615384615 0.042067307692307696
0 0.6646634615384616 0.28125 0.038461538461538464 0.039663461538461536
0 0.6850961538461539 0.35336538461538464 0.02403846153846154 0.06490384615384616
0 0.7355769230769231 0.3557692307692308 0.040865384615384616 0.04447115384615385
0 0.5685096153846154 0.31850961538461536 0.04567307692307692 0.057692307692307696
0 0.49759615384615385 0.2247596153846154 0.03485576923076923 0.046875
0 0.34375 0.22596153846153846 0.04567307692307692 0.042067307692307696
0 0.3173076923076923 0.33653846153846156 0.025240384615384616 0.03485576923076923
0 0.3173076923076923 0.36177884615384615 0.038461538461538464 0.039663461538461536
0 0.28846153846153844 0.3954326923076923 0.028846153846153848 0.04807692307692308
0 0.3329326923076923 0.4375 0.040865384615384616 0.038461538461538464
0 0.4026442307692308 0.45552884615384615 0.03365384615384615 0.0673076923076923
0 0.45072115384615385 0.48197115384615385 0.037259615384615384 0.04807692307692308
0 0.6189903846153846 0.48197115384615385 0.037259615384615384 0.046875
0 0.6502403846153846 0.7680288461538461 0.036057692307692304 0.05048076923076923
0 0.6935096153846154 0.71875 0.036057692307692304 0.042067307692307696
0 0.7139423076923077 0.7788461538461539 0.028846153846153848 0.05889423076923077
0 0.7391826923076923 0.7512019230769231 0.02283653846153846 0.057692307692307696
0 0.7019230769230769 0.6382211538461539 0.03125 0.07692307692307693
0 0.7247596153846154 0.5721153846153846 0.03245192307692308 0.057692307692307696
0 0.8425480769230769 0.65625 0.04567307692307692 0.06129807692307692
0 0.32091346153846156 0.7560096153846154 0.028846153846153848 0.06850961538461539
0 0.44711538461538464 0.8569711538461539 0.04567307692307692 0.057692307692307696
0 0.5228365384615384 0.8088942307692307 0.04567307692307692 0.06610576923076923
0 0.15985576923076922 0.8088942307692307 0.04807692307692308 0.052884615384615384
0 0.11177884615384616 0.8737980769230769 0.03485576923076923 0.054086538461538464
0 0.07572115384615384 0.8185096153846154 0.040865384615384616 0.040865384615384616
0 0.030048076923076924 0.8990384615384616 0.04326923076923077 0.054086538461538464
0 0.2932692307692308 0.2512019230769231 0.03365384615384615 0.04567307692307692
0 0.6634615384615384 0.5180288461538461 0.025240384615384616 0.05048076923076923
0 0.2704326923076923 0.6838942307692307 0.025240384615384616 0.04447115384615385
0 0.640625 0.6983173076923077 0.016826923076923076 0.046875
0 0.6490384615384616 0.6538461538461539 0.02403846153846154 0.039663461538461536
0 0.7680288461538461 0.5865384615384616 0.021634615384615384 0.04447115384615385
0 0.7644230769230769 0.6334134615384616 0.025240384615384616 0.051682692307692304
0 0.7860576923076923 0.32091346153846156 0.030048076923076924 0.039663461538461536
0 0.7752403846153846 0.35336538461538464 0.020432692307692308 0.042067307692307696