0 0.4543269230769231 0.4567307692307692 0.037259615384615384 0.04567307692307692
0 0.546875 0.1346153846153846 0.04326923076923077 0.04927884615384615
0 0.6045673076923077 0.23798076923076922 0.039663461538461536 0.06370192307692307
0 0.6310096153846154 0.41225961538461536 0.03485576923076923 0.042067307692307696
0 0.9483173076923077 0.4675480769230769 0.04326923076923077 0.06490384615384616
0 0.8257211538461539 0.484375 0.036057692307692304 0.056490384615384616
0 0.43028846153846156 0.15144230769230768 0.03125 0.051682692307692304
0 0.45913461538461536 0.7415865384615384 0.03365384615384615 0.05048076923076923
0 0.3918269230769231 0.6574519230769231 0.04326923076923077 0.04447115384615385
0 0.6105769230769231 0.5432692307692307 0.04326923076923077 0.06610576923076923
0 0.11899038461538461 0.5456730769230769 0.028846153846153848 0.042067307692307696
0 0.7716346153846154 0.23317307692307693 0.03485576923076923 0.03485576923076923