0 0.7475961538461539 0.7007211538461539 0.05048076923076923 0.06009615384615385
0 0.6418269230769231 0.953125 0.036057692307692304 0.040865384615384616
0 0.5228365384615384 0.6862980769230769 0.052884615384615384 0.06490384615384616
0 0.4891826923076923 0.6394230769230769 0.04326923076923077 0.052884615384615384
0 0.6201923076923077 0.6117788461538461 0.04326923076923077 0.04567307692307692
0 0.6502403846153846 0.7415865384615384 0.040865384615384616 0.040865384615384616
0 0.5516826923076923 0.34975961538461536 0.04326923076923077 0.06490384615384616
0 0.4326923076923077 0.2956730769230769 0.04326923076923077 0.052884615384615384
0 0.40625 0.30649038461538464 0.038461538461538464 0.04807692307692308
0 0.43509615384615385 0.6057692307692307 0.038461538461538464 0.057692307692307696
0 0.4326923076923077 0.5504807692307693 0.028846153846153848 0.03365384615384615
0 0.38461538461538464 0.8149038461538461 0.040865384615384616 0.052884615384615384
0 0.6778846153846154 0.9387019230769231 0.03365384615384615 0.040865384615384616
0 0.6370192307692307 0.8918269230769231 0.036057692307692304 0.04326923076923077
0 0.6887019230769231 0.8822115384615384 0.040865384615384616 0.04567307692307692
0 0.7548076923076923 0.8834134615384616 0.036057692307692304 0.05048076923076923
0 0.7403846153846154 0.90625 0.03365384615384615 0.04326923076923077
0 0.7199519230769231 0.8449519230769231 0.038461538461538464 0.052884615384615384
0 0.6826923076923077 0.1875 0.05048076923076923 0.05048076923076923
0 0.8185096153846154 0.23557692307692307 0.052884615384615384 0.0673076923076923
0 0.203125 0.8245192307692307 0.057692307692307696 0.07692307692307693
0 0.18509615384615385 0.765625 0.04567307692307692 0.05048076923076923
0 0.13581730769230768 0.8076923076923077 0.052884615384615384 0.06490384615384616
0 0.10336538461538461 0.7403846153846154 0.038461538461538464 0.05048076923076923
0 0.8653846153846154 0.36658653846153844 0.04567307692307692 0.0625
0 0.8245192307692307 0.3269230769230769 0.03365384615384615 0.04326923076923077
0 0.9086538461538461 0.2932692307692308 0.04567307692307692 0.07211538461538461
0 0.6862980769230769 0.4423076923076923 0.038461538461538464 0.057692307692307696
0 0.7560096153846154 0.5048076923076923 0.04807692307692308 0.06490384615384616
0 0.765625 0.5432692307692307 0.03125 0.03125
0 0.8149038461538461 0.6274038461538461 0.04567307692307692 0.06971153846153846
0 0.7367788461538461 0.5829326923076923 0.03125 0.036057692307692304
0 0.7091346153846154 0.6225961538461539 0.036057692307692304 0.04807692307692308
0 0.7091346153846154 0.6838942307692307 0.028846153846153848 0.03125
0 0.5829326923076923 0.30528846153846156 0.036057692307692304 0.057692307692307696
0 0.6081730769230769 0.20673076923076922 0.040865384615384616 0.052884615384615384
0 0.625 0.13221153846153846 0.04326923076923077 0.04807692307692308
0 0.5588942307692307 0.12379807692307693 0.04807692307692308 0.052884615384615384
0 0.5600961538461539 0.08533653846153846 0.04567307692307692 0.06490384615384616
0 0.5673076923076923 0.17427884615384615 0.05048076923076923 0.06490384615384616
0 0.4831730769230769 0.2668269230769231 0.04567307692307692 0.057692307692307696
0 0.4110576923076923 0.3701923076923077 0.04567307692307692 0.057692307692307696
0 0.5769230769230769 0.5228365384615384 0.04567307692307692 0.0625
0 0.44471153846153844 0.3317307692307692 0.04326923076923077 0.04567307692307692
0 0.25600961538461536 0.7944711538461539 0.040865384615384616 0.057692307692307696
0 0.7860576923076923 0.7139423076923077 0.028846153846153848 0.028846153846153848
0 0.7884615384615384 0.6959134615384616 0.03125 0.040865384615384616
0 0.5889423076923077 0.19831730769230768 0.03365384615384615 0.038461538461538464