0 0.1201923076923077 0.24759615384615385 0.08173076923076923 0.08173076923076923
0 0.24759615384615385 0.2439903846153846 0.07692307692307693 0.07932692307692307
0 0.4074519230769231 0.1502403846153846 0.10096153846153846 0.10336538461538461
0 0.3449519230769231 0.22956730769230768 0.09134615384615384 0.09134615384615384
0 0.23677884615384615 0.17548076923076922 0.07692307692307693 0.07932692307692307
0 0.3425480769230769 0.06971153846153846 0.11538461538461539 0.1201923076923077
0 0.2932692307692308 0.027644230769230768 0.07211538461538461 0.055288461538461536
0 0.5036057692307693 0.38461538461538464 0.09615384615384616 0.10576923076923077
0 0.8305288461538461 0.4831730769230769 0.08173076923076923 0.08173076923076923
0 0.8461538461538461 0.5841346153846154 0.08413461538461539 0.08413461538461539
0 0.9266826923076923 0.7271634615384616 0.10336538461538461 0.10817307692307693
0 0.8677884615384616 0.7884615384615384 0.06490384615384616 0.06490384615384616
0 0.8305288461538461 0.8016826923076923 0.07692307692307693 0.07932692307692307
0 0.7740384615384616 0.890625 0.057692307692307696 0.057692307692307696
0 0.6850961538461539 0.8245192307692307 0.06009615384615385 0.0625
0 0.23076923076923078 0.8930288461538461 0.0985576923076923 0.10096153846153846
0 0.125 0.8161057692307693 0.0625 0.06971153846153846
0 0.3545673076923077 0.8689903846153846 0.08653846153846154 0.0889423076923077
0 0.18269230769230768 0.5228365384615384 0.09375 0.10096153846153846
0 0.5120192307692307 0.5745192307692307 0.09134615384615384 0.09615384615384616
0 0.7379807692307693 0.02403846153846154 0.0625 0.04807692307692308
0 0.09615384615384616 0.5360576923076923 0.07932692307692307 0.08173076923076923