0 0.4519230769230769 0.5649038461538461 0.03125 0.042067307692307696
0 0.4182692307692308 0.6754807692307693 0.028846153846153848 0.042067307692307696
0 0.59375 0.5060096153846154 0.02403846153846154 0.046875
0 0.5432692307692307 0.49399038461538464 0.027644230769230768 0.03245192307692308
0 0.3125 0.30408653846153844 0.02403846153846154 0.042067307692307696
0 0.36899038461538464 0.16105769230769232 0.028846153846153848 0.038461538461538464
0 0.2127403846153846 0.10216346153846154 0.02403846153846154 0.04807692307692308
0 0.7391826923076923 0.47596153846153844 0.03365384615384615 0.046875
0 0.7451923076923077 0.5528846153846154 0.028846153846153848 0.054086538461538464
0 0.7944711538461539 0.42427884615384615 0.021634615384615384 0.04567307692307692
0 0.84375 0.13221153846153846 0.036057692307692304 0.039663461538461536
0 0.8413461538461539 0.09375 0.028846153846153848 0.040865384615384616