0 0.5300480769230769 0.06610576923076923 0.08173076923076923 0.10096153846153846
0 0.5997596153846154 0.15384615384615385 0.07932692307692307 0.08173076923076923
0 0.6899038461538461 0.13822115384615385 0.0673076923076923 0.08413461538461539
0 0.7584134615384616 0.1466346153846154 0.07451923076923077 0.08173076923076923
0 0.6730769230769231 0.47716346153846156 0.06490384615384616 0.07211538461538461
0 0.7223557692307693 0.46274038461538464 0.0625 0.08173076923076923
0 0.7728365384615384 0.5228365384615384 0.06971153846153846 0.08413461538461539
0 0.6358173076923077 0.6862980769230769 0.07451923076923077 0.08413461538461539
0 0.5384615384615384 0.7415865384615384 0.06971153846153846 0.07211538461538461
0 0.6021634615384616 0.7680288461538461 0.07692307692307693 0.09615384615384616
0 0.53125 0.8677884615384616 0.08653846153846154 0.09375
0 0.4326923076923077 0.8293269230769231 0.08173076923076923 0.09615384615384616