0 0.37259615384615385 0.09014423076923077 0.04807692307692308 0.056490384615384616
0 0.46153846153846156 0.1622596153846154 0.037259615384615384 0.06370192307692307
0 0.6274038461538461 0.18990384615384615 0.05889423076923077 0.07211538461538461
0 0.5372596153846154 0.2091346153846154 0.05048076923076923 0.06610576923076923
0 0.4951923076923077 0.10817307692307693 0.04447115384615385 0.056490384615384616
0 0.6298076923076923 0.09615384615384616 0.052884615384615384 0.09735576923076923
0 0.6225961538461539 0.02283653846153846 0.08052884615384616 0.036057692307692304
0 0.5576923076923077 0.40865384615384615 0.027644230769230768 0.09975961538461539
0 0.7271634615384616 0.6670673076923077 0.054086538461538464 0.05048076923076923
0 0.6790865384615384 0.7463942307692307 0.05889423076923077 0.04927884615384615
0 0.6514423076923077 0.8930288461538461 0.04927884615384615 0.08533653846153846
0 0.6009615384615384 0.9555288461538461 0.06009615384615385 0.03125
0 0.5757211538461539 0.9014423076923077 0.04447115384615385 0.039663461538461536
0 0.5432692307692307 0.8882211538461539 0.04447115384615385 0.055288461538461536
0 0.4519230769230769 0.9242788461538461 0.03125 0.054086538461538464
0 0.42788461538461536 0.8185096153846154 0.026442307692307692 0.052884615384615384
0 0.19951923076923078 0.9014423076923077 0.036057692307692304 0.06971153846153846
0 0.15745192307692307 0.9483173076923077 0.04807692307692308 0.06490384615384616
0 0.06850961538461539 0.8401442307692307 0.03125 0.07692307692307693
0 0.0733173076923077 0.6021634615384616 0.055288461538461536 0.07211538461538461
0 0.037259615384615384 0.4879807692307692 0.03125 0.06610576923076923
0 0.17307692307692307 0.6574519230769231 0.04326923076923077 0.06850961538461539
0 0.2548076923076923 0.3173076923076923 0.039663461538461536 0.08533653846153846
0 0.4543269230769231 0.5444711538461539 0.04326923076923077 0.078125
0 0.9435096153846154 0.0625 0.036057692307692304 0.06370192307692307
0 0.9423076923076923 0.18629807692307693 0.04927884615384615 0.04567307692307692
0 0.9471153846153846 0.28725961538461536 0.030048076923076924 0.078125
0 0.9699519230769231 0.29447115384615385 0.026442307692307692 0.055288461538461536
0 0.9879807692307693 0.3076923076923077 0.020432692307692308 0.04927884615384615
0 0.8713942307692307 0.140625 0.042067307692307696 0.0673076923076923
0 0.8966346153846154 0.04567307692307692 0.04326923076923077 0.06971153846153846
0 0.2848557692307692 0.96875 0.042067307692307696 0.042067307692307696
0 0.18629807692307693 0.2764423076923077 0.03485576923076923 0.06850961538461539