0 0.4110576923076923 0.6935096153846154 0.038461538461538464 0.057692307692307696
0 0.296875 0.8149038461538461 0.03125 0.05048076923076923
0 0.19951923076923078 0.7560096153846154 0.03365384615384615 0.0625
0 0.35336538461538464 0.8185096153846154 0.036057692307692304 0.0625
0 0.3798076923076923 0.8677884615384616 0.03125 0.057692307692307696
0 0.5805288461538461 0.8617788461538461 0.040865384615384616 0.057692307692307696
0 0.5877403846153846 0.25841346153846156 0.05048076923076923 0.07932692307692307
0 0.8233173076923077 0.3173076923076923 0.040865384615384616 0.055288461538461536
0 0.40625 0.6177884615384616 0.04567307692307692 0.06009615384615385
0 0.3557692307692308 0.7379807692307693 0.040865384615384616 0.04807692307692308
0 0.46033653846153844 0.8473557692307693 0.04326923076923077 0.057692307692307696
0 0.5588942307692307 0.9074519230769231 0.03125 0.06971153846153846
0 0.6177884615384616 0.875 0.04326923076923077 0.0625
0 0.5072115384615384 0.5841346153846154 0.028846153846153848 0.038461538461538464
0 0.4951923076923077 0.5516826923076923 0.040865384615384616 0.038461538461538464
0 0.5288461538461539 0.12139423076923077 0.03365384615384615 0.055288461538461536
0 0.3870192307692308 0.5036057692307693 0.028846153846153848 0.055288461538461536