0 0.44471153846153844 0.4519230769230769 0.06009615384615385 0.0625
0 0.33413461538461536 0.1141826923076923 0.0673076923076923 0.0673076923076923
0 0.44591346153846156 0.17067307692307693 0.07211538461538461 0.07932692307692307
0 0.5733173076923077 0.3076923076923077 0.055288461538461536 0.057692307692307696
0 0.8725961538461539 0.17548076923076922 0.052884615384615384 0.0673076923076923
0 0.7872596153846154 0.25721153846153844 0.06490384615384616 0.07211538461538461
0 0.24278846153846154 0.19831730769230768 0.057692307692307696 0.06490384615384616
0 0.6165865384615384 0.6995192307692307 0.06009615384615385 0.06490384615384616
0 0.5096153846153846 0.6658653846153846 0.06490384615384616 0.06490384615384616
0 0.6334134615384616 0.4362980769230769 0.07692307692307693 0.08413461538461539
0 0.203125 0.7295673076923077 0.05048076923076923 0.052884615384615384
0 0.5901442307692307 0.06850961538461539 0.05048076923076923 0.05048076923076923