0 0.7379807692307693 0.47115384615384615 0.028846153846153848 0.052884615384615384
0 0.46274038461538464 0.5612980769230769 0.03365384615384615 0.07692307692307693
0 0.42908653846153844 0.6574519230769231 0.019230769230769232 0.06490384615384616
0 0.7451923076923077 0.5372596153846154 0.038461538461538464 0.057692307692307696
0 0.5961538461538461 0.5012019230769231 0.026442307692307692 0.052884615384615384
0 0.5444711538461539 0.4891826923076923 0.028846153846153848 0.04807692307692308
0 0.45552884615384615 0.4206730769230769 0.05048076923076923 0.04807692307692308
0 0.3245192307692308 0.30288461538461536 0.02403846153846154 0.036057692307692304
0 0.8353365384615384 0.09975961538461539 0.028846153846153848 0.021634615384615384
0 0.37740384615384615 0.16346153846153846 0.036057692307692304 0.06009615384615385
0 0.5108173076923077 0.06129807692307692 0.03365384615384615 0.055288461538461536
0 0.6550480769230769 0.11658653846153846 0.021634615384615384 0.06009615384615385
0 0.6875 0.125 0.021634615384615384 0.038461538461538464
0 0.6802884615384616 0.1622596153846154 0.019230769230769232 0.06490384615384616
0 0.71875 0.12379807692307693 0.026442307692307692 0.04807692307692308