0 0.2403846153846154 0.2127403846153846 0.036057692307692304 0.03365384615384615
0 0.21514423076923078 0.16947115384615385 0.038461538461538464 0.04567307692307692
0 0.1875 0.3545673076923077 0.036057692307692304 0.052884615384615384
0 0.19230769230769232 0.42908653846153844 0.028846153846153848 0.038461538461538464
0 0.3425480769230769 0.4699519230769231 0.02403846153846154 0.036057692307692304
0 0.3713942307692308 0.5805288461538461 0.026442307692307692 0.036057692307692304
0 0.17067307692307693 0.5745192307692307 0.03365384615384615 0.04807692307692308
0 0.14783653846153846 0.7427884615384616 0.03365384615384615 0.04326923076923077
0 0.14903846153846154 0.4735576923076923 0.03365384615384615 0.038461538461538464
0 0.2824519230769231 0.48197115384615385 0.03365384615384615 0.04567307692307692
0 0.625 0.6213942307692307 0.026442307692307692 0.04807692307692308
0 0.140625 0.7836538461538461 0.036057692307692304 0.04326923076923077
0 0.12139423076923077 0.7211538461538461 0.016826923076923076 0.028846153846153848
0 0.25 0.4206730769230769 0.028846153846153848 0.040865384615384616