0 0.25961538461538464 0.10216346153846154 0.036057692307692304 0.04326923076923077
0 0.3233173076923077 0.30649038461538464 0.038461538461538464 0.04807692307692308
0 0.6045673076923077 0.24278846153846154 0.052884615384615384 0.06009615384615385
0 0.4891826923076923 0.39903846153846156 0.05048076923076923 0.055288461538461536
0 0.5576923076923077 0.4699519230769231 0.04807692307692308 0.0625
0 0.49038461538461536 0.6778846153846154 0.04567307692307692 0.055288461538461536
0 0.8882211538461539 0.5757211538461539 0.052884615384615384 0.06009615384615385
0 0.7920673076923077 0.6177884615384616 0.040865384615384616 0.04567307692307692
0 0.48197115384615385 0.8569711538461539 0.057692307692307696 0.0625
0 0.640625 0.71875 0.04567307692307692 0.055288461538461536
0 0.6213942307692307 0.6009615384615384 0.03365384615384615 0.038461538461538464
0 0.39663461538461536 0.4326923076923077 0.05048076923076923 0.07451923076923077
0 0.5637019230769231 0.9194711538461539 0.040865384615384616 0.06490384615384616
0 0.6153846153846154 0.7584134615384616 0.036057692307692304 0.057692307692307696