0 0.5913461538461539 0.25240384615384615 0.09615384615384616 0.10817307692307693
0 0.6201923076923077 0.3088942307692308 0.06490384615384616 0.07451923076923077
0 0.6478365384615384 0.33653846153846156 0.07211538461538461 0.07692307692307693
0 0.5036057692307693 0.3449519230769231 0.07451923076923077 0.08413461538461539
0 0.49399038461538464 0.22115384615384615 0.07692307692307693 0.08653846153846154
0 0.47836538461538464 0.30408653846153844 0.06490384615384616 0.07211538461538461
0 0.42427884615384615 0.27524038461538464 0.08173076923076923 0.0985576923076923
0 0.19230769230769232 0.2980769230769231 0.07211538461538461 0.08653846153846154
0 0.28365384615384615 0.421875 0.06971153846153846 0.07451923076923077
0 0.1778846153846154 0.47115384615384615 0.0673076923076923 0.0673076923076923
0 0.13221153846153846 0.47716346153846156 0.0673076923076923 0.0673076923076923
0 0.19471153846153846 0.5168269230769231 0.06971153846153846 0.07692307692307693
0 0.11538461538461539 0.5709134615384616 0.08173076923076923 0.08173076923076923
0 0.140625 0.7415865384615384 0.07451923076923077 0.08653846153846154
0 0.07572115384615384 0.7271634615384616 0.06009615384615385 0.057692307692307696
0 0.28725961538461536 0.8317307692307693 0.0889423076923077 0.09615384615384616
0 0.5072115384615384 0.7271634615384616 0.07932692307692307 0.08413461538461539
0 0.5649038461538461 0.6814903846153846 0.057692307692307696 0.055288461538461536
0 0.8004807692307693 0.5853365384615384 0.09375 0.11298076923076923
0 0.8533653846153846 0.4326923076923077 0.10576923076923077 0.11298076923076923
0 0.9507211538461539 0.5420673076923077 0.07692307692307693 0.08413461538461539
0 0.8377403846153846 0.6442307692307693 0.0625 0.07451923076923077
0 0.5757211538461539 0.8197115384615384 0.06490384615384616 0.07451923076923077
0 0.5817307692307693 0.8894230769230769 0.040865384615384616 0.04326923076923077
0 0.6009615384615384 0.9759615384615384 0.07211538461538461 0.04807692307692308
0 0.4987980769230769 0.9495192307692307 0.0673076923076923 0.07211538461538461
0 0.5108173076923077 0.9795673076923077 0.06490384615384616 0.040865384615384616
0 0.42427884615384615 0.9819711538461539 0.08413461538461539 0.036057692307692304
0 0.30649038461538464 0.9567307692307693 0.055288461538461536 0.04567307692307692
0 0.35216346153846156 0.5612980769230769 0.0673076923076923 0.07211538461538461
0 0.43149038461538464 0.4987980769230769 0.06971153846153846 0.07692307692307693
0 0.5240384615384616 0.36778846153846156 0.06971153846153846 0.08173076923076923
0 0.3293269230769231 0.17067307692307693 0.08653846153846154 0.08413461538461539