0 0.39302884615384615 0.3701923076923077 0.0625 0.08413461538461539
0 0.6790865384615384 0.43149038461538464 0.07211538461538461 0.10336538461538461
0 0.9122596153846154 0.5420673076923077 0.09375 0.11298076923076923
0 0.609375 0.21634615384615385 0.09375 0.11778846153846154
0 0.4951923076923077 0.18870192307692307 0.057692307692307696 0.0889423076923077
0 0.5216346153846154 0.14903846153846154 0.057692307692307696 0.0625
0 0.5745192307692307 0.5120192307692307 0.06490384615384616 0.07932692307692307
0 0.48197115384615385 0.6213942307692307 0.06490384615384616 0.07692307692307693
0 0.5420673076923077 0.4230769230769231 0.06009615384615385 0.0889423076923077
0 0.9146634615384616 0.1875 0.0625 0.12259615384615384
0 0.6983173076923077 0.2764423076923077 0.09134615384615384 0.125