0 0.3112980769230769 0.8004807692307693 0.037259615384615384 0.07572115384615384
0 0.32572115384615385 0.6826923076923077 0.025240384615384616 0.046875
0 0.3329326923076923 0.47475961538461536 0.026442307692307692 0.03125
0 0.4026442307692308 0.5240384615384616 0.025240384615384616 0.037259615384615384
0 0.4987980769230769 0.5336538461538461 0.03245192307692308 0.040865384615384616
0 0.46634615384615385 0.6923076923076923 0.03485576923076923 0.040865384615384616
0 0.6057692307692307 0.7115384615384616 0.030048076923076924 0.04807692307692308
0 0.5793269230769231 0.39302884615384615 0.030048076923076924 0.03365384615384615
0 0.2644230769230769 0.2980769230769231 0.03125 0.04927884615384615
0 0.671875 0.38341346153846156 0.02283653846153846 0.039663461538461536
0 0.8112980769230769 0.4266826923076923 0.027644230769230768 0.052884615384615384
0 0.5600961538461539 0.5036057692307693 0.027644230769230768 0.05889423076923077
0 0.4098557692307692 0.34615384615384615 0.02283653846153846 0.039663461538461536