0 0.10697115384615384 0.09375 0.04326923076923077 0.052884615384615384
0 0.42908653846153844 0.10576923076923077 0.052884615384615384 0.055288461538461536
0 0.1346153846153846 0.18269230769230768 0.036057692307692304 0.04567307692307692
0 0.2644230769230769 0.5036057692307693 0.057692307692307696 0.057692307692307696
0 0.40865384615384615 0.38822115384615385 0.04807692307692308 0.0673076923076923
0 0.6225961538461539 0.5432692307692307 0.057692307692307696 0.06490384615384616
0 0.7247596153846154 0.44711538461538464 0.07451923076923077 0.052884615384615384
0 0.08413461538461539 0.3317307692307692 0.07692307692307693 0.06490384615384616
0 0.5745192307692307 0.34615384615384615 0.06971153846153846 0.0625
0 0.3701923076923077 0.5288461538461539 0.057692307692307696 0.06009615384615385
0 0.31009615384615385 0.6262019230769231 0.06971153846153846 0.09134615384615384
0 0.4807692307692308 0.39903846153846156 0.04326923076923077 0.07211538461538461
0 0.7259615384615384 0.5144230769230769 0.04567307692307692 0.07451923076923077
0 0.8016826923076923 0.4230769230769231 0.04807692307692308 0.057692307692307696
0 0.65625 0.051682692307692304 0.057692307692307696 0.06971153846153846
0 0.4170673076923077 0.6009615384615384 0.07211538461538461 0.06971153846153846
0 0.46634615384615385 0.6742788461538461 0.038461538461538464 0.08173076923076923
0 0.46634615384615385 0.71875 0.055288461538461536 0.06971153846153846
0 0.39903846153846156 0.6802884615384616 0.057692307692307696 0.0673076923076923
0 0.3641826923076923 0.7716346153846154 0.05048076923076923 0.11778846153846154
0 0.5528846153846154 0.8112980769230769 0.06009615384615385 0.11057692307692307
0 0.6995192307692307 0.7127403846153846 0.04807692307692308 0.0889423076923077
0 0.8641826923076923 0.24278846153846154 0.04567307692307692 0.07451923076923077
0 0.8004807692307693 0.20673076923076922 0.04567307692307692 0.07692307692307693
0 0.36658653846153844 0.13822115384615385 0.038461538461538464 0.07451923076923077
0 0.15264423076923078 0.06490384615384616 0.04567307692307692 0.0625
0 0.9350961538461539 0.10096153846153846 0.03125 0.07932692307692307
0 0.90625 0.13221153846153846 0.036057692307692304 0.0625