0 0.3485576923076923 0.27163461538461536 0.07211538461538461 0.07451923076923077
0 0.42788461538461536 0.4254807692307692 0.06009615384615385 0.10336538461538461
0 0.7211538461538461 0.046875 0.0625 0.0889423076923077
0 0.8245192307692307 0.28846153846153844 0.06490384615384616 0.08173076923076923
0 0.9362980769230769 0.1502403846153846 0.0625 0.04807692307692308
0 0.9543269230769231 0.22355769230769232 0.036057692307692304 0.09134615384615384
0 0.08533653846153846 0.08173076923076923 0.0673076923076923 0.06971153846153846
0 0.5516826923076923 0.4951923076923077 0.057692307692307696 0.06971153846153846
0 0.5084134615384616 0.09735576923076923 0.055288461538461536 0.055288461538461536
0 0.5709134615384616 0.3858173076923077 0.055288461538461536 0.055288461538461536
0 0.7896634615384616 0.6298076923076923 0.0625 0.10576923076923077
0 0.5252403846153846 0.5745192307692307 0.038461538461538464 0.06971153846153846
0 0.546875 0.31971153846153844 0.06490384615384616 0.055288461538461536
0 0.3786057692307692 0.3233173076923077 0.06009615384615385 0.0673076923076923
0 0.4963942307692308 0.27283653846153844 0.07211538461538461 0.10576923076923077
0 0.953125 0.49399038461538464 0.08173076923076923 0.10336538461538461