0 0.39663461538461536 0.359375 0.039663461538461536 0.08774038461538461
0 0.5144230769230769 0.4338942307692308 0.03245192307692308 0.04807692307692308
0 0.6310096153846154 0.4807692307692308 0.040865384615384616 0.0829326923076923
0 0.5228365384615384 0.5252403846153846 0.051682692307692304 0.07211538461538461
0 0.6201923076923077 0.25841346153846156 0.052884615384615384 0.08052884615384616
0 0.9206730769230769 0.3016826923076923 0.056490384615384616 0.0829326923076923
0 0.8197115384615384 0.6237980769230769 0.06971153846153846 0.07091346153846154
0 0.4098557692307692 0.5961538461538461 0.054086538461538464 0.0625
0 0.8221153846153846 0.8870192307692307 0.06490384615384616 0.08173076923076923
0 0.5324519230769231 0.203125 0.02403846153846154 0.09134615384615384
0 0.6935096153846154 0.34615384615384615 0.04567307692307692 0.09134615384615384
0 0.4855769230769231 0.9591346153846154 0.06009615384615385 0.06129807692307692
0 0.40625 0.7391826923076923 0.05889423076923077 0.08774038461538461