0 0.4543269230769231 0.5348557692307693 0.016826923076923076 0.05048076923076923
0 0.45913461538461536 0.5805288461538461 0.019230769230769232 0.03125
0 0.4326923076923077 0.78125 0.02403846153846154 0.040865384615384616
0 0.7211538461538461 0.7295673076923077 0.021634615384615384 0.03125
0 0.7668269230769231 0.7848557692307693 0.026442307692307692 0.03365384615384615
0 0.6382211538461539 0.8329326923076923 0.016826923076923076 0.036057692307692304
0 0.6382211538461539 0.75 0.02403846153846154 0.04807692307692308
0 0.5685096153846154 0.13701923076923078 0.019230769230769232 0.04567307692307692
0 0.5348557692307693 0.3389423076923077 0.02403846153846154 0.05048076923076923
0 0.7151442307692307 0.16706730769230768 0.02403846153846154 0.04326923076923077
0 0.49399038461538464 0.1622596153846154 0.01201923076923077 0.04567307692307692
0 0.4423076923076923 0.3173076923076923 0.021634615384615384 0.036057692307692304
0 0.21754807692307693 0.22956730769230768 0.026442307692307692 0.04326923076923077
0 0.23197115384615385 0.8413461538461539 0.019230769230769232 0.04326923076923077
0 0.6081730769230769 0.15865384615384615 0.028846153846153848 0.05048076923076923
0 0.6682692307692307 0.5204326923076923 0.026442307692307692 0.038461538461538464
0 0.6742788461538461 0.5709134615384616 0.019230769230769232 0.04326923076923077
0 0.7055288461538461 0.5757211538461539 0.028846153846153848 0.03365384615384615
0 0.7295673076923077 0.5721153846153846 0.014423076923076924 0.055288461538461536
0 0.75 0.484375 0.019230769230769232 0.05048076923076923
0 0.6826923076923077 0.47475961538461536 0.02403846153846154 0.040865384615384616
0 0.6995192307692307 0.5 0.021634615384615384 0.038461538461538464
0 0.7055288461538461 0.4230769230769231 0.019230769230769232 0.026442307692307692
0 0.6875 0.39663461538461536 0.02403846153846154 0.036057692307692304
0 0.6382211538461539 0.3701923076923077 0.02403846153846154 0.04807692307692308
0 0.49759615384615385 0.5961538461538461 0.014423076923076924 0.052884615384615384
0 0.5240384615384616 0.6153846153846154 0.019230769230769232 0.055288461538461536
0 0.6286057692307693 0.6346153846153846 0.016826923076923076 0.036057692307692304
0 0.6694711538461539 0.7463942307692307 0.028846153846153848 0.038461538461538464
0 0.6598557692307693 0.8040865384615384 0.019230769230769232 0.026442307692307692
0 0.6730769230769231 0.8449519230769231 0.016826923076923076 0.028846153846153848
0 0.6911057692307693 0.8293269230769231 0.019230769230769232 0.040865384615384616
0 0.7127403846153846 0.7596153846153846 0.021634615384615384 0.04326923076923077
0 0.7271634615384616 0.2283653846153846 0.02403846153846154 0.04807692307692308
0 0.7536057692307693 0.25 0.019230769230769232 0.04326923076923077
0 0.7800480769230769 0.17307692307692307 0.01201923076923077 0.07211538461538461
0 0.5516826923076923 0.28125 0.028846153846153848 0.04567307692307692
0 0.5865384615384616 0.2536057692307692 0.02403846153846154 0.028846153846153848
0 0.5661057692307693 0.19951923076923078 0.019230769230769232 0.06490384615384616
0 0.53125 0.17548076923076922 0.021634615384615384 0.036057692307692304
0 0.5264423076923077 0.14543269230769232 0.021634615384615384 0.04567307692307692
0 0.5240384615384616 0.109375 0.02403846153846154 0.04567307692307692
0 0.47716346153846156 0.2764423076923077 0.021634615384615384 0.038461538461538464
0 0.4543269230769231 0.34375 0.02403846153846154 0.036057692307692304
0 0.42427884615384615 0.33413461538461536 0.028846153846153848 0.038461538461538464
0 0.4338942307692308 0.38341346153846156 0.026442307692307692 0.04807692307692308
0 0.2920673076923077 0.8269230769230769 0.02403846153846154 0.038461538461538464
0 0.27524038461538464 0.7920673076923077 0.026442307692307692 0.028846153846153848
0 0.203125 0.7956730769230769 0.02403846153846154 0.04326923076923077
0 0.5564903846153846 0.8425480769230769 0.016826923076923076 0.03125
0 0.6009615384615384 0.5300480769230769 0.021634615384615384 0.036057692307692304