0 0.44471153846153844 0.4579326923076923 0.04807692307692308 0.055288461538461536
0 0.48197115384615385 0.09975961538461539 0.055288461538461536 0.06009615384615385
0 0.5625 0.19831730769230768 0.055288461538461536 0.07451923076923077
0 0.6237980769230769 0.3798076923076923 0.04326923076923077 0.05048076923076923
0 0.9663461538461539 0.37740384615384615 0.05048076923076923 0.07451923076923077
0 0.8449519230769231 0.4182692307692308 0.04807692307692308 0.0673076923076923
0 0.3629807692307692 0.13822115384615385 0.04326923076923077 0.0625
0 0.5036057692307693 0.7596153846153846 0.04567307692307692 0.06009615384615385
0 0.4170673076923077 0.6838942307692307 0.055288461538461536 0.055288461538461536
0 0.6274038461538461 0.5216346153846154 0.057692307692307696 0.07932692307692307
0 0.10576923076923077 0.6153846153846154 0.038461538461538464 0.04807692307692308
0 0.7391826923076923 0.16105769230769232 0.04326923076923077 0.04326923076923077