0 0.21153846153846154 0.03365384615384615 0.052884615384615384 0.0673076923076923
0 0.23317307692307693 0.296875 0.04326923076923077 0.09134615384615384
0 0.2704326923076923 0.3293269230769231 0.04807692307692308 0.052884615384615384
0 0.4110576923076923 0.31009615384615385 0.06490384615384616 0.07932692307692307
0 0.4651442307692308 0.4987980769230769 0.07211538461538461 0.10336538461538461
0 0.171875 0.7776442307692307 0.052884615384615384 0.09615384615384616
0 0.4567307692307692 0.7908653846153846 0.052884615384615384 0.055288461538461536
0 0.3762019230769231 0.9747596153846154 0.052884615384615384 0.038461538461538464
0 0.7259615384615384 0.9771634615384616 0.052884615384615384 0.04567307692307692
0 0.9290865384615384 0.9903846153846154 0.06971153846153846 0.019230769230769232
0 0.7331730769230769 0.5612980769230769 0.0673076923076923 0.09134615384615384
0 0.7415865384615384 0.16346153846153846 0.052884615384615384 0.10096153846153846