0 0.3545673076923077 0.16947115384615385 0.057692307692307696 0.0625
0 0.4182692307692308 0.16947115384615385 0.057692307692307696 0.0625
0 0.5600961538461539 0.24158653846153846 0.06490384615384616 0.07932692307692307
0 0.75 0.09134615384615384 0.057692307692307696 0.06490384615384616
0 0.8221153846153846 0.17548076923076922 0.06009615384615385 0.07692307692307693
0 0.8317307692307693 0.25 0.04326923076923077 0.052884615384615384
0 0.8557692307692307 0.37259615384615385 0.052884615384615384 0.0673076923076923
0 0.7608173076923077 0.32091346153846156 0.057692307692307696 0.06009615384615385
0 0.7740384615384616 0.36658653846153844 0.040865384615384616 0.04326923076923077
0 0.6971153846153846 0.3858173076923077 0.052884615384615384 0.0625
0 0.6778846153846154 0.4735576923076923 0.04807692307692308 0.0673076923076923
0 0.7271634615384616 0.4987980769230769 0.057692307692307696 0.057692307692307696
0 0.7860576923076923 0.49158653846153844 0.04567307692307692 0.052884615384615384
0 0.7680288461538461 0.5144230769230769 0.04326923076923077 0.057692307692307696
0 0.5853365384615384 0.36778846153846156 0.06009615384615385 0.0673076923076923
0 0.5733173076923077 0.47716346153846156 0.052884615384615384 0.06009615384615385
0 0.5576923076923077 0.5444711538461539 0.05048076923076923 0.055288461538461536
0 0.5805288461538461 0.6081730769230769 0.026442307692307692 0.03365384615384615
0 0.6081730769230769 0.7055288461538461 0.04807692307692308 0.0625
0 0.6490384615384616 0.7307692307692307 0.04326923076923077 0.04567307692307692
0 0.6478365384615384 0.7608173076923077 0.036057692307692304 0.040865384615384616
0 0.6153846153846154 0.7728365384615384 0.055288461538461536 0.0625
0 0.6875 0.8485576923076923 0.052884615384615384 0.0625
0 0.65625 0.90625 0.026442307692307692 0.03125
0 0.53125 0.8858173076923077 0.040865384615384616 0.057692307692307696
0 0.5072115384615384 0.8858173076923077 0.04807692307692308 0.0625
0 0.5120192307692307 0.8245192307692307 0.055288461538461536 0.055288461538461536
0 0.4483173076923077 0.8497596153846154 0.057692307692307696 0.07211538461538461
0 0.47475961538461536 0.7788461538461539 0.04567307692307692 0.06009615384615385
0 0.4879807692307692 0.7487980769230769 0.04567307692307692 0.055288461538461536
0 0.5048076923076923 0.7355769230769231 0.04567307692307692 0.055288461538461536
0 0.5576923076923077 0.7475961538461539 0.04807692307692308 0.06971153846153846
0 0.3942307692307692 0.45913461538461536 0.05048076923076923 0.0673076923076923
0 0.3701923076923077 0.4074519230769231 0.04807692307692308 0.07211538461538461
0 0.3449519230769231 0.25600961538461536 0.036057692307692304 0.04326923076923077
0 0.3269230769230769 0.28365384615384615 0.04807692307692308 0.057692307692307696
0 0.28725961538461536 0.29086538461538464 0.052884615384615384 0.0673076923076923
0 0.234375 0.3425480769230769 0.028846153846153848 0.028846153846153848
0 0.3088942307692308 0.35697115384615385 0.057692307692307696 0.055288461538461536
0 0.15625 0.5252403846153846 0.038461538461538464 0.038461538461538464
0 0.1310096153846154 0.5576923076923077 0.052884615384615384 0.06971153846153846
0 0.15985576923076922 0.5901442307692307 0.04326923076923077 0.055288461538461536
0 0.14543269230769232 0.6526442307692307 0.052884615384615384 0.06009615384615385
0 0.20793269230769232 0.8197115384615384 0.04807692307692308 0.052884615384615384
0 0.31490384615384615 0.8257211538461539 0.055288461538461536 0.06009615384615385
0 0.375 0.013221153846153846 0.0625 0.026442307692307692