0 0.3389423076923077 0.3858173076923077 0.040865384615384616 0.04326923076923077
0 0.3798076923076923 0.3858173076923077 0.038461538461538464 0.04326923076923077
0 0.22956730769230768 0.45552884615384615 0.04567307692307692 0.04807692307692308
0 0.008413461538461538 0.4362980769230769 0.016826923076923076 0.05048076923076923
0 0.19230769230769232 0.5985576923076923 0.04326923076923077 0.04326923076923077
0 0.21514423076923078 0.5745192307692307 0.04567307692307692 0.04807692307692308
0 0.2439903846153846 0.5516826923076923 0.038461538461538464 0.040865384615384616
0 0.28966346153846156 0.5901442307692307 0.05048076923076923 0.05048076923076923
0 0.33653846153846156 0.5240384615384616 0.040865384615384616 0.040865384615384616
0 0.29086538461538464 0.15504807692307693 0.038461538461538464 0.040865384615384616
0 0.36778846153846156 0.052884615384615384 0.05048076923076923 0.052884615384615384
0 0.4182692307692308 0.01201923076923077 0.038461538461538464 0.02403846153846154
0 0.2512019230769231 0.6838942307692307 0.04326923076923077 0.04326923076923077
0 0.4675480769230769 0.8942307692307693 0.03365384615384615 0.036057692307692304
0 0.9278846153846154 0.4951923076923077 0.0625 0.06490384615384616
0 0.6237980769230769 0.5829326923076923 0.03365384615384615 0.03365384615384615
0 0.44471153846153844 0.703125 0.038461538461538464 0.038461538461538464
0 0.546875 0.9543269230769231 0.04567307692307692 0.04807692307692308
0 0.4362980769230769 0.90625 0.040865384615384616 0.04567307692307692
0 0.9627403846153846 0.7091346153846154 0.04326923076923077 0.04567307692307692
0 0.6911057692307693 0.859375 0.052884615384615384 0.055288461538461536
0 0.15865384615384615 0.13942307692307693 0.021634615384615384 0.021634615384615384
0 0.1201923076923077 0.20072115384615385 0.04807692307692308 0.04567307692307692
0 0.06370192307692307 0.2860576923076923 0.040865384615384616 0.040865384615384616
0 0.4266826923076923 0.36177884615384615 0.040865384615384616 0.040865384615384616
0 0.421875 0.5504807692307693 0.04807692307692308 0.04807692307692308
0 0.3317307692307692 0.7055288461538461 0.038461538461538464 0.040865384615384616
0 0.09615384615384616 0.3918269230769231 0.04326923076923077 0.04326923076923077
0 0.07091346153846154 0.44711538461538464 0.04807692307692308 0.05048076923076923
0 0.11658653846153846 0.4411057692307692 0.04326923076923077 0.04567307692307692
0 0.59375 0.7235576923076923 0.04326923076923077 0.04567307692307692
0 0.3545673076923077 0.1778846153846154 0.040865384615384616 0.040865384615384616
0 0.6538461538461539 0.5925480769230769 0.05048076923076923 0.052884615384615384
0 0.6574519230769231 0.5600961538461539 0.05048076923076923 0.055288461538461536
0 0.6141826923076923 0.5300480769230769 0.04567307692307692 0.05048076923076923
0 0.5300480769230769 0.4543269230769231 0.04807692307692308 0.05048076923076923
0 0.5108173076923077 0.4963942307692308 0.036057692307692304 0.036057692307692304
0 0.5697115384615384 0.6610576923076923 0.05048076923076923 0.052884615384615384
0 0.6875 0.7932692307692307 0.038461538461538464 0.040865384615384616
0 0.7259615384615384 0.8233173076923077 0.04567307692307692 0.04807692307692308
0 0.7524038461538461 0.8497596153846154 0.028846153846153848 0.03125
0 0.6382211538461539 0.8701923076923077 0.04326923076923077 0.04326923076923077
0 0.65625 0.8677884615384616 0.038461538461538464 0.040865384615384616
0 0.6454326923076923 0.8040865384615384 0.0625 0.0673076923076923
0 0.6622596153846154 0.7944711538461539 0.038461538461538464 0.04326923076923077
0 0.7199519230769231 0.7776442307692307 0.026442307692307692 0.028846153846153848
0 0.7355769230769231 0.7776442307692307 0.036057692307692304 0.038461538461538464
0 0.6586538461538461 0.6622596153846154 0.040865384615384616 0.04326923076923077
0 0.3088942307692308 0.6442307692307693 0.04567307692307692 0.04807692307692308
0 0.3762019230769231 0.7211538461538461 0.04326923076923077 0.04567307692307692
0 0.12860576923076922 0.36778846153846156 0.055288461538461536 0.06009615384615385
0 0.10817307692307693 0.33052884615384615 0.04807692307692308 0.052884615384615384
0 0.055288461538461536 0.3317307692307692 0.036057692307692304 0.036057692307692304
0 0.021634615384615384 0.32091346153846156 0.04326923076923077 0.06971153846153846
0 0.4675480769230769 0.39663461538461536 0.036057692307692304 0.036057692307692304
0 0.47596153846153844 0.4182692307692308 0.03125 0.03365384615384615