0 0.3942307692307692 0.6514423076923077 0.028846153846153848 0.04807692307692308
0 0.3629807692307692 0.7512019230769231 0.03365384615384615 0.038461538461538464
0 0.6490384615384616 0.5817307692307693 0.03125 0.04326923076923077
0 0.3293269230769231 0.29927884615384615 0.02403846153846154 0.03125
0 0.47475961538461536 0.5817307692307693 0.02403846153846154 0.05048076923076923
0 0.5144230769230769 0.5961538461538461 0.03125 0.040865384615384616
0 0.6021634615384616 0.2956730769230769 0.014423076923076924 0.028846153846153848
0 0.6550480769230769 0.6382211538461539 0.038461538461538464 0.03125
0 0.75 0.2704326923076923 0.02403846153846154 0.03365384615384615
0 0.7475961538461539 0.234375 0.028846153846153848 0.04807692307692308
0 0.6358173076923077 0.26802884615384615 0.026442307692307692 0.03125
0 0.6105769230769231 0.2620192307692308 0.019230769230769232 0.028846153846153848
0 0.5733173076923077 0.2512019230769231 0.026442307692307692 0.038461538461538464