0 0.47836538461538464 0.40625 0.04326923076923077 0.07451923076923077
0 0.7319711538461539 0.5240384615384616 0.05048076923076923 0.09134615384615384
0 0.9254807692307693 0.6778846153846154 0.06971153846153846 0.0985576923076923
0 0.7139423076923077 0.3076923076923077 0.06971153846153846 0.10096153846153846
0 0.6129807692307693 0.25841346153846156 0.040865384615384616 0.07932692307692307
0 0.6454326923076923 0.22596153846153846 0.04567307692307692 0.05048076923076923
0 0.6177884615384616 0.578125 0.04807692307692308 0.06971153846153846
0 0.5072115384615384 0.6610576923076923 0.05048076923076923 0.0625
0 0.6057692307692307 0.48677884615384615 0.040865384615384616 0.07932692307692307
0 0.7836538461538461 0.3858173076923077 0.06490384615384616 0.11057692307692307
0 0.16826923076923078 0.9711538461538461 0.057692307692307696 0.057692307692307696
0 0.10817307692307693 0.9915865384615384 0.052884615384615384 0.016826923076923076