0 0.1310096153846154 0.1935096153846154 0.09615384615384616 0.11057692307692307
0 0.38822115384615385 0.10817307692307693 0.06490384615384616 0.07451923076923077
0 0.4074519230769231 0.1310096153846154 0.07211538461538461 0.08413461538461539
0 0.359375 0.2644230769230769 0.07932692307692307 0.0889423076923077
0 0.4987980769230769 0.28725961538461536 0.06971153846153846 0.06971153846153846
0 0.5252403846153846 0.31850961538461536 0.0985576923076923 0.10096153846153846
0 0.625 0.35216346153846156 0.10336538461538461 0.11778846153846154
0 0.5108173076923077 0.3918269230769231 0.07211538461538461 0.06971153846153846
0 0.5408653846153846 0.5084134615384616 0.06490384615384616 0.06971153846153846
0 0.7548076923076923 0.22115384615384615 0.0889423076923077 0.08653846153846154
0 0.8557692307692307 0.16947115384615385 0.08173076923076923 0.07932692307692307
0 0.9579326923076923 0.6682692307692307 0.08413461538461539 0.11057692307692307
0 0.8942307692307693 0.6454326923076923 0.0625 0.06490384615384616
0 0.8173076923076923 0.7091346153846154 0.08173076923076923 0.09134615384615384
0 0.7788461538461539 0.6694711538461539 0.06490384615384616 0.0673076923076923
0 0.7055288461538461 0.6862980769230769 0.07451923076923077 0.08173076923076923