0 0.5805288461538461 0.07572115384615384 0.07211538461538461 0.07692307692307693
0 0.6274038461538461 0.18629807692307693 0.06490384615384616 0.07692307692307693
0 0.7632211538461539 0.2956730769230769 0.09134615384615384 0.09615384615384616
0 0.671875 0.2668269230769231 0.07932692307692307 0.08653846153846154
0 0.6838942307692307 0.15384615384615385 0.0673076923076923 0.07451923076923077
0 0.8125 0.21153846153846154 0.0985576923076923 0.11538461538461539
0 0.84375 0.140625 0.09134615384615384 0.07451923076923077
0 0.5901442307692307 0.45913461538461536 0.07692307692307693 0.10576923076923077
0 0.6129807692307693 0.78125 0.07451923076923077 0.07451923076923077
0 0.5300480769230769 0.8305288461538461 0.07692307692307693 0.07451923076923077
0 0.43028846153846156 0.9483173076923077 0.0889423076923077 0.10336538461538461
0 0.3557692307692308 0.9747596153846154 0.0673076923076923 0.05048076923076923
0 0.3557692307692308 0.9182692307692307 0.06009615384615385 0.057692307692307696
0 0.33413461538461536 0.8894230769230769 0.0673076923076923 0.07211538461538461
0 0.23197115384615385 0.8762019230769231 0.055288461538461536 0.06490384615384616
0 0.26322115384615385 0.7680288461538461 0.05048076923076923 0.0625
0 0.02403846153846154 0.7283653846153846 0.04807692307692308 0.08173076923076923
0 0.04927884615384615 0.390625 0.08653846153846154 0.09375
0 0.07572115384615384 0.2692307692307692 0.0625 0.07451923076923077
0 0.11298076923076923 0.49278846153846156 0.07451923076923077 0.08413461538461539
0 0.359375 0.22355769230769232 0.07932692307692307 0.0985576923076923
0 0.4254807692307692 0.53125 0.07932692307692307 0.09375
0 0.9855769230769231 0.5456730769230769 0.028846153846153848 0.08653846153846154
0 0.9867788461538461 0.3737980769230769 0.026442307692307692 0.08413461538461539
0 0.06370192307692307 0.8209134615384616 0.04807692307692308 0.036057692307692304
0 0.3173076923076923 0.15144230769230768 0.0673076923076923 0.08173076923076923