0 0.703125 0.6189903846153846 0.057692307692307696 0.055288461538461536
0 0.6418269230769231 0.6730769230769231 0.055288461538461536 0.040865384615384616
0 0.9086538461538461 0.2860576923076923 0.055288461538461536 0.04807692307692308
0 0.9050480769230769 0.5180288461538461 0.036057692307692304 0.052884615384615384
0 0.796875 0.6466346153846154 0.055288461538461536 0.055288461538461536
0 0.6730769230769231 0.4735576923076923 0.04567307692307692 0.0625
0 0.41466346153846156 0.33533653846153844 0.05048076923076923 0.036057692307692304
0 0.31971153846153844 0.3858173076923077 0.05048076923076923 0.052884615384615384
0 0.4050480769230769 0.44711538461538464 0.0673076923076923 0.057692307692307696
0 0.44350961538461536 0.5228365384615384 0.05048076923076923 0.052884615384615384
0 0.36538461538461536 0.5504807692307693 0.06490384615384616 0.052884615384615384
0 0.4338942307692308 0.12740384615384615 0.057692307692307696 0.04807692307692308
0 0.3233173076923077 0.30528846153846156 0.07451923076923077 0.06009615384615385
0 0.6069711538461539 0.7211538461538461 0.08173076923076923 0.07692307692307693
0 0.8449519230769231 0.7259615384615384 0.052884615384615384 0.052884615384615384
0 0.9098557692307693 0.8100961538461539 0.04326923076923077 0.04567307692307692
0 0.45072115384615385 0.37740384615384615 0.07451923076923077 0.040865384615384616
0 0.19951923076923078 0.5817307692307693 0.07692307692307693 0.0673076923076923
0 0.7776442307692307 0.734375 0.04567307692307692 0.038461538461538464
0 0.7163461538461539 0.8185096153846154 0.055288461538461536 0.06490384615384616
0 0.234375 0.3701923076923077 0.038461538461538464 0.04326923076923077
0 0.23798076923076922 0.40865384615384615 0.04807692307692308 0.04326923076923077