0 0.6646634615384616 0.7620192307692307 0.0673076923076923 0.07692307692307693
0 0.7403846153846154 0.7572115384615384 0.06009615384615385 0.09375
0 0.9627403846153846 0.6790865384615384 0.07451923076923077 0.08413461538461539
0 0.9783653846153846 0.78125 0.04326923076923077 0.08653846153846154
0 0.9927884615384616 0.5757211538461539 0.014423076923076924 0.06009615384615385
0 0.7319711538461539 0.17548076923076922 0.06009615384615385 0.055288461538461536
0 0.7367788461538461 0.22596153846153846 0.04567307692307692 0.06490384615384616
0 0.6658653846153846 0.16947115384615385 0.055288461538461536 0.07211538461538461
0 0.7788461538461539 0.17067307692307693 0.06490384615384616 0.07451923076923077
0 0.44711538461538464 0.16706730769230768 0.0625 0.08653846153846154
0 0.30408653846153844 0.3641826923076923 0.0673076923076923 0.07211538461538461
0 0.27163461538461536 0.5805288461538461 0.08173076923076923 0.09375
0 0.5661057692307693 0.9074519230769231 0.06009615384615385 0.0889423076923077