0 0.31009615384615385 0.06850961538461539 0.04567307692307692 0.04326923076923077
0 0.23677884615384615 0.2512019230769231 0.055288461538461536 0.057692307692307696
0 0.16346153846153846 0.35336538461538464 0.04326923076923077 0.04807692307692308
0 0.21875 0.328125 0.04326923076923077 0.05048076923076923
0 0.15985576923076922 0.4639423076923077 0.05048076923076923 0.055288461538461536
0 0.07572115384615384 0.6009615384615384 0.040865384615384616 0.04326923076923077
0 0.09615384615384616 0.6322115384615384 0.04567307692307692 0.057692307692307696
0 0.47596153846153844 0.3641826923076923 0.036057692307692304 0.040865384615384616
0 0.36538461538461536 0.3954326923076923 0.04567307692307692 0.05048076923076923
0 0.28125 0.33413461538461536 0.06009615384615385 0.06490384615384616
0 0.6129807692307693 0.6141826923076923 0.036057692307692304 0.05048076923076923
0 0.3605769230769231 0.5276442307692307 0.05048076923076923 0.05048076923076923
0 0.6550480769230769 0.5444711538461539 0.040865384615384616 0.040865384615384616
0 0.3016826923076923 0.39663461538461536 0.04326923076923077 0.052884615384615384
0 0.7295673076923077 0.5504807692307693 0.038461538461538464 0.04326923076923077
0 0.3125 0.6430288461538461 0.052884615384615384 0.07211538461538461
0 0.07211538461538461 0.6682692307692307 0.04326923076923077 0.057692307692307696
0 0.3245192307692308 0.11177884615384616 0.055288461538461536 0.07211538461538461