0 0.23918269230769232 0.2704326923076923 0.04326923076923077 0.06009615384615385
0 0.18509615384615385 0.3942307692307692 0.036057692307692304 0.03365384615384615
0 0.23798076923076922 0.34615384615384615 0.040865384615384616 0.06009615384615385
0 0.29927884615384615 0.3401442307692308 0.040865384615384616 0.06009615384615385
0 0.2848557692307692 0.06850961538461539 0.052884615384615384 0.052884615384615384
0 0.3076923076923077 0.0985576923076923 0.04807692307692308 0.04567307692307692
0 0.39903846153846156 0.39663461538461536 0.04326923076923077 0.07451923076923077
0 0.5072115384615384 0.3449519230769231 0.038461538461538464 0.06009615384615385
0 0.3317307692307692 0.4206730769230769 0.040865384615384616 0.052884615384615384
0 0.41586538461538464 0.53125 0.04567307692307692 0.040865384615384616
0 0.203125 0.5132211538461539 0.04807692307692308 0.04326923076923077
0 0.7007211538461539 0.5889423076923077 0.052884615384615384 0.07932692307692307
0 0.734375 0.5024038461538461 0.04807692307692308 0.04567307692307692
0 0.8173076923076923 0.49278846153846156 0.04326923076923077 0.05048076923076923
0 0.8353365384615384 0.34134615384615385 0.03365384615384615 0.038461538461538464
0 0.6117788461538461 0.9447115384615384 0.036057692307692304 0.04807692307692308
0 0.65625 0.9507211538461539 0.040865384615384616 0.06490384615384616
0 0.390625 0.6694711538461539 0.04326923076923077 0.06490384615384616
0 0.16947115384615385 0.6923076923076923 0.055288461538461536 0.052884615384615384
0 0.13581730769230768 0.6598557692307693 0.04326923076923077 0.04326923076923077
0 0.15384615384615385 0.7307692307692307 0.04807692307692308 0.05048076923076923