0 0.23197115384615385 0.3233173076923077 0.019230769230769232 0.03125
0 0.3401442307692308 0.3762019230769231 0.021634615384615384 0.038461538461538464
0 0.6033653846153846 0.25961538461538464 0.028846153846153848 0.046875
0 0.6153846153846154 0.07692307692307693 0.0673076923076923 0.025240384615384616
0 0.6370192307692307 0.45552884615384615 0.02403846153846154 0.018028846153846152
0 0.6177884615384616 0.4579326923076923 0.027644230769230768 0.025240384615384616
0 0.07692307692307693 0.15625 0.03485576923076923 0.03485576923076923
0 0.0733173076923077 0.3545673076923077 0.04447115384615385 0.028846153846153848
0 0.8401442307692307 0.06370192307692307 0.04567307692307692 0.028846153846153848
0 0.8858173076923077 0.12620192307692307 0.04567307692307692 0.01201923076923077
0 0.9723557692307693 0.4567307692307692 0.046875 0.027644230769230768
0 0.7055288461538461 0.3894230769230769 0.042067307692307696 0.026442307692307692
0 0.5108173076923077 0.0829326923076923 0.037259615384615384 0.030048076923076924
0 0.5324519230769231 0.3161057692307692 0.042067307692307696 0.04927884615384615
0 0.1658653846153846 0.12980769230769232 0.039663461538461536 0.036057692307692304
0 0.18990384615384615 0.09134615384615384 0.04567307692307692 0.03485576923076923
0 0.2620192307692308 0.36778846153846156 0.037259615384615384 0.02283653846153846
0 0.14302884615384615 0.39903846153846156 0.03485576923076923 0.03245192307692308
0 0.27884615384615385 0.7896634615384616 0.055288461538461536 0.03245192307692308
0 0.0985576923076923 0.296875 0.02283653846153846 0.04447115384615385
0 0.2824519230769231 0.45552884615384615 0.02403846153846154 0.042067307692307696
0 0.6911057692307693 0.4495192307692308 0.03485576923076923 0.039663461538461536
0 0.734375 0.35096153846153844 0.036057692307692304 0.036057692307692304
0 0.40384615384615385 0.1658653846153846 0.03125 0.036057692307692304
0 0.09134615384615384 0.07211538461538461 0.039663461538461536 0.020432692307692308
0 0.6382211538461539 0.15144230769230768 0.03365384615384615 0.04567307692307692
0 0.24639423076923078 0.5360576923076923 0.04326923076923077 0.06370192307692307
0 0.3485576923076923 0.49759615384615385 0.030048076923076924 0.026442307692307692
0 0.8978365384615384 0.17067307692307693 0.056490384615384616 0.0673076923076923