0 0.7151442307692307 0.640625 0.06009615384615385 0.057692307692307696
0 0.6490384615384616 0.6911057692307693 0.055288461538461536 0.04326923076923077
0 0.9591346153846154 0.3161057692307692 0.057692307692307696 0.052884615384615384
0 0.9326923076923077 0.5552884615384616 0.038461538461538464 0.057692307692307696
0 0.8112980769230769 0.6778846153846154 0.057692307692307696 0.057692307692307696
0 0.6995192307692307 0.4879807692307692 0.04807692307692308 0.06490384615384616
0 0.44591346153846156 0.3233173076923077 0.052884615384615384 0.038461538461538464
0 0.3425480769230769 0.36658653846153844 0.052884615384615384 0.055288461538461536
0 0.4266826923076923 0.4375 0.06971153846153846 0.0625
0 0.4579326923076923 0.5168269230769231 0.052884615384615384 0.055288461538461536
0 0.3762019230769231 0.5396634615384616 0.06971153846153846 0.055288461538461536
0 0.484375 0.11177884615384616 0.0625 0.05048076923076923
0 0.3545673076923077 0.28365384615384615 0.07692307692307693 0.0625
0 0.6081730769230769 0.7367788461538461 0.08413461538461539 0.08173076923076923
0 0.8521634615384616 0.7632211538461539 0.057692307692307696 0.055288461538461536
0 0.9122596153846154 0.8545673076923077 0.04567307692307692 0.04807692307692308
0 0.4795673076923077 0.3701923076923077 0.07692307692307693 0.04326923076923077
0 0.20192307692307693 0.5564903846153846 0.07932692307692307 0.06971153846153846
0 0.7824519230769231 0.765625 0.04567307692307692 0.040865384615384616
0 0.7127403846153846 0.8473557692307693 0.057692307692307696 0.0673076923076923
0 0.25721153846153844 0.3425480769230769 0.038461538461538464 0.04326923076923077
0 0.25841346153846156 0.38100961538461536 0.04807692307692308 0.04567307692307692