0 0.23798076923076922 0.26322115384615385 0.039663461538461536 0.05048076923076923
0 0.29447115384615385 0.23918269230769232 0.039663461538461536 0.04807692307692308
0 0.45072115384615385 0.25 0.040865384615384616 0.0673076923076923
0 0.5637019230769231 0.042067307692307696 0.039663461538461536 0.055288461538461536
0 0.6598557692307693 0.09134615384615384 0.036057692307692304 0.06610576923076923
0 0.6971153846153846 0.15504807692307693 0.027644230769230768 0.04447115384615385
0 0.765625 0.25600961538461536 0.03365384615384615 0.056490384615384616
0 0.6610576923076923 0.2439903846153846 0.040865384615384616 0.046875
0 0.6899038461538461 0.28125 0.027644230769230768 0.03485576923076923
0 0.6274038461538461 0.3269230769230769 0.03365384615384615 0.051682692307692304
0 0.6442307692307693 0.41346153846153844 0.027644230769230768 0.05889423076923077
0 0.6983173076923077 0.4170673076923077 0.042067307692307696 0.04326923076923077
0 0.7475961538461539 0.38822115384615385 0.03245192307692308 0.042067307692307696
0 0.7403846153846154 0.41586538461538464 0.02403846153846154 0.051682692307692304
0 0.5192307692307693 0.3545673076923077 0.042067307692307696 0.052884615384615384
0 0.5516826923076923 0.4567307692307692 0.03365384615384615 0.05048076923076923
0 0.5637019230769231 0.5228365384615384 0.036057692307692304 0.04326923076923077
0 0.6081730769230769 0.5709134615384616 0.016826923076923076 0.027644230769230768
0 0.6694711538461539 0.6478365384615384 0.026442307692307692 0.055288461538461536
0 0.7151442307692307 0.6550480769230769 0.030048076923076924 0.036057692307692304
0 0.7259615384615384 0.6826923076923077 0.025240384615384616 0.03485576923076923
0 0.7019230769230769 0.7067307692307693 0.036057692307692304 0.051682692307692304
0 0.7956730769230769 0.7463942307692307 0.03485576923076923 0.052884615384615384
0 0.7896634615384616 0.8100961538461539 0.016826923076923076 0.026442307692307692
0 0.6694711538461539 0.8389423076923077 0.02283653846153846 0.05048076923076923
0 0.6478365384615384 0.8473557692307693 0.027644230769230768 0.054086538461538464
0 0.6298076923076923 0.7920673076923077 0.040865384615384616 0.040865384615384616
0 0.5805288461538461 0.8377403846153846 0.03485576923076923 0.0625
0 0.5769230769230769 0.7644230769230769 0.027644230769230768 0.052884615384615384
0 0.578125 0.7319711538461539 0.030048076923076924 0.04447115384615385
0 0.5877403846153846 0.7151442307692307 0.030048076923076924 0.046875
0 0.640625 0.7055288461538461 0.02283653846153846 0.06610576923076923
0 0.38461538461538464 0.5084134615384616 0.026442307692307692 0.05889423076923077
0 0.34134615384615385 0.4699519230769231 0.02403846153846154 0.06610576923076923
0 0.2620192307692308 0.3449519230769231 0.021634615384615384 0.037259615384615384
0 0.25721153846153844 0.37740384615384615 0.03125 0.046875
0 0.22355769230769232 0.39783653846153844 0.030048076923076924 0.057692307692307696
0 0.19591346153846154 0.4639423076923077 0.02283653846153846 0.02283653846153846
0 0.26802884615384615 0.4495192307692308 0.04447115384615385 0.039663461538461536
0 0.19471153846153846 0.6586538461538461 0.030048076923076924 0.027644230769230768
0 0.18509615384615385 0.6971153846153846 0.030048076923076924 0.06009615384615385
0 0.22355769230769232 0.7151442307692307 0.026442307692307692 0.046875
0 0.23317307692307693 0.7764423076923077 0.03365384615384615 0.05048076923076923
0 0.35336538461538464 0.9038461538461539 0.03365384615384615 0.042067307692307696
0 0.4519230769230769 0.8677884615384616 0.038461538461538464 0.04807692307692308
0 0.0733173076923077 0.8137019230769231 0.04447115384615385 0.055288461538461536
0 0.016826923076923076 0.8581730769230769 0.030048076923076924 0.04807692307692308
0 0.18990384615384615 0.09495192307692307 0.039663461538461536 0.06370192307692307