0 0.7512019230769231 0.19471153846153846 0.036057692307692304 0.0829326923076923
0 0.7668269230769231 0.2932692307692308 0.05048076923076923 0.055288461538461536
0 0.84375 0.32091346153846156 0.028846153846153848 0.06971153846153846
0 0.8942307692307693 0.35697115384615385 0.042067307692307696 0.06009615384615385
0 0.7896634615384616 0.057692307692307696 0.040865384615384616 0.055288461538461536
0 0.7259615384615384 0.08774038461538461 0.04447115384615385 0.05048076923076923
0 0.6850961538461539 0.5757211538461539 0.03485576923076923 0.055288461538461536
0 0.7295673076923077 0.5877403846153846 0.02403846153846154 0.06971153846153846
0 0.7415865384615384 0.6550480769230769 0.03485576923076923 0.06610576923076923
0 0.5661057692307693 0.7223557692307693 0.040865384615384616 0.06370192307692307
0 0.46634615384615385 0.7235576923076923 0.04326923076923077 0.04927884615384615
0 0.5036057692307693 0.7716346153846154 0.03365384615384615 0.078125
0 0.4050480769230769 0.8185096153846154 0.051682692307692304 0.06610576923076923
0 0.34615384615384615 0.7463942307692307 0.039663461538461536 0.07692307692307693
0 0.9591346153846154 0.7355769230769231 0.046875 0.06370192307692307
0 0.9459134615384616 0.07091346153846154 0.036057692307692304 0.0673076923076923