0 0.21153846153846154 0.2764423076923077 0.020432692307692308 0.036057692307692304
0 0.19230769230769232 0.265625 0.01201923076923077 0.015625
0 0.6850961538461539 0.44350961538461536 0.020432692307692308 0.04326923076923077
0 0.7259615384615384 0.46875 0.025240384615384616 0.03125
0 0.7548076923076923 0.5492788461538461 0.02283653846153846 0.026442307692307692
0 0.7463942307692307 0.5853365384615384 0.026442307692307692 0.025240384615384616
0 0.7223557692307693 0.7211538461538461 0.025240384615384616 0.042067307692307696
0 0.7524038461538461 0.7091346153846154 0.021634615384615384 0.03125
0 0.9266826923076923 0.41225961538461536 0.019230769230769232 0.03485576923076923
0 0.9435096153846154 0.46274038461538464 0.015625 0.03365384615384615
0 0.9735576923076923 0.22355769230769232 0.015625 0.038461538461538464
0 0.9459134615384616 0.22716346153846154 0.010817307692307692 0.03485576923076923
0 0.9375 0.22956730769230768 0.008413461538461538 0.02403846153846154
0 0.5841346153846154 0.7415865384615384 0.021634615384615384 0.037259615384615384
0 0.7788461538461539 0.7584134615384616 0.018028846153846152 0.028846153846153848
0 0.7872596153846154 0.7067307692307693 0.014423076923076924 0.040865384615384616
0 0.9242788461538461 0.6766826923076923 0.009615384615384616 0.028846153846153848
0 0.921875 0.7079326923076923 0.014423076923076924 0.03125
0 0.9074519230769231 0.6706730769230769 0.021634615384615384 0.039663461538461536
0 0.9338942307692307 0.6514423076923077 0.015625 0.037259615384615384
0 0.9675480769230769 0.53125 0.019230769230769232 0.02403846153846154
0 0.5612980769230769 0.6430288461538461 0.015625 0.020432692307692308
0 0.09375 0.2439903846153846 0.018028846153846152 0.04807692307692308