0 0.390625 0.6502403846153846 0.028846153846153848 0.06490384615384616
0 0.3557692307692308 0.7379807692307693 0.026442307692307692 0.06490384615384616
0 0.6550480769230769 0.6310096153846154 0.02403846153846154 0.04807692307692308
0 0.6502403846153846 0.5769230769230769 0.026442307692307692 0.04326923076923077
0 0.6766826923076923 0.9639423076923077 0.026442307692307692 0.026442307692307692
0 0.7043269230769231 0.5336538461538461 0.03365384615384615 0.040865384615384616
0 0.6081730769230769 0.2548076923076923 0.019230769230769232 0.036057692307692304
0 0.33052884615384615 0.28966346153846156 0.03365384615384615 0.052884615384615384
0 0.5012019230769231 0.5745192307692307 0.004807692307692308 0.002403846153846154
0 0.5204326923076923 0.6009615384615384 0.02403846153846154 0.040865384615384616
0 0.4735576923076923 0.5889423076923077 0.02403846153846154 0.038461538461538464
0 0.27283653846153844 0.4098557692307692 0.019230769230769232 0.03125