0 0.23197115384615385 0.26322115384615385 0.03125 0.03125
0 0.22716346153846154 0.4387019230769231 0.03485576923076923 0.04447115384615385
0 0.3269230769230769 0.5540865384615384 0.03245192307692308 0.04447115384615385
0 0.38461538461538464 0.5240384615384616 0.016826923076923076 0.037259615384615384
0 0.421875 0.6370192307692307 0.02283653846153846 0.028846153846153848
0 0.6862980769230769 0.5673076923076923 0.030048076923076924 0.051682692307692304
0 0.6766826923076923 0.6430288461538461 0.03245192307692308 0.051682692307692304
0 0.23557692307692307 0.6490384615384616 0.02403846153846154 0.038461538461538464
0 0.28966346153846156 0.49158653846153844 0.03125 0.046875
0 0.25721153846153844 0.3004807692307692 0.030048076923076924 0.036057692307692304
0 0.23918269230769232 0.8088942307692307 0.03365384615384615 0.030048076923076924
0 0.23798076923076922 0.5108173076923077 0.021634615384615384 0.05889423076923077
0 0.203125 0.5432692307692307 0.03245192307692308 0.040865384615384616
0 0.20192307692307693 0.7800480769230769 0.026442307692307692 0.03245192307692308
0 0.2283653846153846 0.8485576923076923 0.028846153846153848 0.04326923076923077
0 0.6646634615384616 0.9615384615384616 0.02403846153846154 0.038461538461538464
0 0.7536057692307693 0.5336538461538461 0.028846153846153848 0.037259615384615384
0 0.4411057692307692 0.6057692307692307 0.016826923076923076 0.03245192307692308
0 0.4230769230769231 0.7512019230769231 0.025240384615384616 0.06370192307692307