0 0.5216346153846154 0.7980769230769231 0.046875 0.056490384615384616
0 0.5877403846153846 0.8125 0.03485576923076923 0.07572115384615384
0 0.7956730769230769 0.796875 0.052884615384615384 0.06370192307692307
0 0.8016826923076923 0.890625 0.054086538461538464 0.06490384615384616
0 0.8954326923076923 0.8293269230769231 0.039663461538461536 0.07091346153846154
0 0.8629807692307693 0.7223557692307693 0.039663461538461536 0.04326923076923077
0 0.9302884615384616 0.2620192307692308 0.039663461538461536 0.039663461538461536
0 0.7127403846153846 0.31490384615384615 0.04326923076923077 0.039663461538461536
0 0.7067307692307693 0.3581730769230769 0.027644230769230768 0.051682692307692304
0 0.6598557692307693 0.29447115384615385 0.03485576923076923 0.056490384615384616
0 0.7548076923076923 0.32091346153846156 0.04447115384615385 0.056490384615384616
0 0.4723557692307692 0.24158653846153846 0.038461538461538464 0.06850961538461539
0 0.30528846153846156 0.37740384615384615 0.04567307692307692 0.052884615384615384
0 0.2283653846153846 0.5552884615384616 0.056490384615384616 0.06971153846153846
0 0.4050480769230769 0.9002403846153846 0.03485576923076923 0.07211538461538461
0 0.9399038461538461 0.3076923076923077 0.037259615384615384 0.03125
0 0.9098557692307693 0.46153846153846156 0.036057692307692304 0.046875