0 0.10216346153846154 0.06370192307692307 0.04807692307692308 0.08052884615384616
0 0.11778846153846154 0.20552884615384615 0.06129807692307692 0.057692307692307696
0 0.2764423076923077 0.43028846153846156 0.06971153846153846 0.07692307692307693
0 0.29086538461538464 0.6069711538461539 0.08774038461538461 0.08173076923076923
0 0.32211538461538464 0.7956730769230769 0.040865384615384616 0.07572115384615384
0 0.3798076923076923 0.7439903846153846 0.0673076923076923 0.04326923076923077
0 0.4387019230769231 0.6550480769230769 0.06610576923076923 0.0625
0 0.4362980769230769 0.5661057692307693 0.0625 0.05889423076923077
0 0.40024038461538464 0.515625 0.05048076923076923 0.07932692307692307
0 0.49038461538461536 0.35096153846153844 0.051682692307692304 0.0829326923076923
0 0.5769230769230769 0.42908653846153844 0.04447115384615385 0.0733173076923077
0 0.703125 0.41947115384615385 0.04927884615384615 0.09735576923076923
0 0.7079326923076923 0.6923076923076923 0.05048076923076923 0.07451923076923077
0 0.8365384615384616 0.7319711538461539 0.04326923076923077 0.10697115384615384
0 0.8569711538461539 0.6418269230769231 0.057692307692307696 0.06370192307692307
0 0.9675480769230769 0.6646634615384616 0.046875 0.11778846153846154
0 0.8942307692307693 0.7716346153846154 0.05889423076923077 0.04927884615384615
0 0.4326923076923077 0.5228365384615384 0.037259615384615384 0.07091346153846154
0 0.7367788461538461 0.9699519230769231 0.055288461538461536 0.04927884615384615
0 0.9723557692307693 0.8774038461538461 0.030048076923076924 0.054086538461538464
0 0.46274038461538464 0.8197115384615384 0.046875 0.06971153846153846
0 0.47596153846153844 0.7548076923076923 0.040865384615384616 0.0829326923076923