0 0.7752403846153846 0.6189903846153846 0.07211538461538461 0.08653846153846154
0 0.7175480769230769 0.6478365384615384 0.055288461538461536 0.06009615384615385
0 0.6634615384615384 0.7956730769230769 0.08173076923076923 0.08653846153846154
0 0.6887019230769231 0.9399038461538461 0.0673076923076923 0.06971153846153846
0 0.9290865384615384 0.4951923076923077 0.07932692307692307 0.08653846153846154
0 0.9783653846153846 0.5673076923076923 0.04326923076923077 0.07211538461538461
0 0.9555288461538461 0.39783653846153844 0.057692307692307696 0.055288461538461536
0 0.6310096153846154 0.14182692307692307 0.055288461538461536 0.057692307692307696
0 0.6478365384615384 0.17908653846153846 0.04807692307692308 0.057692307692307696
0 0.5805288461538461 0.1502403846153846 0.0625 0.06971153846153846
0 0.6646634615384616 0.11658653846153846 0.057692307692307696 0.057692307692307696
0 0.3449519230769231 0.3137019230769231 0.06490384615384616 0.07211538461538461
0 0.31009615384615385 0.40024038461538464 0.06490384615384616 0.0673076923076923
0 0.10817307692307693 0.4266826923076923 0.038461538461538464 0.040865384615384616
0 0.3894230769230769 0.19951923076923078 0.05048076923076923 0.055288461538461536
0 0.7740384615384616 0.009615384615384616 0.02403846153846154 0.019230769230769232