0 0.07451923076923077 0.5072115384615384 0.04807692307692308 0.04807692307692308
0 0.16947115384615385 0.6826923076923077 0.06009615384615385 0.06490384615384616
0 0.33413461538461536 0.7391826923076923 0.057692307692307696 0.0625
0 0.3737980769230769 0.6778846153846154 0.038461538461538464 0.04567307692307692
0 0.47475961538461536 0.7668269230769231 0.040865384615384616 0.04326923076923077
0 0.6959134615384616 0.5480769230769231 0.057692307692307696 0.0673076923076923
0 0.7295673076923077 0.6286057692307693 0.06009615384615385 0.06971153846153846
0 0.2980769230769231 0.8858173076923077 0.04567307692307692 0.05048076923076923
0 0.2620192307692308 0.6995192307692307 0.057692307692307696 0.06490384615384616
0 0.1201923076923077 0.5288461538461539 0.05048076923076923 0.052884615384615384
0 0.22115384615384615 0.7487980769230769 0.055288461538461536 0.06971153846153846
0 0.20552884615384615 0.8004807692307693 0.055288461538461536 0.057692307692307696
0 0.7439903846153846 0.47716346153846156 0.04807692307692308 0.052884615384615384
0 0.47596153846153844 0.7271634615384616 0.03365384615384615 0.040865384615384616
0 0.5408653846153846 0.8810096153846154 0.06009615384615385 0.07692307692307693