0 0.28125 0.16826923076923078 0.04326923076923077 0.040865384615384616
0 0.26322115384615385 0.11658653846153846 0.04807692307692308 0.055288461538461536
0 0.19591346153846154 0.31009615384615385 0.04807692307692308 0.0625
0 0.18629807692307693 0.3918269230769231 0.036057692307692304 0.04326923076923077
0 0.33774038461538464 0.46634615384615385 0.03125 0.040865384615384616
0 0.34615384615384615 0.5913461538461539 0.03365384615384615 0.040865384615384616
0 0.13221153846153846 0.5432692307692307 0.04326923076923077 0.055288461538461536
0 0.07211538461538461 0.71875 0.04567307692307692 0.052884615384615384
0 0.1310096153846154 0.43028846153846156 0.040865384615384616 0.04567307692307692
0 0.2704326923076923 0.46634615384615385 0.04326923076923077 0.052884615384615384
0 0.609375 0.6887019230769231 0.038461538461538464 0.057692307692307696
0 0.056490384615384616 0.7608173076923077 0.04807692307692308 0.05048076923076923
0 0.04927884615384615 0.6899038461538461 0.02403846153846154 0.03365384615384615
0 0.25 0.3954326923076923 0.038461538461538464 0.04807692307692308