0 0.546875 0.4543269230769231 0.04567307692307692 0.057692307692307696
0 0.6045673076923077 0.4651442307692308 0.04807692307692308 0.055288461538461536
0 0.5865384615384616 0.7680288461538461 0.06009615384615385 0.07211538461538461
0 0.44471153846153844 0.8713942307692307 0.04567307692307692 0.05048076923076923
0 0.47596153846153844 0.4639423076923077 0.04567307692307692 0.04326923076923077
0 0.7896634615384616 0.27403846153846156 0.04807692307692308 0.052884615384615384
0 0.7379807692307693 0.2127403846153846 0.052884615384615384 0.052884615384615384
0 0.8401442307692307 0.2608173076923077 0.055288461538461536 0.055288461538461536
0 0.7740384615384616 0.15264423076923078 0.038461538461538464 0.040865384615384616
0 0.65625 0.28125 0.057692307692307696 0.055288461538461536
0 0.9290865384615384 0.5348557692307693 0.057692307692307696 0.07211538461538461
0 0.9639423076923077 0.6237980769230769 0.0625 0.06009615384615385
0 0.9362980769230769 0.6802884615384616 0.0625 0.06971153846153846
0 0.8305288461538461 0.7704326923076923 0.057692307692307696 0.06009615384615385
0 0.36778846153846156 0.9194711538461539 0.057692307692307696 0.05048076923076923
0 0.41947115384615385 0.9507211538461539 0.0625 0.06490384615384616
0 0.34615384615384615 0.9939903846153846 0.052884615384615384 0.01201923076923077
0 0.42788461538461536 0.39783653846153844 0.06490384615384616 0.08653846153846154
0 0.5721153846153846 0.010817307692307692 0.07211538461538461 0.021634615384615384
0 0.5504807692307693 0.21754807692307693 0.06009615384615385 0.06490384615384616
0 0.7776442307692307 0.4098557692307692 0.052884615384615384 0.05048076923076923
0 0.9831730769230769 0.5072115384615384 0.03365384615384615 0.057692307692307696
0 0.7620192307692307 0.84375 0.052884615384615384 0.055288461538461536
0 0.5048076923076923 0.7163461538461539 0.055288461538461536 0.06490384615384616
0 0.7319711538461539 0.12980769230769232 0.03365384615384615 0.036057692307692304
0 0.828125 0.0985576923076923 0.055288461538461536 0.06971153846153846
0 0.2776442307692308 0.18870192307692307 0.057692307692307696 0.07211538461538461
0 0.26802884615384615 0.09254807692307693 0.04807692307692308 0.052884615384615384
0 0.21634615384615385 0.10817307692307693 0.04567307692307692 0.04567307692307692
0 0.8798076923076923 0.5576923076923077 0.05048076923076923 0.052884615384615384
0 0.8954326923076923 0.6141826923076923 0.05048076923076923 0.06009615384615385
0 0.9951923076923077 0.6706730769230769 0.009615384615384616 0.0625
0 0.6682692307692307 0.014423076923076924 0.052884615384615384 0.028846153846153848
0 0.7259615384615384 0.03485576923076923 0.0625 0.06971153846153846
0 0.2644230769230769 0.9711538461538461 0.052884615384615384 0.057692307692307696
0 0.36658653846153844 0.3112980769230769 0.04567307692307692 0.05048076923076923
0 0.8737980769230769 0.203125 0.05048076923076923 0.055288461538461536
0 0.8822115384615384 0.24519230769230768 0.038461538461538464 0.052884615384615384