0 0.22115384615384615 0.1045673076923077 0.07091346153846154 0.06370192307692307
0 0.2764423076923077 0.14783653846153846 0.06490384615384616 0.04447115384615385
0 0.19471153846153846 0.34975961538461536 0.0733173076923077 0.05048076923076923
0 0.13822115384615385 0.49158653846153844 0.06610576923076923 0.055288461538461536
0 0.21754807692307693 0.4362980769230769 0.03485576923076923 0.055288461538461536
0 0.3485576923076923 0.4254807692307692 0.04447115384615385 0.05889423076923077
0 0.4362980769230769 0.5036057692307693 0.052884615384615384 0.056490384615384616
0 0.5637019230769231 0.46153846153846156 0.04567307692307692 0.06370192307692307
0 0.765625 0.3798076923076923 0.039663461538461536 0.0829326923076923
0 0.703125 0.5829326923076923 0.052884615384615384 0.06490384615384616
0 0.19591346153846154 0.9026442307692307 0.05048076923076923 0.07211538461538461
0 0.6442307692307693 0.7860576923076923 0.04447115384615385 0.06370192307692307
0 0.056490384615384616 0.24158653846153846 0.03125 0.06129807692307692
0 0.13581730769230768 0.025240384615384616 0.018028846153846152 0.021634615384615384