0 0.23677884615384615 0.03125 0.04807692307692308 0.052884615384615384
0 0.5240384615384616 0.09975961538461539 0.055288461538461536 0.057692307692307696
0 0.24519230769230768 0.11778846153846154 0.040865384615384616 0.04567307692307692
0 0.3076923076923077 0.42908653846153844 0.0625 0.06009615384615385
0 0.45552884615384615 0.3485576923076923 0.052884615384615384 0.0673076923076923
0 0.6213942307692307 0.5252403846153846 0.0625 0.0673076923076923
0 0.7295673076923077 0.4579326923076923 0.07211538461538461 0.057692307692307696
0 0.17427884615384615 0.24278846153846154 0.07692307692307693 0.06971153846153846
0 0.6129807692307693 0.3389423076923077 0.06971153846153846 0.06490384615384616
0 0.39663461538461536 0.46875 0.06009615384615385 0.0625
0 0.32572115384615385 0.5456730769230769 0.07451923076923077 0.0889423076923077
0 0.5192307692307693 0.37259615384615385 0.04807692307692308 0.06971153846153846
0 0.7175480769230769 0.5180288461538461 0.052884615384615384 0.07211538461538461
0 0.8016826923076923 0.4495192307692308 0.05048076923076923 0.057692307692307696
0 0.7367788461538461 0.09014423076923077 0.06009615384615385 0.06971153846153846
0 0.4266826923076923 0.5420673076923077 0.07451923076923077 0.07211538461538461
0 0.4579326923076923 0.6165865384615384 0.04807692307692308 0.07692307692307693
0 0.4495192307692308 0.65625 0.06009615384615385 0.0673076923076923
0 0.3954326923076923 0.6105769230769231 0.06009615384615385 0.06971153846153846
0 0.3485576923076923 0.6862980769230769 0.06490384615384616 0.10817307692307693
0 0.5120192307692307 0.7548076923076923 0.06971153846153846 0.10576923076923077
0 0.6598557692307693 0.6911057692307693 0.057692307692307696 0.08413461538461539
0 0.890625 0.2980769230769231 0.052884615384615384 0.07211538461538461
0 0.8389423076923077 0.2548076923076923 0.052884615384615384 0.07211538461538461
0 0.46153846153846156 0.11658653846153846 0.04567307692307692 0.07211538461538461
0 0.2824519230769231 0.021634615384615384 0.05048076923076923 0.04326923076923077
0 0.12139423076923077 0.09735576923076923 0.05048076923076923 0.07451923076923077
0 0.9783653846153846 0.18269230769230768 0.040865384615384616 0.07211538461538461
0 0.9483173076923077 0.20673076923076922 0.04326923076923077 0.06009615384615385