0 0.45072115384615385 0.30649038461538464 0.02403846153846154 0.038461538461538464
0 0.48197115384615385 0.328125 0.019230769230769232 0.040865384615384616
0 0.3293269230769231 0.30288461538461536 0.028846153846153848 0.038461538461538464
0 0.15504807692307693 0.16346153846153846 0.03365384615384615 0.038461538461538464
0 0.22596153846153846 0.3942307692307692 0.028846153846153848 0.036057692307692304
0 0.25600961538461536 0.38822115384615385 0.026442307692307692 0.040865384615384616
0 0.28846153846153844 0.38461538461538464 0.02403846153846154 0.03365384615384615
0 0.30528846153846156 0.43990384615384615 0.03365384615384615 0.040865384615384616
0 0.375 0.4110576923076923 0.028846153846153848 0.03125
0 0.5324519230769231 0.10216346153846154 0.02403846153846154 0.03365384615384615
0 0.7884615384615384 0.042067307692307696 0.03125 0.03365384615384615
0 0.6466346153846154 0.0625 0.03125 0.04326923076923077
0 0.6802884615384616 0.016826923076923076 0.028846153846153848 0.03365384615384615
0 0.7103365384615384 0.051682692307692304 0.02403846153846154 0.03125
0 0.22596153846153846 0.49038461538461536 0.03125 0.03125
0 0.28365384615384615 0.7680288461538461 0.021634615384615384 0.028846153846153848
0 0.8485576923076923 0.6995192307692307 0.03365384615384615 0.057692307692307696
0 0.5661057692307693 0.6081730769230769 0.026442307692307692 0.02403846153846154
0 0.36538461538461536 0.6069711538461539 0.026442307692307692 0.028846153846153848
0 0.3137019230769231 0.8557692307692307 0.026442307692307692 0.040865384615384616
0 0.2536057692307692 0.7608173076923077 0.021634615384615384 0.04326923076923077
0 0.7632211538461539 0.8822115384615384 0.026442307692307692 0.036057692307692304
0 0.47596153846153844 0.8557692307692307 0.028846153846153848 0.04807692307692308
0 0.4375 0.014423076923076924 0.021634615384615384 0.02403846153846154
0 0.3762019230769231 0.04927884615384615 0.036057692307692304 0.03125
0 0.28846153846153844 0.08533653846153846 0.028846153846153848 0.03125
0 0.5300480769230769 0.33533653846153844 0.026442307692307692 0.03125
0 0.42788461538461536 0.47596153846153844 0.028846153846153848 0.04326923076923077
0 0.2764423076923077 0.5504807692307693 0.028846153846153848 0.03125
0 0.25841346153846156 0.18389423076923078 0.026442307692307692 0.036057692307692304
0 0.21033653846153846 0.21394230769230768 0.026442307692307692 0.04567307692307692
0 0.24879807692307693 0.23317307692307693 0.026442307692307692 0.038461538461538464
0 0.4699519230769231 0.7007211538461539 0.02403846153846154 0.038461538461538464
0 0.5697115384615384 0.15264423076923078 0.026442307692307692 0.03365384615384615
0 0.5865384615384616 0.6298076923076923 0.03125 0.04326923076923077
0 0.6045673076923077 0.6057692307692307 0.021634615384615384 0.055288461538461536
0 0.5877403846153846 0.5612980769230769 0.02403846153846154 0.04567307692307692
0 0.5625 0.45913461538461536 0.03125 0.04326923076923077
0 0.5264423076923077 0.48197115384615385 0.021634615384615384 0.03125
0 0.484375 0.6394230769230769 0.03365384615384615 0.04326923076923077
0 0.5060096153846154 0.8028846153846154 0.021634615384615384 0.036057692307692304
0 0.5204326923076923 0.8473557692307693 0.021634615384615384 0.04567307692307692
0 0.5276442307692307 0.8810096153846154 0.014423076923076924 0.028846153846153848
0 0.42788461538461536 0.8377403846153846 0.028846153846153848 0.036057692307692304
0 0.44471153846153844 0.84375 0.02403846153846154 0.03365384615384615
0 0.46875 0.7896634615384616 0.026442307692307692 0.06490384615384616
0 0.4855769230769231 0.7920673076923077 0.021634615384615384 0.040865384615384616
0 0.5408653846153846 0.8088942307692307 0.01201923076923077 0.028846153846153848
0 0.5516826923076923 0.8161057692307693 0.021634615384615384 0.03125
0 0.5516826923076923 0.6862980769230769 0.02403846153846154 0.036057692307692304
0 0.29086538461538464 0.49158653846153844 0.02403846153846154 0.04567307692307692
0 0.30408653846153844 0.5853365384615384 0.026442307692307692 0.038461538461538464
0 0.2956730769230769 0.1814903846153846 0.03125 0.052884615384615384
0 0.29927884615384615 0.14182692307692307 0.02403846153846154 0.05048076923076923
0 0.25841346153846156 0.11538461538461539 0.026442307692307692 0.026442307692307692
0 0.22956730769230768 0.08533653846153846 0.036057692307692304 0.0625
0 0.5432692307692307 0.38221153846153844 0.021634615384615384 0.03125
0 0.5396634615384616 0.4026442307692308 0.019230769230769232 0.028846153846153848