0 0.6442307692307693 0.7872596153846154 0.040865384615384616 0.06009615384615385
0 0.41466346153846156 0.9759615384615384 0.03125 0.038461538461538464
0 0.4387019230769231 0.6598557692307693 0.04326923076923077 0.06490384615384616
0 0.42908653846153844 0.5985576923076923 0.036057692307692304 0.05048076923076923
0 0.5673076923076923 0.6394230769230769 0.038461538461538464 0.04326923076923077
0 0.53125 0.7776442307692307 0.036057692307692304 0.038461538461538464
0 0.6358173076923077 0.35336538461538464 0.028846153846153848 0.0673076923076923
0 0.5504807692307693 0.24158653846153846 0.036057692307692304 0.05048076923076923
0 0.5192307692307693 0.23798076923076922 0.028846153846153848 0.04807692307692308
0 0.3942307692307692 0.5384615384615384 0.028846153846153848 0.06009615384615385
0 0.4206730769230769 0.484375 0.02403846153846154 0.03365384615384615
0 0.2403846153846154 0.7127403846153846 0.03365384615384615 0.052884615384615384
0 0.4567307692307692 0.9783653846153846 0.026442307692307692 0.040865384615384616
0 0.4423076923076923 0.9146634615384616 0.03125 0.04326923076923077
0 0.4951923076923077 0.9314903846153846 0.036057692307692304 0.04326923076923077
0 0.5588942307692307 0.9651442307692307 0.026442307692307692 0.05048076923076923
0 0.5336538461538461 0.9795673076923077 0.026442307692307692 0.040865384615384616
0 0.5444711538461539 0.9122596153846154 0.028846153846153848 0.052884615384615384
0 0.8425480769230769 0.2668269230769231 0.04807692307692308 0.04567307692307692
0 0.9471153846153846 0.3798076923076923 0.040865384615384616 0.0673076923076923
0 0.06370192307692307 0.6298076923076923 0.04567307692307692 0.07692307692307693
0 0.07451923076923077 0.5637019230769231 0.038461538461538464 0.04807692307692308
0 0.014423076923076924 0.5793269230769231 0.028846153846153848 0.0625
0 0.01201923076923077 0.4987980769230769 0.02403846153846154 0.05048076923076923
0 0.9254807692307693 0.5288461538461539 0.036057692307692304 0.0625
0 0.90625 0.47115384615384615 0.026442307692307692 0.040865384615384616
0 0.9939903846153846 0.4795673076923077 0.01201923076923077 0.07451923076923077
0 0.7175480769230769 0.5108173076923077 0.028846153846153848 0.06009615384615385
0 0.7524038461538461 0.6045673076923077 0.036057692307692304 0.06490384615384616
0 0.7415865384615384 0.6478365384615384 0.028846153846153848 0.028846153846153848
0 0.7451923076923077 0.7512019230769231 0.03365384615384615 0.07211538461538461
0 0.6935096153846154 0.6706730769230769 0.026442307692307692 0.03365384615384615
0 0.6466346153846154 0.6947115384615384 0.026442307692307692 0.04807692307692308
0 0.6177884615384616 0.7512019230769231 0.02403846153846154 0.03125
0 0.6887019230769231 0.328125 0.02403846153846154 0.0625
0 0.7620192307692307 0.24759615384615385 0.03365384615384615 0.052884615384615384
0 0.8149038461538461 0.18389423076923078 0.038461538461538464 0.04567307692307692
0 0.7572115384615384 0.14302884615384615 0.040865384615384616 0.05048076923076923
0 0.7764423076923077 0.10697115384615384 0.03125 0.0673076923076923
0 0.7391826923076923 0.19471153846153846 0.040865384615384616 0.06490384615384616
0 0.6117788461538461 0.2403846153846154 0.036057692307692304 0.057692307692307696
0 0.49038461538461536 0.30288461538461536 0.036057692307692304 0.06009615384615385
0 0.5709134615384616 0.5324519230769231 0.03365384615384615 0.0625
0 0.5432692307692307 0.28365384615384615 0.038461538461538464 0.04326923076923077
0 0.12740384615384615 0.6286057692307693 0.028846153846153848 0.06009615384615385
0 0.6742788461538461 0.8197115384615384 0.026442307692307692 0.026442307692307692
0 0.6850961538461539 0.8040865384615384 0.02403846153846154 0.040865384615384616
0 0.7475961538461539 0.22956730769230768 0.028846153846153848 0.038461538461538464