0 0.18028846153846154 0.22355769230769232 0.038461538461538464 0.038461538461538464
0 0.15745192307692307 0.41466346153846156 0.04326923076923077 0.052884615384615384
0 0.25721153846153844 0.5516826923076923 0.040865384615384616 0.052884615384615384
0 0.3233173076923077 0.5240384615384616 0.021634615384615384 0.04326923076923077
0 0.35336538461538464 0.6514423076923077 0.028846153846153848 0.03365384615384615
0 0.6478365384615384 0.5997596153846154 0.036057692307692304 0.06009615384615385
0 0.6298076923076923 0.6814903846153846 0.038461538461538464 0.06009615384615385
0 0.1466346153846154 0.6466346153846154 0.028846153846153848 0.04326923076923077
0 0.22235576923076922 0.4807692307692308 0.038461538461538464 0.052884615384615384
0 0.20432692307692307 0.2668269230769231 0.036057692307692304 0.04326923076923077
0 0.13581730769230768 0.8221153846153846 0.040865384615384616 0.036057692307692304
0 0.16346153846153846 0.4951923076923077 0.028846153846153848 0.0673076923076923
0 0.12139423076923077 0.5276442307692307 0.038461538461538464 0.04807692307692308
0 0.09735576923076923 0.7872596153846154 0.03125 0.038461538461538464
0 0.1201923076923077 0.8641826923076923 0.036057692307692304 0.05048076923076923
0 0.7247596153846154 0.5697115384615384 0.03365384615384615 0.04326923076923077
0 0.3762019230769231 0.6189903846153846 0.021634615384615384 0.036057692307692304
0 0.34134615384615385 0.7764423076923077 0.03365384615384615 0.07211538461538461