0 0.18269230769230768 0.16947115384615385 0.038461538461538464 0.057692307692307696
0 0.59375 0.17668269230769232 0.04807692307692308 0.0625
0 0.5492788461538461 0.5552884615384616 0.038461538461538464 0.04567307692307692
0 0.2403846153846154 0.7079326923076923 0.04567307692307692 0.055288461538461536
0 0.33653846153846156 0.7259615384615384 0.028846153846153848 0.057692307692307696
0 0.390625 0.7728365384615384 0.028846153846153848 0.057692307692307696
0 0.6274038461538461 0.7716346153846154 0.040865384615384616 0.040865384615384616
0 0.6887019230769231 0.5144230769230769 0.04567307692307692 0.052884615384615384
0 0.7824519230769231 0.6165865384615384 0.040865384615384616 0.05048076923076923
0 0.8485576923076923 0.421875 0.036057692307692304 0.0673076923076923
0 0.7199519230769231 0.41346153846153844 0.03365384615384615 0.04807692307692308
0 0.46153846153846156 0.43509615384615385 0.038461538461538464 0.055288461538461536
0 0.13341346153846154 0.12259615384615384 0.04567307692307692 0.0625
0 0.20432692307692307 0.015625 0.05048076923076923 0.021634615384615384
0 0.3449519230769231 0.10576923076923077 0.04807692307692308 0.052884615384615384
0 0.7151442307692307 0.6177884615384616 0.040865384615384616 0.055288461538461536
0 0.8401442307692307 0.609375 0.040865384615384616 0.07211538461538461
0 0.8353365384615384 0.9447115384615384 0.036057692307692304 0.0625
0 0.3798076923076923 0.010817307692307692 0.04326923076923077 0.016826923076923076
0 0.48677884615384615 0.9819711538461539 0.02403846153846154 0.036057692307692304
0 0.7379807692307693 0.9855769230769231 0.03125 0.021634615384615384
0 0.2692307692307692 0.43509615384615385 0.036057692307692304 0.05048076923076923
0 0.203125 0.4723557692307692 0.040865384615384616 0.057692307692307696
0 0.13942307692307693 0.27283653846153844 0.04807692307692308 0.057692307692307696
0 0.09735576923076923 0.15384615384615385 0.036057692307692304 0.057692307692307696
0 0.18870192307692307 0.6538461538461539 0.028846153846153848 0.07932692307692307
0 0.7572115384615384 0.3016826923076923 0.021634615384615384 0.06490384615384616
0 0.7596153846153846 0.4579326923076923 0.03365384615384615 0.03125
0 0.8197115384615384 0.9807692307692307 0.036057692307692304 0.026442307692307692
0 0.2247596153846154 0.6213942307692307 0.036057692307692304 0.057692307692307696
0 0.23076923076923078 0.5805288461538461 0.02403846153846154 0.05048076923076923