0 0.5264423076923077 0.703125 0.040865384615384616 0.06009615384615385
0 0.4807692307692308 0.8677884615384616 0.03125 0.052884615384615384
0 0.36538461538461536 0.8605769230769231 0.036057692307692304 0.0625
0 0.5348557692307693 0.84375 0.040865384615384616 0.06490384615384616
0 0.5805288461538461 0.8762019230769231 0.03365384615384615 0.057692307692307696
0 0.7596153846153846 0.7740384615384616 0.04326923076923077 0.057692307692307696
0 0.47596153846153844 0.2247596153846154 0.052884615384615384 0.08173076923076923
0 0.71875 0.16346153846153846 0.04326923076923077 0.057692307692307696
0 0.4855769230769231 0.6370192307692307 0.04807692307692308 0.06009615384615385
0 0.4987980769230769 0.7692307692307693 0.04326923076923077 0.05048076923076923
0 0.6454326923076923 0.8185096153846154 0.04807692307692308 0.06009615384615385
0 0.7620192307692307 0.8257211538461539 0.036057692307692304 0.07211538461538461
0 0.8004807692307693 0.7680288461538461 0.04567307692307692 0.06490384615384616
0 0.5600961538461539 0.5588942307692307 0.03125 0.040865384615384616
0 0.5336538461538461 0.5348557692307693 0.040865384615384616 0.038461538461538464
0 0.3581730769230769 0.12980769230769232 0.036057692307692304 0.055288461538461536
0 0.41346153846153844 0.5420673076923077 0.03125 0.057692307692307696