0 0.3233173076923077 0.4375 0.040865384615384616 0.05048076923076923
0 0.265625 0.4338942307692308 0.038461538461538464 0.04326923076923077
0 0.3004807692307692 0.1935096153846154 0.036057692307692304 0.038461538461538464
0 0.2920673076923077 0.15264423076923078 0.036057692307692304 0.038461538461538464
0 0.14423076923076922 0.4963942307692308 0.038461538461538464 0.040865384615384616
0 0.14903846153846154 0.3942307692307692 0.03365384615384615 0.038461538461538464
0 0.21995192307692307 0.30649038461538464 0.038461538461538464 0.040865384615384616
0 0.25600961538461536 0.375 0.040865384615384616 0.057692307692307696
0 0.5288461538461539 0.6286057692307693 0.03365384615384615 0.04326923076923077
0 0.5697115384615384 0.5721153846153846 0.04326923076923077 0.04326923076923077
0 0.3173076923076923 0.546875 0.04326923076923077 0.055288461538461536
0 0.203125 0.36778846153846156 0.038461538461538464 0.04807692307692308
0 0.0625 0.5997596153846154 0.036057692307692304 0.040865384615384616
0 0.08533653846153846 0.6201923076923077 0.04567307692307692 0.052884615384615384
0 0.054086538461538464 0.6598557692307693 0.04326923076923077 0.052884615384615384
0 0.39903846153846156 0.8858173076923077 0.038461538461538464 0.052884615384615384
0 0.43149038461538464 0.8954326923076923 0.038461538461538464 0.04567307692307692
0 0.43149038461538464 0.9819711538461539 0.036057692307692304 0.036057692307692304
0 0.6358173076923077 0.5649038461538461 0.03125 0.03125