0 0.24278846153846154 0.4807692307692308 0.036057692307692304 0.05048076923076923
0 0.38461538461538464 0.5096153846153846 0.04927884615384615 0.036057692307692304
0 0.43509615384615385 0.6658653846153846 0.037259615384615384 0.06971153846153846
0 0.5829326923076923 0.3786057692307692 0.038461538461538464 0.0625
0 0.6298076923076923 0.44591346153846156 0.028846153846153848 0.07091346153846154
0 0.7175480769230769 0.5144230769230769 0.06129807692307692 0.051682692307692304
0 0.18629807692307693 0.3449519230769231 0.04807692307692308 0.046875
0 0.24639423076923078 0.3737980769230769 0.03485576923076923 0.06370192307692307
0 0.23918269230769232 0.8509615384615384 0.055288461538461536 0.042067307692307696
0 0.14423076923076922 0.7391826923076923 0.04927884615384615 0.0625
0 0.6899038461538461 0.7536057692307693 0.039663461538461536 0.0625
0 0.90625 0.22716346153846154 0.04567307692307692 0.06490384615384616
0 0.19471153846153846 0.5612980769230769 0.052884615384615384 0.04807692307692308
0 0.08052884615384616 0.4987980769230769 0.04447115384615385 0.051682692307692304
0 0.13221153846153846 0.6490384615384616 0.039663461538461536 0.054086538461538464
0 0.36778846153846156 0.27403846153846156 0.051682692307692304 0.051682692307692304
0 0.8617788461538461 0.09735576923076923 0.04447115384615385 0.0625
0 0.8605769230769231 0.18509615384615385 0.021634615384615384 0.06009615384615385
0 0.7451923076923077 0.6081730769230769 0.030048076923076924 0.0889423076923077
0 0.6838942307692307 0.9651442307692307 0.03125 0.04447115384615385
0 0.1875 0.9230769230769231 0.028846153846153848 0.06009615384615385
0 0.1346153846153846 0.3112980769230769 0.038461538461538464 0.05048076923076923
0 0.11899038461538461 0.35096153846153844 0.036057692307692304 0.05889423076923077
0 0.7043269230769231 0.5985576923076923 0.03245192307692308 0.06009615384615385
0 0.6850961538461539 0.6310096153846154 0.03485576923076923 0.05889423076923077
0 0.6177884615384616 0.7524038461538461 0.030048076923076924 0.04447115384615385