0 0.34975961538461536 0.33533653846153844 0.06009615384615385 0.06490384615384616
0 0.41346153846153844 0.47596153846153844 0.04927884615384615 0.0889423076923077
0 0.6923076923076923 0.15144230769230768 0.052884615384615384 0.07692307692307693
0 0.7740384615384616 0.3713942307692308 0.054086538461538464 0.07091346153846154
0 0.8810096153846154 0.2536057692307692 0.054086538461538464 0.040865384615384616
0 0.8942307692307693 0.32091346153846156 0.027644230769230768 0.08052884615384616
0 0.9675480769230769 0.23076923076923078 0.04927884615384615 0.0889423076923077
0 0.12379807692307693 0.15264423076923078 0.05889423076923077 0.06009615384615385
0 0.5204326923076923 0.5432692307692307 0.04807692307692308 0.05889423076923077
0 0.5012019230769231 0.1875 0.04567307692307692 0.046875
0 0.5432692307692307 0.44711538461538464 0.046875 0.046875
0 0.7271634615384616 0.6754807692307693 0.05048076923076923 0.09134615384615384
0 0.49399038461538464 0.6141826923076923 0.03245192307692308 0.06129807692307692
0 0.5252403846153846 0.3870192307692308 0.054086538461538464 0.046875
0 0.3737980769230769 0.38221153846153844 0.05048076923076923 0.056490384615384616
0 0.48197115384615385 0.3425480769230769 0.06009615384615385 0.09134615384615384
0 0.8798076923076923 0.5625 0.06850961538461539 0.08774038461538461
0 0.9435096153846154 0.34134615384615385 0.038461538461538464 0.06370192307692307