0 0.49038461538461536 0.3125 0.08413461538461539 0.0889423076923077
0 0.5949519230769231 0.23677884615384615 0.07211538461538461 0.07692307692307693
0 0.5853365384615384 0.14543269230769232 0.07451923076923077 0.07692307692307693
0 0.5600961538461539 0.08413461538461539 0.09375 0.0985576923076923
0 0.5588942307692307 0.4855769230769231 0.09134615384615384 0.09375
0 0.8197115384615384 0.625 0.08413461538461539 0.0889423076923077
0 0.38461538461538464 0.30649038461538464 0.07932692307692307 0.08413461538461539
0 0.4230769230769231 0.23918269230769232 0.06971153846153846 0.07451923076923077
0 0.37740384615384615 0.13822115384615385 0.06490384615384616 0.07211538461538461
0 0.2620192307692308 0.2980769230769231 0.07451923076923077 0.07932692307692307
0 0.13581730769230768 0.5805288461538461 0.10817307692307693 0.11298076923076923
0 0.7776442307692307 0.734375 0.07692307692307693 0.08173076923076923
0 0.7692307692307693 0.8798076923076923 0.12259615384615384 0.12259615384615384
0 0.6694711538461539 0.9483173076923077 0.0673076923076923 0.07451923076923077
0 0.6213942307692307 0.9483173076923077 0.07451923076923077 0.07451923076923077
0 0.43509615384615385 0.6658653846153846 0.08653846153846154 0.0889423076923077
0 0.7079326923076923 0.9747596153846154 0.07451923076923077 0.05048076923076923
0 0.7776442307692307 0.2920673076923077 0.09615384615384616 0.0985576923076923
0 0.4639423076923077 0.9483173076923077 0.10096153846153846 0.10336538461538461