0 0.056490384615384616 0.21875 0.052884615384615384 0.0625
0 0.3112980769230769 0.07451923076923077 0.057692307692307696 0.0673076923076923
0 0.21514423076923078 0.8149038461538461 0.052884615384615384 0.0625
0 0.13221153846153846 0.7331730769230769 0.05048076923076923 0.052884615384615384
0 0.19591346153846154 0.7439903846153846 0.06971153846153846 0.06971153846153846
0 0.15865384615384615 0.28125 0.04807692307692308 0.06009615384615385
0 0.22355769230769232 0.2091346153846154 0.05048076923076923 0.05048076923076923
0 0.07932692307692307 0.49399038461538464 0.0673076923076923 0.07211538461538461
0 0.734375 0.18269230769230768 0.057692307692307696 0.07451923076923077
0 0.6947115384615384 0.0625 0.052884615384615384 0.05048076923076923
0 0.9423076923076923 0.6514423076923077 0.052884615384615384 0.07451923076923077
0 0.38100961538461536 0.3088942307692308 0.06971153846153846 0.08413461538461539
0 0.3641826923076923 0.3449519230769231 0.05048076923076923 0.052884615384615384
0 0.9831730769230769 0.6274038461538461 0.03365384615384615 0.0673076923076923
0 0.006009615384615385 0.27524038461538464 0.01201923076923077 0.06490384615384616