0 0.31850961538461536 0.5444711538461539 0.07572115384615384 0.08533653846153846
0 0.25240384615384615 0.609375 0.08052884615384616 0.06490384615384616
0 0.9158653846153846 0.5564903846153846 0.0733173076923077 0.039663461538461536
0 0.6466346153846154 0.8762019230769231 0.0889423076923077 0.08653846153846154
0 0.43990384615384615 0.29086538461538464 0.04326923076923077 0.05889423076923077
0 0.171875 0.32211538461538464 0.04326923076923077 0.057692307692307696
0 0.19951923076923078 0.16706730769230768 0.07692307692307693 0.0625
0 0.31971153846153844 0.16466346153846154 0.06009615384615385 0.04447115384615385
0 0.9254807692307693 0.7175480769230769 0.07932692307692307 0.078125
0 0.052884615384615384 0.6971153846153846 0.09495192307692307 0.05889423076923077
0 0.07692307692307693 0.7572115384615384 0.055288461538461536 0.037259615384615384
0 0.3485576923076923 0.09254807692307693 0.06850961538461539 0.040865384615384616
0 0.8774038461538461 0.03245192307692308 0.0985576923076923 0.06490384615384616
0 0.16706730769230768 0.7079326923076923 0.0625 0.11658653846153846