0 0.09975961538461539 0.32211538461538464 0.08653846153846154 0.08653846153846154
0 0.057692307692307696 0.31009615384615385 0.06490384615384616 0.09134615384615384
0 0.09134615384615384 0.4675480769230769 0.09375 0.11538461538461539
0 0.07211538461538461 0.6117788461538461 0.11298076923076923 0.12740384615384615
0 0.2704326923076923 0.8100961538461539 0.10817307692307693 0.13221153846153846
0 0.3545673076923077 0.6875 0.06009615384615385 0.07692307692307693
0 0.6177884615384616 0.3269230769230769 0.07932692307692307 0.10336538461538461
0 0.5324519230769231 0.3076923076923077 0.09134615384615384 0.09615384615384616
0 0.47596153846153844 0.4567307692307692 0.09615384615384616 0.09134615384615384
0 0.6009615384615384 0.53125 0.1201923076923077 0.0985576923076923
0 0.6069711538461539 0.6971153846153846 0.06490384615384616 0.10096153846153846
0 0.6478365384615384 0.7007211538461539 0.0625 0.09615384615384616
0 0.6995192307692307 0.7235576923076923 0.07692307692307693 0.07211538461538461
0 0.8461538461538461 0.6790865384615384 0.10336538461538461 0.11298076923076923
0 0.7752403846153846 0.5432692307692307 0.0985576923076923 0.10817307692307693
0 0.8449519230769231 0.4050480769230769 0.08653846153846154 0.0625
0 0.6875 0.07572115384615384 0.11778846153846154 0.10336538461538461
0 0.875 0.4699519230769231 0.07692307692307693 0.08413461538461539