0 0.5372596153846154 0.14423076923076922 0.03365384615384615 0.0673076923076923
0 0.09975961538461539 0.5384615384615384 0.04807692307692308 0.05048076923076923
0 0.4519230769230769 0.8173076923076923 0.03125 0.04447115384615385
0 0.6358173076923077 0.6959134615384616 0.03485576923076923 0.046875
0 0.3449519230769231 0.23557692307692307 0.03245192307692308 0.057692307692307696
0 0.41225961538461536 0.24639423076923078 0.038461538461538464 0.04326923076923077
0 0.7127403846153846 0.5084134615384616 0.037259615384615384 0.039663461538461536
0 0.16706730769230768 0.7331730769230769 0.027644230769230768 0.027644230769230768
0 0.21634615384615385 0.6959134615384616 0.02403846153846154 0.037259615384615384
0 0.2091346153846154 0.7319711538461539 0.02283653846153846 0.03365384615384615
0 0.13942307692307693 0.2512019230769231 0.03245192307692308 0.07091346153846154
0 0.12379807692307693 0.15625 0.042067307692307696 0.06009615384615385