0 0.07692307692307693 0.5757211538461539 0.04567307692307692 0.04567307692307692
0 0.052884615384615384 0.5805288461538461 0.021634615384615384 0.021634615384615384
0 0.6081730769230769 0.3425480769230769 0.05048076923076923 0.052884615384615384
0 0.6634615384615384 0.3329326923076923 0.04567307692307692 0.04567307692307692
0 0.7512019230769231 0.37740384615384615 0.040865384615384616 0.040865384615384616
0 0.7728365384615384 0.41466346153846156 0.04326923076923077 0.04326923076923077
0 0.859375 0.5480769230769231 0.055288461538461536 0.055288461538461536
0 0.8762019230769231 0.5144230769230769 0.04326923076923077 0.04326923076923077
0 0.7884615384615384 0.12620192307692307 0.04326923076923077 0.04326923076923077
0 0.8425480769230769 0.15625 0.038461538461538464 0.040865384615384616
0 0.7584134615384616 0.6730769230769231 0.04807692307692308 0.04807692307692308
0 0.9362980769230769 0.5360576923076923 0.038461538461538464 0.038461538461538464
0 0.9014423076923077 0.4855769230769231 0.04326923076923077 0.04567307692307692
0 0.9891826923076923 0.34975961538461536 0.021634615384615384 0.03125
0 0.9747596153846154 0.359375 0.05048076923076923 0.05048076923076923
0 0.9795673076923077 0.32211538461538464 0.040865384615384616 0.04326923076923077
0 0.6610576923076923 0.609375 0.028846153846153848 0.028846153846153848