0 0.23918269230769232 0.32572115384615385 0.03125 0.051682692307692304
0 0.21394230769230768 0.45072115384615385 0.028846153846153848 0.026442307692307692
0 0.25240384615384615 0.39663461538461536 0.027644230769230768 0.052884615384615384
0 0.3088942307692308 0.3786057692307692 0.027644230769230768 0.052884615384615384
0 0.24278846153846154 0.1310096153846154 0.04326923076923077 0.042067307692307696
0 0.2704326923076923 0.15504807692307693 0.039663461538461536 0.036057692307692304
0 0.41225961538461536 0.4110576923076923 0.027644230769230768 0.06610576923076923
0 0.5012019230769231 0.34375 0.025240384615384616 0.052884615384615384
0 0.35336538461538464 0.4483173076923077 0.028846153846153848 0.04447115384615385
0 0.4543269230769231 0.5324519230769231 0.037259615384615384 0.03125
0 0.2548076923076923 0.5576923076923077 0.038461538461538464 0.03485576923076923
0 0.7283653846153846 0.5300480769230769 0.03485576923076923 0.06850961538461539
0 0.7415865384615384 0.44350961538461536 0.038461538461538464 0.036057692307692304
0 0.8173076923076923 0.4170673076923077 0.03245192307692308 0.042067307692307696
0 0.8028846153846154 0.27524038461538464 0.026442307692307692 0.03125
0 0.7163461538461539 0.8762019230769231 0.025240384615384616 0.042067307692307696
0 0.7584134615384616 0.8725961538461539 0.028846153846153848 0.056490384615384616
0 0.8004807692307693 0.96875 0.036057692307692304 0.037259615384615384
0 0.4579326923076923 0.6646634615384616 0.030048076923076924 0.055288461538461536
0 0.25841346153846156 0.7295673076923077 0.04447115384615385 0.042067307692307696
0 0.22115384615384615 0.7055288461538461 0.03365384615384615 0.03485576923076923
0 0.2512019230769231 0.7680288461538461 0.037259615384615384 0.040865384615384616