0 0.18509615384615385 0.43509615384615385 0.036057692307692304 0.04326923076923077
0 0.18028846153846154 0.375 0.028846153846153848 0.04326923076923077
0 0.24158653846153846 0.4254807692307692 0.02403846153846154 0.038461538461538464
0 0.18629807692307693 0.5853365384615384 0.040865384615384616 0.05048076923076923
0 0.18509615384615385 0.1814903846153846 0.03365384615384615 0.057692307692307696
0 0.21153846153846154 0.2247596153846154 0.03365384615384615 0.05048076923076923
0 0.3329326923076923 0.4483173076923077 0.021634615384615384 0.055288461538461536
0 0.6442307692307693 0.4855769230769231 0.04567307692307692 0.04807692307692308
0 0.7091346153846154 0.46153846153846156 0.026442307692307692 0.04326923076923077
0 0.6286057692307693 0.5612980769230769 0.02403846153846154 0.052884615384615384
0 0.6129807692307693 0.8725961538461539 0.02403846153846154 0.05048076923076923
0 0.6490384615384616 0.875 0.026442307692307692 0.04567307692307692
0 0.14903846153846154 0.7163461538461539 0.04326923076923077 0.04567307692307692
0 0.17908653846153846 0.7896634615384616 0.03125 0.04326923076923077
0 0.18629807692307693 0.7403846153846154 0.03125 0.04326923076923077
0 0.375 0.6826923076923077 0.02403846153846154 0.040865384615384616
0 0.39663461538461536 0.5360576923076923 0.028846153846153848 0.052884615384615384
0 0.38221153846153844 0.5588942307692307 0.026442307692307692 0.036057692307692304
0 0.421875 0.3858173076923077 0.019230769230769232 0.03365384615384615
0 0.28125 0.47836538461538464 0.021634615384615384 0.055288461538461536
0 0.15504807692307693 0.4807692307692308 0.038461538461538464 0.055288461538461536
0 0.2860576923076923 0.21875 0.040865384615384616 0.04807692307692308