0 0.33052884615384615 0.23317307692307693 0.05048076923076923 0.06490384615384616
0 0.26322115384615385 0.3557692307692308 0.038461538461538464 0.036057692307692304
0 0.32091346153846156 0.3112980769230769 0.04567307692307692 0.06490384615384616
0 0.3870192307692308 0.3125 0.04567307692307692 0.06490384615384616
0 0.39663461538461536 0.030048076923076924 0.06009615384615385 0.057692307692307696
0 0.4170673076923077 0.06370192307692307 0.052884615384615384 0.05048076923076923
0 0.484375 0.3786057692307692 0.05048076923076923 0.07932692307692307
0 0.5997596153846154 0.33533653846153844 0.04326923076923077 0.0625
0 0.4110576923076923 0.39783653846153844 0.04567307692307692 0.057692307692307696
0 0.4891826923076923 0.5192307692307693 0.04807692307692308 0.04567307692307692
0 0.2704326923076923 0.48197115384615385 0.05048076923076923 0.04807692307692308
0 0.7788461538461539 0.6045673076923077 0.06009615384615385 0.08413461538461539
0 0.8197115384615384 0.5180288461538461 0.052884615384615384 0.05048076923076923
0 0.90625 0.5144230769230769 0.04807692307692308 0.055288461538461536
0 0.9387019230769231 0.3605769230769231 0.038461538461538464 0.040865384615384616
0 0.6538461538461539 0.9627403846153846 0.040865384615384616 0.052884615384615384
0 0.6971153846153846 0.96875 0.04807692307692308 0.0625
0 0.45072115384615385 0.6586538461538461 0.04807692307692308 0.0673076923076923
0 0.21995192307692307 0.6622596153846154 0.06009615384615385 0.057692307692307696
0 0.18870192307692307 0.6262019230769231 0.04567307692307692 0.04567307692307692
0 0.19951923076923078 0.7007211538461539 0.052884615384615384 0.055288461538461536