0 0.17307692307692307 0.453125 0.036057692307692304 0.04326923076923077
0 0.16947115384615385 0.39302884615384615 0.028846153846153848 0.04326923076923077
0 0.22956730769230768 0.44471153846153844 0.021634615384615384 0.038461538461538464
0 0.171875 0.6009615384615384 0.038461538461538464 0.04807692307692308
0 0.17668269230769232 0.20552884615384615 0.036057692307692304 0.057692307692307696
0 0.203125 0.24759615384615385 0.03365384615384615 0.05048076923076923
0 0.31850961538461536 0.46875 0.021634615384615384 0.052884615384615384
0 0.6225961538461539 0.5096153846153846 0.04326923076923077 0.04807692307692308
0 0.6862980769230769 0.48677884615384615 0.026442307692307692 0.04326923076923077
0 0.6057692307692307 0.5841346153846154 0.02403846153846154 0.052884615384615384
0 0.5853365384615384 0.8882211538461539 0.02403846153846154 0.05048076923076923
0 0.6201923076923077 0.890625 0.02403846153846154 0.04326923076923077
0 0.13341346153846154 0.7271634615384616 0.04326923076923077 0.04326923076923077
0 0.1622596153846154 0.8004807692307693 0.03125 0.04326923076923077
0 0.16947115384615385 0.7524038461538461 0.03125 0.04326923076923077
0 0.3545673076923077 0.6983173076923077 0.02403846153846154 0.040865384615384616
0 0.3786057692307692 0.5564903846153846 0.028846153846153848 0.052884615384615384
0 0.3641826923076923 0.5769230769230769 0.028846153846153848 0.036057692307692304
0 0.40625 0.40865384615384615 0.021634615384615384 0.03365384615384615
0 0.2668269230769231 0.4963942307692308 0.02403846153846154 0.055288461538461536
0 0.14423076923076922 0.4963942307692308 0.038461538461538464 0.052884615384615384
0 0.2764423076923077 0.24278846153846154 0.038461538461538464 0.04567307692307692