0 0.1875 0.6887019230769231 0.09134615384615384 0.09134615384615384
0 0.1502403846153846 0.7223557692307693 0.09134615384615384 0.09375
0 0.29927884615384615 0.7704326923076923 0.10817307692307693 0.11298076923076923
0 0.4050480769230769 0.8569711538461539 0.125 0.12740384615384615
0 0.3858173076923077 0.9783653846153846 0.11778846153846154 0.04326923076923077
0 0.6646634615384616 0.796875 0.125 0.12980769230769232
0 0.6081730769230769 0.6682692307692307 0.06971153846153846 0.07451923076923077
0 0.4519230769230769 0.27524038461538464 0.09375 0.0985576923076923
0 0.39302884615384615 0.33533653846153844 0.0985576923076923 0.10096153846153846
0 0.4831730769230769 0.4543269230769231 0.10096153846153846 0.0985576923076923
0 0.6057692307692307 0.3918269230769231 0.11778846153846154 0.11298076923076923
0 0.7427884615384616 0.4699519230769231 0.08413461538461539 0.09134615384615384
0 0.7668269230769231 0.4375 0.08173076923076923 0.0889423076923077
0 0.8112980769230769 0.4098557692307692 0.07932692307692307 0.07932692307692307
0 0.8473557692307693 0.2692307692307692 0.11298076923076923 0.11538461538461539
0 0.703125 0.25721153846153844 0.10817307692307693 0.11057692307692307
0 0.6274038461538461 0.13221153846153846 0.08173076923076923 0.07692307692307693
0 0.2800480769230769 0.08774038461538461 0.12740384615384615 0.12740384615384615
0 0.6947115384615384 0.14182692307692307 0.08413461538461539 0.08413461538461539