0 0.4987980769230769 0.15264423076923078 0.05048076923076923 0.06610576923076923
0 0.31850961538461536 0.19471153846153846 0.06129807692307692 0.06490384615384616
0 0.32211538461538464 0.30528846153846156 0.051682692307692304 0.04807692307692308
0 0.23317307692307693 0.36658653846153844 0.03485576923076923 0.06129807692307692
0 0.328125 0.6069711538461539 0.04326923076923077 0.052884615384615384
0 0.5528846153846154 0.6502403846153846 0.040865384615384616 0.0829326923076923
0 0.6105769230769231 0.7139423076923077 0.040865384615384616 0.056490384615384616
0 0.25 0.8353365384615384 0.057692307692307696 0.06971153846153846
0 0.3894230769230769 0.8329326923076923 0.06129807692307692 0.042067307692307696
0 0.7139423076923077 0.7524038461538461 0.04927884615384615 0.04326923076923077
0 0.7908653846153846 0.3173076923076923 0.04326923076923077 0.07451923076923077
0 0.8485576923076923 0.43028846153846156 0.03125 0.06370192307692307
0 0.04807692307692308 0.29447115384615385 0.051682692307692304 0.06370192307692307
0 0.1502403846153846 0.3473557692307692 0.04807692307692308 0.0625
0 0.22956730769230768 0.7379807692307693 0.03365384615384615 0.055288461538461536
0 0.16947115384615385 0.7247596153846154 0.04807692307692308 0.05048076923076923
0 0.109375 0.7331730769230769 0.04927884615384615 0.07692307692307693
0 0.6310096153846154 0.11778846153846154 0.038461538461538464 0.054086538461538464
0 0.09014423076923077 0.8930288461538461 0.04447115384615385 0.0625
0 0.2439903846153846 0.2403846153846154 0.05889423076923077 0.07091346153846154
0 0.19591346153846154 0.18990384615384615 0.03125 0.09014423076923077
0 0.22956730769230768 0.15264423076923078 0.04326923076923077 0.07211538461538461
0 0.1346153846153846 0.4170673076923077 0.03365384615384615 0.09375
0 0.1935096153846154 0.4567307692307692 0.028846153846153848 0.06610576923076923
0 0.20432692307692307 0.921875 0.046875 0.078125
0 0.4651442307692308 0.9615384615384616 0.036057692307692304 0.06009615384615385
0 0.7307692307692307 0.9747596153846154 0.03125 0.039663461538461536
0 0.8016826923076923 0.40625 0.027644230769230768 0.08052884615384616
0 0.30408653846153844 0.36899038461538464 0.038461538461538464 0.06009615384615385
0 0.7211538461538461 0.8485576923076923 0.03125 0.05889423076923077
0 0.7043269230769231 0.8798076923076923 0.02403846153846154 0.05048076923076923