0 0.19110576923076922 0.7908653846153846 0.026442307692307692 0.054086538461538464
0 0.22716346153846154 0.7608173076923077 0.02283653846153846 0.05048076923076923
0 0.38822115384615385 0.7956730769230769 0.02403846153846154 0.052884615384615384
0 0.44711538461538464 0.7247596153846154 0.028846153846153848 0.04927884615384615
0 0.46274038461538464 0.7884615384615384 0.036057692307692304 0.04927884615384615
0 0.5060096153846154 0.6850961538461539 0.03485576923076923 0.037259615384615384
0 0.47716346153846156 0.625 0.04927884615384615 0.036057692307692304
0 0.6009615384615384 0.3269230769230769 0.04567307692307692 0.04927884615384615
0 0.7788461538461539 0.7848557692307693 0.030048076923076924 0.056490384615384616
0 0.7548076923076923 0.8197115384615384 0.03245192307692308 0.037259615384615384
0 0.3701923076923077 0.25841346153846156 0.02283653846153846 0.04447115384615385
0 0.4110576923076923 0.5360576923076923 0.028846153846153848 0.03365384615384615
0 0.9122596153846154 0.3088942307692308 0.03245192307692308 0.021634615384615384
0 0.90625 0.35096153846153844 0.028846153846153848 0.04567307692307692