0 0.2860576923076923 0.14302884615384615 0.11057692307692307 0.09615384615384616
0 0.19230769230769232 0.2704326923076923 0.10576923076923077 0.07932692307692307
0 0.26802884615384615 0.44591346153846156 0.10096153846153846 0.12259615384615384
0 0.5360576923076923 0.6310096153846154 0.06490384615384616 0.04326923076923077
0 0.4014423076923077 0.26802884615384615 0.09615384615384616 0.10336538461538461
0 0.06971153846153846 0.5132211538461539 0.11298076923076923 0.09375
0 0.08774038461538461 0.5961538461538461 0.11298076923076923 0.10096153846153846
0 0.02283653846153846 0.26322115384615385 0.04567307692307692 0.11057692307692307
0 0.056490384615384616 0.19471153846153846 0.06009615384615385 0.0985576923076923
0 0.4050480769230769 0.3245192307692308 0.05048076923076923 0.038461538461538464
0 0.39903846153846156 0.34975961538461536 0.040865384615384616 0.026442307692307692
0 0.44711538461538464 0.36778846153846156 0.052884615384615384 0.040865384615384616
0 0.4423076923076923 0.33413461538461536 0.04567307692307692 0.036057692307692304
0 0.6033653846153846 0.9146634615384616 0.07692307692307693 0.0889423076923077
0 0.4495192307692308 0.9639423076923077 0.10576923076923077 0.05048076923076923