0 0.40384615384615385 0.6081730769230769 0.06490384615384616 0.0673076923076923
0 0.11899038461538461 0.7536057692307693 0.0673076923076923 0.06971153846153846
0 0.5084134615384616 0.8449519230769231 0.05048076923076923 0.055288461538461536
0 0.7295673076923077 0.6730769230769231 0.057692307692307696 0.06490384615384616
0 0.5300480769230769 0.5276442307692307 0.04567307692307692 0.052884615384615384
0 0.5 0.6201923076923077 0.0625 0.06490384615384616
0 0.19110576923076922 0.40384615384615385 0.05048076923076923 0.052884615384615384
0 0.33653846153846156 0.7391826923076923 0.052884615384615384 0.06009615384615385
0 0.2764423076923077 0.5348557692307693 0.038461538461538464 0.04326923076923077
0 0.15745192307692307 0.6490384615384616 0.04326923076923077 0.05048076923076923
0 0.32211538461538464 0.3798076923076923 0.06490384615384616 0.07211538461538461