0 0.6514423076923077 0.7764423076923077 0.03245192307692308 0.051682692307692304
0 0.45913461538461536 0.9711538461538461 0.02403846153846154 0.03485576923076923
0 0.45072115384615385 0.6790865384615384 0.03365384615384615 0.056490384615384616
0 0.43509615384615385 0.6237980769230769 0.028846153846153848 0.04326923076923077
0 0.5661057692307693 0.6466346153846154 0.03245192307692308 0.037259615384615384
0 0.546875 0.7776442307692307 0.030048076923076924 0.03125
0 0.6021634615384616 0.3798076923076923 0.021634615384615384 0.06009615384615385
0 0.5120192307692307 0.2848557692307692 0.028846153846153848 0.04447115384615385
0 0.4831730769230769 0.2848557692307692 0.02403846153846154 0.042067307692307696
0 0.39783653846153844 0.5721153846153846 0.020432692307692308 0.052884615384615384
0 0.4170673076923077 0.5204326923076923 0.019230769230769232 0.028846153846153848
0 0.27403846153846156 0.7475961538461539 0.025240384615384616 0.04567307692307692
0 0.49759615384615385 0.9699519230769231 0.020432692307692308 0.036057692307692304
0 0.47836538461538464 0.9110576923076923 0.02403846153846154 0.037259615384615384
0 0.5288461538461539 0.921875 0.028846153846153848 0.037259615384615384
0 0.5889423076923077 0.9471153846153846 0.020432692307692308 0.04447115384615385
0 0.5685096153846154 0.9627403846153846 0.020432692307692308 0.037259615384615384
0 0.5721153846153846 0.8990384615384616 0.021634615384615384 0.04807692307692308
0 0.7824519230769231 0.2800480769230769 0.039663461538461536 0.038461538461538464
0 0.890625 0.3737980769230769 0.03245192307692308 0.05889423076923077
0 0.10336538461538461 0.6875 0.036057692307692304 0.0673076923076923
0 0.10817307692307693 0.6274038461538461 0.03125 0.040865384615384616
0 0.046875 0.6478365384615384 0.03365384615384615 0.055288461538461536
0 0.042067307692307696 0.5733173076923077 0.02283653846153846 0.04447115384615385
0 0.8846153846153846 0.5120192307692307 0.026442307692307692 0.055288461538461536
0 0.8617788461538461 0.46153846153846156 0.020432692307692308 0.037259615384615384
0 0.9519230769230769 0.46153846153846156 0.020432692307692308 0.06850961538461539
0 0.6923076923076923 0.515625 0.020432692307692308 0.054086538461538464
0 0.7319711538461539 0.5985576923076923 0.027644230769230768 0.057692307692307696
0 0.7271634615384616 0.6382211538461539 0.025240384615384616 0.02403846153846154
0 0.7403846153846154 0.734375 0.02283653846153846 0.06490384615384616
0 0.6850961538461539 0.6634615384615384 0.021634615384615384 0.030048076923076924
0 0.6442307692307693 0.6911057692307693 0.021634615384615384 0.042067307692307696
0 0.6225961538461539 0.7463942307692307 0.019230769230769232 0.026442307692307692
0 0.6466346153846154 0.35096153846153844 0.015625 0.056490384615384616
0 0.7079326923076923 0.2692307692307692 0.026442307692307692 0.04447115384615385
0 0.75 0.20673076923076922 0.030048076923076924 0.038461538461538464
0 0.6935096153846154 0.17427884615384615 0.03365384615384615 0.04447115384615385
0 0.7079326923076923 0.13942307692307693 0.02403846153846154 0.06009615384615385
0 0.6802884615384616 0.22355769230769232 0.03125 0.056490384615384616
0 0.5685096153846154 0.2776442307692308 0.027644230769230768 0.051682692307692304
0 0.4639423076923077 0.3473557692307692 0.028846153846153848 0.051682692307692304
0 0.5600961538461539 0.5492788461538461 0.025240384615384616 0.055288461538461536
0 0.5096153846153846 0.3233173076923077 0.03245192307692308 0.037259615384615384
0 0.1622596153846154 0.6802884615384616 0.021634615384615384 0.052884615384615384
0 0.6814903846153846 0.8028846153846154 0.02283653846153846 0.02283653846153846
0 0.6911057692307693 0.7872596153846154 0.018028846153846152 0.037259615384615384
0 0.6923076923076923 0.2548076923076923 0.02403846153846154 0.03125