0 0.44350961538461536 0.06370192307692307 0.04567307692307692 0.04567307692307692
0 0.32091346153846156 0.20432692307692307 0.057692307692307696 0.057692307692307696
0 0.2247596153846154 0.27403846153846156 0.04807692307692308 0.04807692307692308
0 0.2824519230769231 0.26802884615384615 0.04807692307692308 0.04807692307692308
0 0.18629807692307693 0.3713942307692308 0.052884615384615384 0.052884615384615384
0 0.06971153846153846 0.4675480769230769 0.04326923076923077 0.04326923076923077
0 0.07932692307692307 0.5012019230769231 0.052884615384615384 0.052884615384615384
0 0.5012019230769231 0.3798076923076923 0.038461538461538464 0.038461538461538464
0 0.390625 0.37259615384615385 0.04807692307692308 0.05048076923076923
0 0.33533653846153844 0.2920673076923077 0.0625 0.06490384615384616
0 0.546875 0.6454326923076923 0.04326923076923077 0.04567307692307692
0 0.34615384615384615 0.49158653846153844 0.052884615384615384 0.052884615384615384
0 0.6045673076923077 0.5961538461538461 0.04326923076923077 0.04326923076923077
0 0.33413461538461536 0.35336538461538464 0.04807692307692308 0.05048076923076923
0 0.6694711538461539 0.6237980769230769 0.040865384615384616 0.040865384615384616
0 0.2692307692307692 0.578125 0.06009615384615385 0.0625
0 0.04567307692307692 0.5276442307692307 0.05048076923076923 0.052884615384615384
0 0.4423076923076923 0.10817307692307693 0.0625 0.06490384615384616