0 0.17908653846153846 0.21875 0.03125 0.027644230769230768
0 0.18269230769230768 0.390625 0.03485576923076923 0.039663461538461536
0 0.15865384615384615 0.49759615384615385 0.027644230769230768 0.03485576923076923
0 0.19471153846153846 0.4579326923076923 0.02403846153846154 0.037259615384615384
0 0.19471153846153846 0.5877403846153846 0.030048076923076924 0.039663461538461536
0 0.17307692307692307 0.7259615384615384 0.026442307692307692 0.028846153846153848
0 0.20072115384615385 0.7427884615384616 0.025240384615384616 0.042067307692307696
0 0.41346153846153844 0.40024038461538464 0.021634615384615384 0.028846153846153848
0 0.33533653846153844 0.46274038461538464 0.027644230769230768 0.037259615384615384
0 0.24639423076923078 0.4411057692307692 0.038461538461538464 0.04447115384615385
0 0.609375 0.5540865384615384 0.016826923076923076 0.040865384615384616
0 0.3762019230769231 0.5709134615384616 0.03365384615384615 0.03485576923076923
0 0.6177884615384616 0.484375 0.028846153846153848 0.026442307692307692
0 0.28365384615384615 0.484375 0.025240384615384616 0.038461538461538464
0 0.6790865384615384 0.46274038461538464 0.02403846153846154 0.03125
0 0.37740384615384615 0.6778846153846154 0.025240384615384616 0.056490384615384616
0 0.1935096153846154 0.78125 0.021634615384615384 0.04567307692307692
0 0.20673076923076922 0.25 0.028846153846153848 0.055288461538461536