0 0.49158653846153844 0.6730769230769231 0.0673076923076923 0.08173076923076923
0 0.4423076923076923 0.6358173076923077 0.05048076923076923 0.055288461538461536
0 0.29447115384615385 0.6550480769230769 0.07692307692307693 0.08173076923076923
0 0.18269230769230768 0.7403846153846154 0.0673076923076923 0.07451923076923077
0 0.6598557692307693 0.7487980769230769 0.07451923076923077 0.07932692307692307
0 0.6262019230769231 0.8317307692307693 0.0625 0.0673076923076923
0 0.7512019230769231 0.7283653846153846 0.052884615384615384 0.052884615384615384
0 0.8269230769230769 0.34975961538461536 0.052884615384615384 0.052884615384615384
0 0.8040865384615384 0.3798076923076923 0.04326923076923077 0.052884615384615384
0 0.7992788461538461 0.3112980769230769 0.057692307692307696 0.0673076923076923
0 0.8629807692307693 0.36778846153846156 0.055288461538461536 0.052884615384615384
0 0.5637019230769231 0.18389423076923078 0.06009615384615385 0.0673076923076923
0 0.47475961538461536 0.19230769230769232 0.06009615384615385 0.06490384615384616
0 0.36778846153846156 0.03485576923076923 0.038461538461538464 0.040865384615384616
0 0.6790865384615384 0.17307692307692307 0.04567307692307692 0.05048076923076923
0 0.9963942307692307 0.41225961538461536 0.007211538461538462 0.040865384615384616
0 0.9879807692307693 0.453125 0.02403846153846154 0.04567307692307692