0 0.14783653846153846 0.41947115384615385 0.05889423076923077 0.06129807692307692
0 0.10096153846153846 0.4230769230769231 0.051682692307692304 0.07091346153846154
0 0.17908653846153846 0.5444711538461539 0.05889423076923077 0.08533653846153846
0 0.203125 0.6706730769230769 0.0733173076923077 0.09375
0 0.09375 0.7716346153846154 0.06850961538461539 0.08774038461538461
0 0.421875 0.78125 0.06850961538461539 0.09975961538461539
0 0.45913461538461536 0.65625 0.036057692307692304 0.057692307692307696
0 0.5817307692307693 0.28365384615384615 0.04807692307692308 0.07932692307692307
0 0.5036057692307693 0.2920673076923077 0.0625 0.06850961538461539
0 0.49759615384615385 0.43028846153846156 0.0673076923076923 0.06370192307692307
0 0.6225961538461539 0.45913461538461536 0.09014423076923077 0.0625
0 0.671875 0.5961538461538461 0.03245192307692308 0.0829326923076923
0 0.7079326923076923 0.5877403846153846 0.03245192307692308 0.07932692307692307
0 0.7560096153846154 0.59375 0.056490384615384616 0.04927884615384615
0 0.8665865384615384 0.515625 0.0673076923076923 0.0829326923076923
0 0.7704326923076923 0.421875 0.06490384615384616 0.07932692307692307
0 0.7920673076923077 0.28846153846153844 0.06850961538461539 0.03485576923076923
0 0.5721153846153846 0.04927884615384615 0.08653846153846154 0.08052884615384616
0 0.8341346153846154 0.33413461538461536 0.05048076923076923 0.06009615384615385
0 0.9242788461538461 0.9603365384615384 0.02283653846153846 0.04326923076923077