0 0.5661057692307693 0.37259615384615385 0.08173076923076923 0.09134615384615384
0 0.48677884615384615 0.4098557692307692 0.06009615384615385 0.0673076923076923
0 0.4014423076923077 0.5360576923076923 0.05048076923076923 0.057692307692307696
0 0.23197115384615385 0.36899038461538464 0.05048076923076923 0.06009615384615385
0 0.10096153846153846 0.32091346153846156 0.06009615384615385 0.06009615384615385
0 0.17427884615384615 0.6394230769230769 0.06490384615384616 0.07451923076923077
0 0.3485576923076923 0.7235576923076923 0.06009615384615385 0.07932692307692307
0 0.6165865384615384 0.5721153846153846 0.05048076923076923 0.057692307692307696
0 0.78125 0.4014423076923077 0.04807692307692308 0.057692307692307696
0 0.484375 0.9014423076923077 0.055288461538461536 0.07692307692307693
0 0.36658653846153844 0.8557692307692307 0.04326923076923077 0.04567307692307692
0 0.3425480769230769 0.8677884615384616 0.03365384615384615 0.04807692307692308