0 0.4362980769230769 0.02283653846153846 0.040865384615384616 0.04326923076923077
0 0.33413461538461536 0.03245192307692308 0.052884615384615384 0.040865384615384616
0 0.49038461538461536 0.04927884615384615 0.04326923076923077 0.04567307692307692
0 0.6057692307692307 0.0985576923076923 0.038461538461538464 0.040865384615384616
0 0.5528846153846154 0.15264423076923078 0.04326923076923077 0.04567307692307692
0 0.5108173076923077 0.14302884615384615 0.05048076923076923 0.052884615384615384
0 0.5324519230769231 0.22716346153846154 0.052884615384615384 0.052884615384615384
0 0.5853365384615384 0.27884615384615385 0.052884615384615384 0.0673076923076923
0 0.6310096153846154 0.2548076923076923 0.057692307692307696 0.06009615384615385
0 0.4675480769230769 0.3088942307692308 0.06971153846153846 0.07451923076923077
0 0.359375 0.265625 0.052884615384615384 0.057692307692307696
0 0.22596153846153846 0.3449519230769231 0.0625 0.06009615384615385
0 0.2608173076923077 0.4543269230769231 0.038461538461538464 0.04326923076923077
0 0.27403846153846156 0.47596153846153844 0.052884615384615384 0.052884615384615384
0 0.2668269230769231 0.5192307692307693 0.05048076923076923 0.057692307692307696
0 0.3269230769230769 0.5336538461538461 0.055288461538461536 0.052884615384615384
0 0.39663461538461536 0.5120192307692307 0.0625 0.07451923076923077
0 0.4519230769230769 0.5108173076923077 0.057692307692307696 0.06009615384615385
0 0.5949519230769231 0.4230769230769231 0.055288461538461536 0.06009615384615385
0 0.7704326923076923 0.6526442307692307 0.057692307692307696 0.0625
0 0.7824519230769231 0.5877403846153846 0.052884615384615384 0.055288461538461536
0 0.8305288461538461 0.6310096153846154 0.055288461538461536 0.0673076923076923
0 0.8389423076923077 0.59375 0.05048076923076923 0.0625
0 0.7487980769230769 0.5144230769230769 0.0673076923076923 0.08173076923076923
0 0.734375 0.44591346153846156 0.057692307692307696 0.0673076923076923
0 0.8798076923076923 0.4579326923076923 0.07211538461538461 0.07692307692307693
0 0.4807692307692308 0.8137019230769231 0.06009615384615385 0.07451923076923077
0 0.6430288461538461 0.8365384615384616 0.06971153846153846 0.07451923076923077
0 0.6826923076923077 0.7548076923076923 0.07211538461538461 0.07932692307692307
0 0.3701923076923077 0.9423076923076923 0.0673076923076923 0.06971153846153846
0 0.3016826923076923 0.9831730769230769 0.055288461538461536 0.03365384615384615
0 0.19591346153846154 0.39302884615384615 0.052884615384615384 0.055288461538461536
0 0.6538461538461539 0.43149038461538464 0.04807692307692308 0.055288461538461536
0 0.40024038461538464 0.7788461538461539 0.04567307692307692 0.052884615384615384
0 0.7271634615384616 0.5973557692307693 0.038461538461538464 0.04807692307692308
0 0.7103365384615384 0.5564903846153846 0.040865384615384616 0.04567307692307692
0 0.7788461538461539 0.4362980769230769 0.04326923076923077 0.05048076923076923
0 0.7992788461538461 0.47836538461538464 0.04807692307692308 0.057692307692307696
0 0.65625 0.19831730769230768 0.04567307692307692 0.05048076923076923
0 0.6646634615384616 0.23197115384615385 0.038461538461538464 0.04567307692307692