0 0.48677884615384615 0.3016826923076923 0.09375 0.09615384615384616
0 0.6069711538461539 0.22716346153846154 0.08173076923076923 0.08173076923076923
0 0.6045673076923077 0.12740384615384615 0.08173076923076923 0.08173076923076923
0 0.5793269230769231 0.057692307692307696 0.10336538461538461 0.10576923076923077
0 0.5480769230769231 0.4951923076923077 0.10336538461538461 0.10336538461538461
0 0.8233173076923077 0.6670673076923077 0.09615384615384616 0.09615384615384616
0 0.3713942307692308 0.2860576923076923 0.0889423076923077 0.09134615384615384
0 0.4182692307692308 0.21634615384615385 0.07932692307692307 0.08173076923076923
0 0.37740384615384615 0.10096153846153846 0.07451923076923077 0.07692307692307693
0 0.23918269230769232 0.26802884615384615 0.08413461538461539 0.08413461538461539
0 0.07932692307692307 0.5673076923076923 0.1201923076923077 0.12259615384615384
0 0.7692307692307693 0.7836538461538461 0.08653846153846154 0.0889423076923077
0 0.7379807692307693 0.9326923076923077 0.11538461538461539 0.11538461538461539
0 0.6322115384615384 0.984375 0.07692307692307693 0.03125
0 0.5817307692307693 0.9819711538461539 0.08173076923076923 0.036057692307692304
0 0.39903846153846156 0.6826923076923077 0.09615384615384616 0.0985576923076923
0 0.8028846153846154 0.3004807692307692 0.10576923076923077 0.10817307692307693
0 0.40865384615384615 0.96875 0.11538461538461539 0.0625