0 0.41466346153846156 0.5697115384615384 0.039663461538461536 0.046875
0 0.12620192307692307 0.5288461538461539 0.039663461538461536 0.05048076923076923
0 0.36899038461538464 0.7992788461538461 0.028846153846153848 0.040865384615384616
0 0.6237980769230769 0.7872596153846154 0.02403846153846154 0.055288461538461536
0 0.5504807692307693 0.5757211538461539 0.019230769230769232 0.04567307692307692
0 0.4795673076923077 0.6286057692307693 0.040865384615384616 0.042067307692307696
0 0.3629807692307692 0.30528846153846156 0.030048076923076924 0.037259615384615384
0 0.29447115384615385 0.6310096153846154 0.025240384615384616 0.04807692307692308
0 0.3581730769230769 0.4483173076923077 0.020432692307692308 0.03485576923076923
0 0.21033653846153846 0.47115384615384615 0.020432692307692308 0.040865384615384616
0 0.4735576923076923 0.3557692307692308 0.03245192307692308 0.056490384615384616