0 0.4206730769230769 0.5168269230769231 0.052884615384615384 0.052884615384615384
0 0.3173076923076923 0.5733173076923077 0.05048076923076923 0.05048076923076923
0 0.5649038461538461 0.5733173076923077 0.05048076923076923 0.05048076923076923
0 0.5360576923076923 0.5288461538461539 0.04326923076923077 0.04326923076923077
0 0.5012019230769231 0.2283653846153846 0.04807692307692308 0.04807692307692308
0 0.6442307692307693 0.16466346153846154 0.04807692307692308 0.04807692307692308
0 0.5709134615384616 0.019230769230769232 0.05048076923076923 0.038461538461538464
0 0.6911057692307693 0.6526442307692307 0.057692307692307696 0.057692307692307696
0 0.6418269230769231 0.7139423076923077 0.06009615384615385 0.06009615384615385
0 0.7668269230769231 0.6538461538461539 0.04807692307692308 0.04807692307692308
0 0.9903846153846154 0.47596153846153844 0.019230769230769232 0.052884615384615384