0 0.38461538461538464 0.6610576923076923 0.11538461538461539 0.11778846153846154
0 0.3798076923076923 0.7560096153846154 0.10576923076923077 0.10336538461538461
0 0.8473557692307693 0.2620192307692308 0.08413461538461539 0.08173076923076923
0 0.8605769230769231 0.6887019230769231 0.125 0.125
0 0.30288461538461536 0.3858173076923077 0.07211538461538461 0.07451923076923077
0 0.12259615384615384 0.5925480769230769 0.07211538461538461 0.07211538461538461
0 0.04326923076923077 0.4567307692307692 0.08653846153846154 0.10096153846153846
0 0.12740384615384615 0.3737980769230769 0.07692307692307693 0.07451923076923077
0 0.953125 0.3762019230769231 0.09375 0.11298076923076923
0 0.29086538461538464 0.9519230769230769 0.10096153846153846 0.09615384615384616
0 0.34615384615384615 0.9771634615384616 0.0673076923076923 0.04567307692307692
0 0.0985576923076923 0.2980769230769231 0.07932692307692307 0.07692307692307693
0 0.38221153846153844 0.8894230769230769 0.12740384615384615 0.13221153846153846