0 0.140625 0.23798076923076922 0.04567307692307692 0.06009615384615385
0 0.20432692307692307 0.20793269230769232 0.04807692307692308 0.055288461538461536
0 0.38221153846153844 0.21514423076923078 0.05048076923076923 0.07932692307692307
0 0.6129807692307693 0.03125 0.04326923076923077 0.0625
0 0.6598557692307693 0.09615384615384616 0.03365384615384615 0.052884615384615384
0 0.7415865384615384 0.2091346153846154 0.040865384615384616 0.0673076923076923
0 0.6213942307692307 0.19951923076923078 0.04807692307692308 0.055288461538461536
0 0.6574519230769231 0.2403846153846154 0.03365384615384615 0.040865384615384616
0 0.5877403846153846 0.29447115384615385 0.040865384615384616 0.06009615384615385
0 0.609375 0.39302884615384615 0.03365384615384615 0.0673076923076923
0 0.6706730769230769 0.3954326923076923 0.05048076923076923 0.05048076923076923
0 0.7271634615384616 0.3605769230769231 0.038461538461538464 0.05048076923076923
0 0.7199519230769231 0.3918269230769231 0.028846153846153848 0.06009615384615385
0 0.4651442307692308 0.33052884615384615 0.04807692307692308 0.0625
0 0.5060096153846154 0.44711538461538464 0.040865384615384616 0.057692307692307696
0 0.5228365384615384 0.5204326923076923 0.04326923076923077 0.05048076923076923
0 0.5745192307692307 0.5745192307692307 0.019230769230769232 0.03365384615384615
0 0.6478365384615384 0.6586538461538461 0.03125 0.0625
0 0.7007211538461539 0.6646634615384616 0.036057692307692304 0.040865384615384616
0 0.7139423076923077 0.6971153846153846 0.028846153846153848 0.040865384615384616
0 0.6875 0.7247596153846154 0.04326923076923077 0.06009615384615385
0 0.7956730769230769 0.7668269230769231 0.040865384615384616 0.0625
0 0.7908653846153846 0.8389423076923077 0.019230769230769232 0.03125
0 0.6550480769230769 0.8774038461538461 0.028846153846153848 0.057692307692307696
0 0.6310096153846154 0.8870192307692307 0.03365384615384615 0.0625
0 0.6069711538461539 0.8245192307692307 0.04807692307692308 0.04807692307692308
0 0.5540865384615384 0.8798076923076923 0.04326923076923077 0.07211538461538461
0 0.5480769230769231 0.796875 0.03365384615384615 0.06009615384615385
0 0.5480769230769231 0.7584134615384616 0.036057692307692304 0.052884615384615384
0 0.5576923076923077 0.7379807692307693 0.036057692307692304 0.055288461538461536
0 0.6177884615384616 0.7259615384615384 0.028846153846153848 0.07692307692307693
0 0.3173076923076923 0.5108173076923077 0.03125 0.0673076923076923
0 0.2668269230769231 0.4699519230769231 0.03125 0.07692307692307693
0 0.171875 0.3293269230769231 0.026442307692307692 0.04326923076923077
0 0.16706730769230768 0.36778846153846156 0.038461538461538464 0.055288461538461536
0 0.12980769230769232 0.3918269230769231 0.036057692307692304 0.0673076923076923
0 0.10096153846153846 0.4699519230769231 0.026442307692307692 0.026442307692307692
0 0.1814903846153846 0.4483173076923077 0.052884615384615384 0.04807692307692308
0 0.10697115384615384 0.6899038461538461 0.03365384615384615 0.03125
0 0.0985576923076923 0.734375 0.036057692307692304 0.06971153846153846
0 0.14182692307692307 0.7536057692307693 0.03125 0.055288461538461536
0 0.15625 0.8233173076923077 0.040865384615384616 0.06009615384615385
0 0.2980769230769231 0.9627403846153846 0.040865384615384616 0.05048076923076923
0 0.40865384615384615 0.9182692307692307 0.04567307692307692 0.055288461538461536
0 0.08052884615384616 0.04927884615384615 0.04807692307692308 0.07211538461538461