0 0.7271634615384616 0.07211538461538461 0.03125 0.036057692307692304
0 0.6382211538461539 0.020432692307692308 0.05048076923076923 0.02403846153846154
0 0.7548076923076923 0.125 0.028846153846153848 0.040865384615384616
0 0.8185096153846154 0.23317307692307693 0.03125 0.03125
0 0.7463942307692307 0.24639423076923078 0.03125 0.038461538461538464
0 0.7163461538461539 0.21514423076923078 0.036057692307692304 0.04567307692307692
0 0.6850961538461539 0.29447115384615385 0.040865384615384616 0.04326923076923077
0 0.6983173076923077 0.36778846153846156 0.028846153846153848 0.0673076923076923
0 0.7487980769230769 0.375 0.04567307692307692 0.04807692307692308
0 0.5841346153846154 0.3233173076923077 0.052884615384615384 0.0625
0 0.5228365384615384 0.22355769230769232 0.038461538461538464 0.05048076923076923
0 0.36899038461538464 0.21153846153846154 0.05048076923076923 0.04567307692307692
0 0.3317307692307692 0.31850961538461536 0.028846153846153848 0.036057692307692304
0 0.3293269230769231 0.34375 0.040865384615384616 0.04326923076923077
0 0.296875 0.3762019230769231 0.03365384615384615 0.05048076923076923
0 0.33774038461538464 0.421875 0.04326923076923077 0.040865384615384616
0 0.4074519230769231 0.44471153846153844 0.038461538461538464 0.06971153846153846
0 0.453125 0.47596153846153844 0.04326923076923077 0.05048076923076923
0 0.6213942307692307 0.49038461538461536 0.040865384615384616 0.05048076923076923
0 0.6262019230769231 0.7800480769230769 0.040865384615384616 0.052884615384615384
0 0.6766826923076923 0.7355769230769231 0.040865384615384616 0.04567307692307692
0 0.6899038461538461 0.796875 0.03365384615384615 0.0625
0 0.7175480769230769 0.7716346153846154 0.028846153846153848 0.06009615384615385
0 0.6899038461538461 0.6538461538461539 0.038461538461538464 0.07932692307692307
0 0.71875 0.5901442307692307 0.038461538461538464 0.0625
0 0.8305288461538461 0.6862980769230769 0.052884615384615384 0.06490384615384616
0 0.2980769230769231 0.7391826923076923 0.03365384615384615 0.06971153846153846
0 0.41586538461538464 0.8521634615384616 0.05048076923076923 0.0625
0 0.4963942307692308 0.8100961538461539 0.05048076923076923 0.06971153846153846
0 0.13341346153846154 0.7776442307692307 0.052884615384615384 0.057692307692307696
0 0.078125 0.8389423076923077 0.038461538461538464 0.057692307692307696
0 0.046875 0.7800480769230769 0.04326923076923077 0.04326923076923077
0 0.008413461538461538 0.8557692307692307 0.016826923076923076 0.057692307692307696
0 0.31490384615384615 0.23197115384615385 0.038461538461538464 0.04807692307692308
0 0.6622596153846154 0.53125 0.028846153846153848 0.052884615384615384
0 0.2536057692307692 0.6634615384615384 0.028846153846153848 0.04807692307692308
0 0.6237980769230769 0.7103365384615384 0.021634615384615384 0.04807692307692308
0 0.6358173076923077 0.6658653846153846 0.026442307692307692 0.040865384615384616
0 0.7608173076923077 0.6081730769230769 0.026442307692307692 0.04807692307692308
0 0.7524038461538461 0.65625 0.028846153846153848 0.052884615384615384
0 0.8016826923076923 0.34375 0.03365384615384615 0.04326923076923077
0 0.7896634615384616 0.3762019230769231 0.02403846153846154 0.04326923076923077