0 0.4387019230769231 0.45072115384615385 0.040865384615384616 0.05048076923076923
0 0.5564903846153846 0.12379807692307693 0.04807692307692308 0.055288461538461536
0 0.609375 0.234375 0.04567307692307692 0.06971153846153846
0 0.625 0.4182692307692308 0.038461538461538464 0.04567307692307692
0 0.9507211538461539 0.4987980769230769 0.04807692307692308 0.06971153846153846
0 0.8221153846153846 0.5072115384615384 0.040865384615384616 0.0625
0 0.43509615384615385 0.13221153846153846 0.036057692307692304 0.055288461538461536
0 0.421875 0.7475961538461539 0.038461538461538464 0.055288461538461536
0 0.3581730769230769 0.65625 0.04807692307692308 0.05048076923076923
0 0.59375 0.5528846153846154 0.04807692307692308 0.07211538461538461
0 0.0829326923076923 0.5192307692307693 0.03365384615384615 0.04567307692307692
0 0.7848557692307693 0.24158653846153846 0.038461538461538464 0.038461538461538464