0 0.20673076923076922 0.24639423076923078 0.03365384615384615 0.028846153846153848
0 0.17668269230769232 0.20673076923076922 0.03245192307692308 0.042067307692307696
0 0.171875 0.3942307692307692 0.03125 0.05048076923076923
0 0.18629807692307693 0.4675480769230769 0.02403846153846154 0.03485576923076923
0 0.3401442307692308 0.4891826923076923 0.020432692307692308 0.03365384615384615
0 0.38221153846153844 0.5961538461538461 0.021634615384615384 0.03365384615384615
0 0.18269230769230768 0.6141826923076923 0.027644230769230768 0.04567307692307692
0 0.18028846153846154 0.7836538461538461 0.030048076923076924 0.040865384615384616
0 0.14903846153846154 0.5168269230769231 0.028846153846153848 0.03485576923076923
0 0.28125 0.5084134615384616 0.028846153846153848 0.042067307692307696
0 0.6394230769230769 0.6057692307692307 0.021634615384615384 0.046875
0 0.1778846153846154 0.8257211538461539 0.03245192307692308 0.038461538461538464
0 0.15144230769230768 0.765625 0.013221153846153846 0.027644230769230768
0 0.24278846153846154 0.4519230769230769 0.025240384615384616 0.038461538461538464