0 0.08774038461538461 0.7403846153846154 0.0985576923076923 0.11298076923076923
0 0.09375 0.4735576923076923 0.06490384615384616 0.07451923076923077
0 0.12139423076923077 0.46274038461538464 0.06971153846153846 0.08173076923076923
0 0.2283653846153846 0.5504807692307693 0.07692307692307693 0.08653846153846154
0 0.29447115384615385 0.42908653846153844 0.0673076923076923 0.06971153846153846
0 0.3329326923076923 0.41466346153846156 0.09615384615384616 0.0985576923076923
0 0.3954326923076923 0.3317307692307692 0.10096153846153846 0.11538461538461539
0 0.39663461538461536 0.45072115384615385 0.07211538461538461 0.0673076923076923
0 0.5144230769230769 0.45913461538461536 0.0625 0.0673076923076923
0 0.31490384615384615 0.17067307692307693 0.08653846153846154 0.08413461538461539
0 0.29927884615384615 0.05889423076923077 0.08173076923076923 0.07692307692307693
0 0.8016826923076923 0.11298076923076923 0.10576923076923077 0.11538461538461539
0 0.7524038461538461 0.17668269230769232 0.0625 0.06490384615384616
0 0.7872596153846154 0.26802884615384615 0.08173076923076923 0.09134615384615384
0 0.7379807692307693 0.29086538461538464 0.0625 0.06490384615384616
0 0.7307692307692307 0.3629807692307692 0.06971153846153846 0.07932692307692307