0 0.08173076923076923 0.06610576923076923 0.036057692307692304 0.055288461538461536
0 0.12980769230769232 0.013221153846153846 0.026442307692307692 0.02403846153846154
0 0.13221153846153846 0.12259615384615384 0.03125 0.040865384615384616
0 0.10096153846153846 0.16105769230769232 0.038461538461538464 0.04567307692307692
0 0.13581730769230768 0.21634615384615385 0.038461538461538464 0.03125
0 0.16105769230769232 0.3870192307692308 0.028846153846153848 0.04326923076923077
0 0.20192307692307693 0.38100961538461536 0.03365384615384615 0.04567307692307692
0 0.20793269230769232 0.3317307692307692 0.028846153846153848 0.03125
0 0.35336538461538464 0.4170673076923077 0.028846153846153848 0.04807692307692308
0 0.40625 0.41225961538461536 0.014423076923076924 0.038461538461538464
0 0.3918269230769231 0.4026442307692308 0.026442307692307692 0.028846153846153848
0 0.37740384615384615 0.3737980769230769 0.02403846153846154 0.03125
0 0.5336538461538461 0.35336538461538464 0.026442307692307692 0.04326923076923077
0 0.5757211538461539 0.3954326923076923 0.026442307692307692 0.038461538461538464
0 0.5961538461538461 0.375 0.02403846153846154 0.04326923076923077
0 0.5829326923076923 0.33653846153846156 0.026442307692307692 0.04326923076923077
0 0.45552884615384615 0.3894230769230769 0.019230769230769232 0.036057692307692304
0 0.4675480769230769 0.43990384615384615 0.016826923076923076 0.04326923076923077
0 0.6454326923076923 0.42427884615384615 0.036057692307692304 0.04326923076923077
0 0.7548076923076923 0.3641826923076923 0.026442307692307692 0.055288461538461536
0 0.8197115384615384 0.12740384615384615 0.03125 0.05048076923076923
0 0.7548076923076923 0.43990384615384615 0.03365384615384615 0.026442307692307692
0 0.7403846153846154 0.46274038461538464 0.028846153846153848 0.028846153846153848
0 0.7355769230769231 0.5060096153846154 0.026442307692307692 0.028846153846153848
0 0.7728365384615384 0.4951923076923077 0.019230769230769232 0.03125
0 0.8040865384615384 0.4831730769230769 0.026442307692307692 0.040865384615384616
0 0.78125 0.5564903846153846 0.03365384615384615 0.03365384615384615
0 0.7584134615384616 0.6274038461538461 0.028846153846153848 0.055288461538461536
0 0.7283653846153846 0.5673076923076923 0.021634615384615384 0.038461538461538464
0 0.7199519230769231 0.5372596153846154 0.03125 0.019230769230769232
0 0.6442307692307693 0.5504807692307693 0.03125 0.038461538461538464
0 0.6706730769230769 0.6105769230769231 0.026442307692307692 0.052884615384615384
0 0.59375 0.5228365384615384 0.02403846153846154 0.05048076923076923
0 0.5 0.5180288461538461 0.01201923076923077 0.03365384615384615
0 0.4675480769230769 0.5793269230769231 0.03125 0.028846153846153848
0 0.40865384615384615 0.6490384615384616 0.02403846153846154 0.04326923076923077
0 0.31490384615384615 0.7079326923076923 0.028846153846153848 0.04807692307692308
0 0.31850961538461536 0.53125 0.036057692307692304 0.028846153846153848
0 0.3425480769230769 0.484375 0.026442307692307692 0.04326923076923077
0 0.11298076923076923 0.6069711538461539 0.040865384615384616 0.03125
0 0.08533653846153846 0.5012019230769231 0.02403846153846154 0.0625
0 0.13341346153846154 0.7295673076923077 0.04567307692307692 0.040865384615384616
0 0.1622596153846154 0.7836538461538461 0.026442307692307692 0.04807692307692308
0 0.140625 0.8233173076923077 0.026442307692307692 0.03365384615384615
0 0.12740384615384615 0.7980769230769231 0.03365384615384615 0.02403846153846154
0 0.21754807692307693 0.7788461538461539 0.038461538461538464 0.038461538461538464
0 0.2091346153846154 0.7259615384615384 0.03125 0.04326923076923077
0 0.18028846153846154 0.7199519230769231 0.03125 0.04807692307692308
0 0.15745192307692307 0.5997596153846154 0.021634615384615384 0.03365384615384615
0 0.21394230769230768 0.8485576923076923 0.028846153846153848 0.05048076923076923
0 0.2439903846153846 0.8581730769230769 0.038461538461538464 0.04567307692307692
0 0.25600961538461536 0.8016826923076923 0.04807692307692308 0.04807692307692308
0 0.19230769230769232 0.9362980769230769 0.038461538461538464 0.04807692307692308
0 0.3798076923076923 0.8137019230769231 0.021634615384615384 0.03125
0 0.4254807692307692 0.7572115384615384 0.03365384615384615 0.036057692307692304
0 0.46634615384615385 0.7800480769230769 0.019230769230769232 0.038461538461538464
0 0.4675480769230769 0.8701923076923077 0.021634615384615384 0.052884615384615384
0 0.5661057692307693 0.6983173076923077 0.02403846153846154 0.04326923076923077
0 0.5444711538461539 0.7764423076923077 0.02403846153846154 0.040865384615384616
0 0.6959134615384616 0.8221153846153846 0.028846153846153848 0.04326923076923077
0 0.6802884615384616 0.8786057692307693 0.038461538461538464 0.026442307692307692
0 0.7644230769230769 0.7992788461538461 0.026442307692307692 0.05048076923076923
0 0.37740384615384615 0.8653846153846154 0.021634615384615384 0.036057692307692304
0 0.3942307692307692 0.8701923076923077 0.016826923076923076 0.036057692307692304