0 0.25721153846153844 0.23317307692307693 0.03365384615384615 0.05048076923076923
0 0.625 0.24639423076923078 0.04326923076923077 0.056490384615384616
0 0.578125 0.5841346153846154 0.03485576923076923 0.040865384615384616
0 0.3004807692307692 0.7151442307692307 0.039663461538461536 0.04807692307692308
0 0.3858173076923077 0.7331730769230769 0.025240384615384616 0.051682692307692304
0 0.4338942307692308 0.7752403846153846 0.02403846153846154 0.051682692307692304
0 0.6454326923076923 0.7788461538461539 0.036057692307692304 0.036057692307692304
0 0.7043269230769231 0.5504807692307693 0.039663461538461536 0.04567307692307692
0 0.7860576923076923 0.6430288461538461 0.036057692307692304 0.04447115384615385
0 0.8485576923076923 0.46875 0.03125 0.05889423076923077
0 0.7331730769230769 0.45913461538461536 0.028846153846153848 0.042067307692307696
0 0.5024038461538461 0.47475961538461536 0.03485576923076923 0.04807692307692308
0 0.21394230769230768 0.19110576923076922 0.040865384615384616 0.056490384615384616
0 0.27884615384615385 0.09014423076923077 0.04447115384615385 0.03125
0 0.40384615384615385 0.17908653846153846 0.04326923076923077 0.04807692307692308
0 0.7259615384615384 0.6418269230769231 0.036057692307692304 0.04927884615384615
0 0.8377403846153846 0.6358173076923077 0.03365384615384615 0.06490384615384616
0 0.828125 0.9375 0.03125 0.055288461538461536
0 0.43509615384615385 0.06971153846153846 0.037259615384615384 0.06610576923076923
0 0.5168269230769231 0.9663461538461539 0.02283653846153846 0.03245192307692308
0 0.7415865384615384 0.9807692307692307 0.026442307692307692 0.036057692307692304
0 0.33052884615384615 0.4723557692307692 0.03245192307692308 0.04447115384615385
0 0.2704326923076923 0.5048076923076923 0.036057692307692304 0.05048076923076923
0 0.21634615384615385 0.3245192307692308 0.042067307692307696 0.05048076923076923
0 0.18028846153846154 0.21754807692307693 0.03125 0.051682692307692304
0 0.2548076923076923 0.6658653846153846 0.02403846153846154 0.07091346153846154
0 0.8317307692307693 0.04567307692307692 0.030048076923076924 0.052884615384615384
0 0.7692307692307693 0.3605769230769231 0.018028846153846152 0.057692307692307696
0 0.7680288461538461 0.5 0.030048076923076924 0.027644230769230768
0 0.8137019230769231 0.9759615384615384 0.03245192307692308 0.037259615384615384
0 0.28725961538461536 0.6382211538461539 0.03245192307692308 0.05048076923076923
0 0.2932692307692308 0.6021634615384616 0.020432692307692308 0.04326923076923077