0 0.5396634615384616 0.19230769230769232 0.08653846153846154 0.0985576923076923
0 0.4951923076923077 0.4651442307692308 0.06490384615384616 0.0673076923076923
0 0.4987980769230769 0.025240384615384616 0.07451923076923077 0.05048076923076923
0 0.9375 0.6814903846153846 0.07692307692307693 0.0889423076923077
0 0.7463942307692307 0.6526442307692307 0.0625 0.0673076923076923
0 0.4014423076923077 0.6550480769230769 0.057692307692307696 0.06490384615384616
0 0.027644230769230768 0.71875 0.055288461538461536 0.07211538461538461
0 0.09495192307692307 0.8846153846153846 0.06009615384615385 0.057692307692307696
0 0.7872596153846154 0.25600961538461536 0.07451923076923077 0.07692307692307693
0 0.31490384615384615 0.019230769230769232 0.0673076923076923 0.038461538461538464
0 0.3557692307692308 0.025240384615384616 0.057692307692307696 0.05048076923076923