0 0.4375 0.6225961538461539 0.03365384615384615 0.052884615384615384
0 0.40384615384615385 0.7271634615384616 0.03245192307692308 0.04326923076923077
0 0.7115384615384616 0.5300480769230769 0.03125 0.040865384615384616
0 0.5721153846153846 0.5540865384615384 0.028846153846153848 0.042067307692307696
0 0.5216346153846154 0.5432692307692307 0.03485576923076923 0.042067307692307696
0 0.3473557692307692 0.2283653846153846 0.027644230769230768 0.037259615384615384
0 0.4014423076923077 0.18870192307692307 0.027644230769230768 0.039663461538461536
0 0.8197115384615384 0.12860576923076922 0.025240384615384616 0.037259615384615384
0 0.65625 0.20673076923076922 0.018028846153846152 0.037259615384615384
0 0.6634615384615384 0.16706730769230768 0.025240384615384616 0.039663461538461536
0 0.6947115384615384 0.17548076923076922 0.02403846153846154 0.027644230769230768
0 0.7524038461538461 0.9242788461538461 0.03485576923076923 0.039663461538461536
0 0.7235576923076923 0.5901442307692307 0.028846153846153848 0.04326923076923077
0 0.2956730769230769 0.3713942307692308 0.03125 0.037259615384615384
0 0.7680288461538461 0.4699519230769231 0.025240384615384616 0.055288461538461536