0 0.3401442307692308 0.3137019230769231 0.0985576923076923 0.11298076923076923
0 0.40625 0.3112980769230769 0.0673076923076923 0.07692307692307693
0 0.44591346153846156 0.3004807692307692 0.07451923076923077 0.07932692307692307
0 0.3870192307692308 0.4375 0.07932692307692307 0.08653846153846154
0 0.2668269230769231 0.3894230769230769 0.08173076923076923 0.0889423076923077
0 0.33653846153846156 0.44350961538461536 0.0673076923076923 0.07692307692307693
0 0.2860576923076923 0.4795673076923077 0.08653846153846154 0.10096153846153846
0 0.20072115384615385 0.7067307692307693 0.07451923076923077 0.0889423076923077
0 0.359375 0.6790865384615384 0.07211538461538461 0.07932692307692307
0 0.35697115384615385 0.7992788461538461 0.06971153846153846 0.06971153846153846
0 0.3401442307692308 0.8449519230769231 0.06971153846153846 0.07211538461538461
0 0.4074519230769231 0.8052884615384616 0.07211538461538461 0.07932692307692307
0 0.421875 0.9026442307692307 0.08653846153846154 0.08413461538461539
0 0.5913461538461539 0.9555288461538461 0.07692307692307693 0.0889423076923077
0 0.5480769230769231 0.9891826923076923 0.0625 0.021634615384615384
0 0.7427884615384616 0.8617788461538461 0.09375 0.10096153846153846
0 0.7463942307692307 0.6081730769230769 0.08173076923076923 0.08653846153846154
0 0.7307692307692307 0.5336538461538461 0.057692307692307696 0.055288461538461536
0 0.7487980769230769 0.2692307692307692 0.09615384615384616 0.11538461538461539
0 0.6298076923076923 0.15144230769230768 0.11057692307692307 0.11778846153846154
0 0.7740384615384616 0.109375 0.07932692307692307 0.0889423076923077
0 0.8197115384615384 0.2608173076923077 0.06490384615384616 0.07932692307692307
0 0.8629807692307693 0.5865384615384616 0.0673076923076923 0.07692307692307693
0 0.9314903846153846 0.6129807692307693 0.04326923076923077 0.04567307692307692
0 0.9495192307692307 0.7175480769230769 0.06971153846153846 0.07692307692307693
0 0.9819711538461539 0.7259615384615384 0.036057692307692304 0.07211538461538461
0 0.9591346153846154 0.7920673076923077 0.0625 0.04807692307692308
0 0.5204326923076923 0.6778846153846154 0.06971153846153846 0.07692307692307693
0 0.49759615384615385 0.5757211538461539 0.07211538461538461 0.07932692307692307
0 0.4182692307692308 0.42788461538461536 0.07451923076923077 0.08413461538461539
0 0.14543269230769232 0.5216346153846154 0.0889423076923077 0.0889423076923077