0 0.44711538461538464 0.25600961538461536 0.051682692307692304 0.09134615384615384
0 0.5 0.28725961538461536 0.03485576923076923 0.06370192307692307
0 0.5360576923076923 0.296875 0.04447115384615385 0.05889423076923077
0 0.4230769230769231 0.3762019230769231 0.042067307692307696 0.06850961538461539
0 0.35216346153846156 0.27884615384615385 0.04447115384615385 0.06971153846153846
0 0.38100961538461536 0.3557692307692308 0.036057692307692304 0.06009615384615385
0 0.3233173076923077 0.359375 0.038461538461538464 0.08774038461538461
0 0.14423076923076922 0.4963942307692308 0.03485576923076923 0.07692307692307693
0 0.2824519230769231 0.5516826923076923 0.042067307692307696 0.06009615384615385
0 0.22115384615384615 0.6454326923076923 0.046875 0.046875
0 0.18629807692307693 0.6730769230769231 0.04447115384615385 0.05048076923076923
0 0.25721153846153844 0.6754807692307693 0.038461538461538464 0.06370192307692307
0 0.22115384615384615 0.7596153846153846 0.05889423076923077 0.055288461538461536
0 0.3293269230769231 0.8858173076923077 0.038461538461538464 0.07211538461538461
0 0.26802884615384615 0.90625 0.04326923076923077 0.039663461538461536
0 0.4951923076923077 0.8846153846153846 0.055288461538461536 0.07572115384615384
0 0.6213942307692307 0.6862980769230769 0.04927884615384615 0.06490384615384616
0 0.6454326923076923 0.6189903846153846 0.042067307692307696 0.03485576923076923
0 0.7896634615384616 0.421875 0.04326923076923077 0.09975961538461539
0 0.7548076923076923 0.2692307692307692 0.06610576923076923 0.08653846153846154
0 0.8894230769230769 0.3088942307692308 0.042067307692307696 0.06971153846153846
0 0.8497596153846154 0.4495192307692308 0.030048076923076924 0.0673076923076923
0 0.7247596153846154 0.7271634615384616 0.03365384615384615 0.06370192307692307
0 0.7644230769230769 0.78125 0.026442307692307692 0.03245192307692308
0 0.8353365384615384 0.8569711538461539 0.038461538461538464 0.06971153846153846
0 0.7271634615384616 0.8725961538461539 0.040865384615384616 0.05889423076923077
0 0.7608173076923077 0.9038461538461539 0.037259615384615384 0.056490384615384616
0 0.6983173076923077 0.9627403846153846 0.057692307692307696 0.07211538461538461
0 0.5757211538461539 0.9831730769230769 0.05048076923076923 0.03125
0 0.4098557692307692 0.6298076923076923 0.040865384615384616 0.05889423076923077
0 0.4423076923076923 0.5396634615384616 0.039663461538461536 0.0625
0 0.4519230769230769 0.38341346153846156 0.036057692307692304 0.06971153846153846
0 0.19110576923076922 0.3233173076923077 0.06009615384615385 0.05889423076923077