0 0.38100961538461536 0.3629807692307692 0.042067307692307696 0.07932692307692307
0 0.41466346153846156 0.24158653846153846 0.03485576923076923 0.0673076923076923
0 0.35096153846153844 0.1778846153846154 0.04326923076923077 0.06129807692307692
0 0.2932692307692308 0.1466346153846154 0.04927884615384615 0.0829326923076923
0 0.5408653846153846 0.453125 0.057692307692307696 0.07211538461538461
0 0.8245192307692307 0.39663461538461536 0.04447115384615385 0.07692307692307693
0 0.296875 0.4230769230769231 0.039663461538461536 0.07451923076923077
0 0.2848557692307692 0.3485576923076923 0.036057692307692304 0.06490384615384616
0 0.1875 0.29927884615384615 0.027644230769230768 0.06850961538461539
0 0.19951923076923078 0.49278846153846156 0.037259615384615384 0.06850961538461539
0 0.2776442307692308 0.7848557692307693 0.057692307692307696 0.09615384615384616
0 0.859375 0.5060096153846154 0.04447115384615385 0.06610576923076923
0 0.9435096153846154 0.6237980769230769 0.08052884615384616 0.09014423076923077
0 0.9086538461538461 0.7355769230769231 0.03245192307692308 0.0673076923076923
0 0.8725961538461539 0.765625 0.051682692307692304 0.05048076923076923
0 0.8509615384615384 0.8978365384615384 0.052884615384615384 0.05889423076923077
0 0.5564903846153846 0.6658653846153846 0.052884615384615384 0.07091346153846154
0 0.9639423076923077 0.7439903846153846 0.040865384615384616 0.0673076923076923
0 0.5877403846153846 0.17067307692307693 0.052884615384615384 0.08173076923076923
0 0.7560096153846154 0.8653846153846154 0.046875 0.09975961538461539