0 0.4735576923076923 0.36538461538461536 0.07932692307692307 0.0985576923076923
0 0.5661057692307693 0.2620192307692308 0.0673076923076923 0.08413461538461539
0 0.5360576923076923 0.16947115384615385 0.07451923076923077 0.08173076923076923
0 0.49399038461538464 0.109375 0.0889423076923077 0.10576923076923077
0 0.5841346153846154 0.53125 0.09375 0.0985576923076923
0 0.8894230769230769 0.6189903846153846 0.08173076923076923 0.09615384615384616
0 0.359375 0.38100961538461536 0.07451923076923077 0.09134615384615384
0 0.3858173076923077 0.30288461538461536 0.0673076923076923 0.08173076923076923
0 0.3161057692307692 0.20552884615384615 0.06009615384615385 0.08173076923076923
0 0.23076923076923078 0.40024038461538464 0.06971153846153846 0.08653846153846154
0 0.16105769230769232 0.7259615384615384 0.10336538461538461 0.12259615384615384
0 0.8689903846153846 0.7439903846153846 0.07692307692307693 0.08653846153846154
0 0.796875 0.9747596153846154 0.055288461538461536 0.05048076923076923
0 0.7524038461538461 0.9819711538461539 0.07692307692307693 0.036057692307692304
0 0.49399038461538464 0.7475961538461539 0.08653846153846154 0.09615384615384616
0 0.7704326923076923 0.27884615384615385 0.09134615384615384 0.10576923076923077