0 0.32211538461538464 0.17908653846153846 0.05048076923076923 0.08173076923076923
0 0.2692307692307692 0.40865384615384615 0.037259615384615384 0.06129807692307692
0 0.6322115384615384 0.3786057692307692 0.051682692307692304 0.07932692307692307
0 0.5120192307692307 0.41586538461538464 0.036057692307692304 0.09134615384615384
0 0.6935096153846154 0.6117788461538461 0.06129807692307692 0.08052884615384616
0 0.3293269230769231 0.6346153846153846 0.0673076923076923 0.1045673076923077
0 0.45552884615384615 0.3137019230769231 0.054086538461538464 0.0829326923076923
0 0.25600961538461536 0.8978365384615384 0.040865384615384616 0.055288461538461536
0 0.7836538461538461 0.25841346153846156 0.039663461538461536 0.08653846153846154
0 0.3125 0.9194711538461539 0.05048076923076923 0.10576923076923077
0 0.671875 0.8329326923076923 0.04927884615384615 0.08052884615384616
0 0.3449519230769231 0.3233173076923077 0.05048076923076923 0.0889423076923077