0 0.6213942307692307 0.12259615384615384 0.06490384615384616 0.09375
0 0.671875 0.21394230769230768 0.06971153846153846 0.07211538461538461
0 0.7584134615384616 0.21153846153846154 0.055288461538461536 0.07932692307692307
0 0.8197115384615384 0.22956730769230768 0.0625 0.07451923076923077
0 0.5576923076923077 0.028846153846153848 0.0625 0.057692307692307696
0 0.6923076923076923 0.5204326923076923 0.052884615384615384 0.0673076923076923
0 0.7403846153846154 0.5168269230769231 0.04807692307692308 0.07692307692307693
0 0.7776442307692307 0.5793269230769231 0.057692307692307696 0.07932692307692307
0 0.6286057692307693 0.7079326923076923 0.0625 0.07692307692307693
0 0.5300480769230769 0.7451923076923077 0.06009615384615385 0.06490384615384616
0 0.5853365384615384 0.7788461538461539 0.06009615384615385 0.0889423076923077
0 0.5048076923076923 0.8605769230769231 0.07692307692307693 0.08413461538461539
0 0.41947115384615385 0.8100961538461539 0.0673076923076923 0.0889423076923077
0 0.9927884615384616 0.5805288461538461 0.014423076923076924 0.07932692307692307