0 0.4387019230769231 0.01201923076923077 0.06009615384615385 0.02403846153846154
0 0.7151442307692307 0.13581730769230768 0.06490384615384616 0.07211538461538461
0 0.016826923076923076 0.47596153846153844 0.03365384615384615 0.0673076923076923
0 0.028846153846153848 0.3557692307692308 0.057692307692307696 0.057692307692307696
0 0.055288461538461536 0.41947115384615385 0.07692307692307693 0.07692307692307693
0 0.44471153846153844 0.11899038461538461 0.055288461538461536 0.0625
0 0.5456730769230769 0.13581730769230768 0.052884615384615384 0.055288461538461536
0 0.21033653846153846 0.171875 0.07451923076923077 0.07932692307692307
0 0.2536057692307692 0.013221153846153846 0.06490384615384616 0.026442307692307692
0 0.8629807692307693 0.5721153846153846 0.0673076923076923 0.07932692307692307
0 0.9471153846153846 0.46875 0.057692307692307696 0.057692307692307696
0 0.5480769230769231 0.3329326923076923 0.07932692307692307 0.09134615384615384
0 0.5048076923076923 0.33774038461538464 0.057692307692307696 0.057692307692307696