0 0.5048076923076923 0.019230769230769232 0.03365384615384615 0.038461538461538464
0 0.45913461538461536 0.23076923076923078 0.03365384615384615 0.04807692307692308
0 0.7379807692307693 0.3173076923076923 0.05048076923076923 0.06009615384615385
0 0.5564903846153846 0.39663461538461536 0.04807692307692308 0.052884615384615384
0 0.5817307692307693 0.49278846153846156 0.04326923076923077 0.06009615384615385
0 0.4170673076923077 0.6394230769230769 0.040865384615384616 0.052884615384615384
0 0.8173076923076923 0.7524038461538461 0.04807692307692308 0.06009615384615385
0 0.7127403846153846 0.7403846153846154 0.038461538461538464 0.04567307692307692
0 0.31971153846153844 0.7932692307692307 0.052884615384615384 0.06009615384615385
0 0.5288461538461539 0.7536057692307693 0.04326923076923077 0.052884615384615384
0 0.5697115384615384 0.6394230769230769 0.03125 0.036057692307692304
0 0.46033653846153844 0.3786057692307692 0.04567307692307692 0.07692307692307693
0 0.3605769230769231 0.8882211538461539 0.036057692307692304 0.06490384615384616
0 0.4855769230769231 0.7740384615384616 0.03125 0.055288461538461536