0 0.26322115384615385 0.20552884615384615 0.07211538461538461 0.05048076923076923
0 0.22355769230769232 0.2644230769230769 0.07091346153846154 0.08052884615384616
0 0.13822115384615385 0.25240384615384615 0.05889423076923077 0.06370192307692307
0 0.5396634615384616 0.2668269230769231 0.04807692307692308 0.054086538461538464
0 0.7379807692307693 0.19471153846153846 0.040865384615384616 0.08653846153846154
0 0.828125 0.27403846153846156 0.04326923076923077 0.052884615384615384
0 0.953125 0.25961538461538464 0.039663461538461536 0.06850961538461539
0 0.7427884615384616 0.4423076923076923 0.055288461538461536 0.056490384615384616
0 0.8413461538461539 0.38100961538461536 0.06009615384615385 0.0673076923076923
0 0.7836538461538461 0.5408653846153846 0.06850961538461539 0.0673076923076923
0 0.8942307692307693 0.6995192307692307 0.06129807692307692 0.04567307692307692