0 0.4675480769230769 0.6899038461538461 0.026442307692307692 0.05048076923076923
0 0.38822115384615385 0.8245192307692307 0.019230769230769232 0.04447115384615385
0 0.28725961538461536 0.7908653846153846 0.019230769230769232 0.055288461538461536
0 0.4423076923076923 0.8161057692307693 0.02283653846153846 0.055288461538461536
0 0.47596153846153844 0.8569711538461539 0.018028846153846152 0.051682692307692304
0 0.6598557692307693 0.8076923076923077 0.027644230769230768 0.04927884615384615
0 0.5372596153846154 0.25240384615384615 0.03245192307692308 0.06850961538461539
0 0.7680288461538461 0.2548076923076923 0.028846153846153848 0.046875
0 0.4483173076923077 0.6213942307692307 0.03245192307692308 0.05048076923076923
0 0.42788461538461536 0.7415865384615384 0.03125 0.038461538461538464
0 0.5456730769230769 0.8197115384615384 0.03125 0.04807692307692308
0 0.6490384615384616 0.8545673076923077 0.016826923076923076 0.06490384615384616
0 0.6971153846153846 0.8125 0.030048076923076924 0.052884615384615384
0 0.5336538461538461 0.5685096153846154 0.019230769230769232 0.03245192307692308
0 0.5144230769230769 0.5420673076923077 0.03245192307692308 0.028846153846153848
0 0.45552884615384615 0.13822115384615385 0.020432692307692308 0.046875
0 0.4050480769230769 0.5192307692307693 0.016826923076923076 0.05048076923076923