0 0.14783653846153846 0.40625 0.057692307692307696 0.0625
0 0.47115384615384615 0.21995192307692307 0.0673076923076923 0.07211538461538461
0 0.6129807692307693 0.5360576923076923 0.05048076923076923 0.052884615384615384
0 0.44471153846153844 0.7992788461538461 0.06009615384615385 0.0625
0 0.5288461538461539 0.7680288461538461 0.05048076923076923 0.057692307692307696
0 0.5913461538461539 0.7788461538461539 0.05048076923076923 0.057692307692307696
0 0.7764423076923077 0.6670673076923077 0.05048076923076923 0.05048076923076923
0 0.7043269230769231 0.4387019230769231 0.06009615384615385 0.0625
0 0.8233173076923077 0.47475961538461536 0.055288461538461536 0.057692307692307696
0 0.7848557692307693 0.2920673076923077 0.06009615384615385 0.0673076923076923
0 0.6790865384615384 0.3449519230769231 0.04567307692307692 0.05048076923076923
0 0.4891826923076923 0.4831730769230769 0.055288461538461536 0.06009615384615385
0 0.08774038461538461 0.39302884615384615 0.06490384615384616 0.06971153846153846
0 0.0889423076923077 0.27163461538461536 0.055288461538461536 0.05048076923076923
0 0.2439903846153846 0.28125 0.0625 0.0625
0 0.7728365384615384 0.5072115384615384 0.057692307692307696 0.0625
0 0.8653846153846154 0.4423076923076923 0.06490384615384616 0.07451923076923077
0 0.2127403846153846 0.16947115384615385 0.0673076923076923 0.07692307692307693
0 0.765625 0.8978365384615384 0.036057692307692304 0.038461538461538464
0 0.9627403846153846 0.7848557692307693 0.036057692307692304 0.036057692307692304
0 0.3401442307692308 0.5745192307692307 0.052884615384615384 0.055288461538461536
0 0.30528846153846156 0.6334134615384616 0.057692307692307696 0.0625
0 0.16346153846153846 0.5072115384615384 0.0625 0.06490384615384616
0 0.0733173076923077 0.43509615384615385 0.052884615384615384 0.06009615384615385
0 0.3786057692307692 0.7800480769230769 0.057692307692307696 0.07451923076923077
0 0.6574519230769231 0.24158653846153846 0.04567307692307692 0.06009615384615385
0 0.7319711538461539 0.36177884615384615 0.040865384615384616 0.040865384615384616
0 0.39302884615384615 0.7391826923076923 0.055288461538461536 0.06009615384615385
0 0.37740384615384615 0.7055288461538461 0.040865384615384616 0.04807692307692308