0 0.44591346153846156 0.09254807692307693 0.0889423076923077 0.10096153846153846
0 0.7043269230769231 0.13341346153846154 0.06129807692307692 0.09254807692307693
0 0.4074519230769231 0.31850961538461536 0.07091346153846154 0.09615384615384616
0 0.6262019230769231 0.43028846153846156 0.056490384615384616 0.0985576923076923
0 0.46274038461538464 0.5120192307692307 0.055288461538461536 0.07091346153846154
0 0.6021634615384616 0.6622596153846154 0.05889423076923077 0.10817307692307693
0 0.8786057692307693 0.625 0.06971153846153846 0.10216346153846154
0 0.23197115384615385 0.46033653846153844 0.07572115384615384 0.09735576923076923
0 0.10096153846153846 0.44350961538461536 0.08533653846153846 0.06971153846153846
0 0.23076923076923078 0.7019230769230769 0.07211538461538461 0.0985576923076923
0 0.8918269230769231 0.953125 0.07211538461538461 0.078125
0 0.4110576923076923 0.7139423076923077 0.0673076923076923 0.11057692307692307