0 0.13581730769230768 0.5973557692307693 0.07692307692307693 0.08413461538461539
0 0.021634615384615384 0.5408653846153846 0.04326923076923077 0.0673076923076923
0 0.015625 0.3485576923076923 0.03125 0.07211538461538461
0 0.13942307692307693 0.8064903846153846 0.0625 0.06490384615384616
0 0.1935096153846154 0.7776442307692307 0.052884615384615384 0.0625
0 0.2980769230769231 0.9387019230769231 0.055288461538461536 0.07451923076923077
0 0.28966346153846156 0.9891826923076923 0.06490384615384616 0.021634615384615384
0 0.20793269230769232 0.9735576923076923 0.06490384615384616 0.052884615384615384
0 0.47596153846153844 0.9819711538461539 0.0673076923076923 0.036057692307692304
0 0.4651442307692308 0.921875 0.05048076923076923 0.06009615384615385
0 0.41346153846153844 0.8762019230769231 0.055288461538461536 0.052884615384615384
0 0.40384615384615385 0.8257211538461539 0.038461538461538464 0.04567307692307692
0 0.26802884615384615 0.7752403846153846 0.052884615384615384 0.06971153846153846
0 0.3701923076923077 0.6790865384615384 0.057692307692307696 0.06009615384615385
0 0.3125 0.5685096153846154 0.07211538461538461 0.07692307692307693
0 0.2439903846153846 0.59375 0.057692307692307696 0.0625
0 0.43990384615384615 0.5552884615384616 0.055288461538461536 0.0625
0 0.4519230769230769 0.65625 0.055288461538461536 0.06009615384615385
0 0.4735576923076923 0.7980769230769231 0.04807692307692308 0.052884615384615384
0 0.46634615384615385 0.8473557692307693 0.06490384615384616 0.0625
0 0.5300480769230769 0.7800480769230769 0.052884615384615384 0.055288461538461536
0 0.5552884615384616 0.8401442307692307 0.052884615384615384 0.057692307692307696
0 0.5204326923076923 0.8858173076923077 0.0625 0.055288461538461536
0 0.6141826923076923 0.8509615384615384 0.06971153846153846 0.07451923076923077
0 0.6622596153846154 0.9242788461538461 0.06971153846153846 0.07211538461538461
0 0.6850961538461539 0.7704326923076923 0.052884615384615384 0.057692307692307696
0 0.5276442307692307 0.5913461538461539 0.05048076923076923 0.06009615384615385
0 0.49759615384615385 0.47115384615384615 0.04567307692307692 0.05048076923076923
0 0.47836538461538464 0.28846153846153844 0.057692307692307696 0.06490384615384616
0 0.3317307692307692 0.32091346153846156 0.08173076923076923 0.07451923076923077
0 0.6887019230769231 0.38461538461538464 0.07211538461538461 0.08653846153846154
0 0.6514423076923077 0.5192307692307693 0.0673076923076923 0.07692307692307693
0 0.6959134615384616 0.6694711538461539 0.052884615384615384 0.0625
0 0.7536057692307693 0.6754807692307693 0.07692307692307693 0.08653846153846154
0 0.7704326923076923 0.7283653846153846 0.04567307692307692 0.05048076923076923
0 0.7944711538461539 0.7944711538461539 0.052884615384615384 0.04567307692307692
0 0.8052884615384616 0.8125 0.04807692307692308 0.04567307692307692
0 0.8100961538461539 0.5228365384615384 0.06009615384615385 0.07211538461538461
0 0.8653846153846154 0.5625 0.0625 0.06490384615384616
0 0.8485576923076923 0.6526442307692307 0.0625 0.0673076923076923
0 0.9158653846153846 0.6838942307692307 0.052884615384615384 0.0673076923076923
0 0.8894230769230769 0.40625 0.04326923076923077 0.055288461538461536
0 0.8533653846153846 0.44471153846153844 0.04567307692307692 0.05048076923076923
0 0.8317307692307693 0.49158653846153844 0.055288461538461536 0.057692307692307696
0 0.7271634615384616 0.2800480769230769 0.052884615384615384 0.052884615384615384
0 0.6923076923076923 0.27524038461538464 0.04326923076923077 0.06009615384615385
0 0.3641826923076923 0.8137019230769231 0.10336538461538461 0.11778846153846154
0 0.09495192307692307 0.7764423076923077 0.04567307692307692 0.057692307692307696
0 0.8221153846153846 0.3317307692307692 0.04807692307692308 0.04567307692307692
0 0.7932692307692307 0.32572115384615385 0.038461538461538464 0.040865384615384616
0 0.765625 0.33774038461538464 0.04567307692307692 0.04326923076923077
0 0.36538461538461536 0.4651442307692308 0.0625 0.07211538461538461