0 0.35216346153846156 0.06009615384615385 0.11298076923076923 0.09615384615384616
0 0.6322115384615384 0.040865384615384616 0.08653846153846154 0.08173076923076923
0 0.3629807692307692 0.2932692307692308 0.0985576923076923 0.1201923076923077
0 0.6225961538461539 0.35697115384615385 0.08413461538461539 0.11778846153846154
0 0.46875 0.4831730769230769 0.07692307692307693 0.0889423076923077
0 0.6526442307692307 0.609375 0.0889423076923077 0.12980769230769232
0 0.9362980769230769 0.5024038461538461 0.0985576923076923 0.125
0 0.21033653846153846 0.4855769230769231 0.10576923076923077 0.12259615384615384
0 0.06971153846153846 0.5 0.10817307692307693 0.09375
0 0.2692307692307692 0.7415865384615384 0.10096153846153846 0.12259615384615384
0 0.9903846153846154 0.8449519230769231 0.019230769230769232 0.0985576923076923
0 0.46274038461538464 0.7115384615384616 0.0985576923076923 0.1346153846153846