0 0.42908653846153844 0.5228365384615384 0.125 0.1201923076923077
0 0.6478365384615384 0.5072115384615384 0.16105769230769232 0.16105769230769232
0 0.47836538461538464 0.6586538461538461 0.12740384615384615 0.1346153846153846
0 0.2692307692307692 0.8521634615384616 0.12980769230769232 0.12980769230769232
0 0.14302884615384615 0.8173076923076923 0.10336538461538461 0.11298076923076923
0 0.037259615384615384 0.6622596153846154 0.07451923076923077 0.10817307692307693
0 0.5408653846153846 0.11899038461538461 0.12980769230769232 0.13221153846153846
0 0.6117788461538461 0.04567307692307692 0.12259615384615384 0.09134615384615384
0 0.7415865384615384 0.20432692307692307 0.11538461538461539 0.1201923076923077
0 0.7644230769230769 0.265625 0.12259615384615384 0.11778846153846154
0 0.9134615384615384 0.7596153846153846 0.11538461538461539 0.11538461538461539
0 0.8149038461538461 0.8341346153846154 0.10336538461538461 0.10817307692307693
0 0.6514423076923077 0.9122596153846154 0.13701923076923078 0.14903846153846154
0 0.3449519230769231 0.9182692307692307 0.11538461538461539 0.125