0 0.5769230769230769 0.3485576923076923 0.125 0.1346153846153846
0 0.6911057692307693 0.09975961538461539 0.11057692307692307 0.10576923076923077
0 0.5697115384615384 0.026442307692307692 0.09615384615384616 0.052884615384615384
0 0.14783653846153846 0.13701923076923078 0.07451923076923077 0.0889423076923077
0 0.2283653846153846 0.18389423076923078 0.0889423076923077 0.09134615384615384
0 0.040865384615384616 0.4387019230769231 0.08173076923076923 0.17067307692307693
0 0.09375 0.5745192307692307 0.09375 0.08653846153846154
0 0.18389423076923078 0.5036057692307693 0.09375 0.11057692307692307
0 0.33052884615384615 0.30408653846153844 0.11538461538461539 0.14182692307692307
0 0.3701923076923077 0.6081730769230769 0.10576923076923077 0.11298076923076923
0 0.45072115384615385 0.6514423076923077 0.10576923076923077 0.10096153846153846
0 0.4266826923076923 0.5564903846153846 0.07932692307692307 0.08413461538461539
0 0.5324519230769231 0.609375 0.07692307692307693 0.07692307692307693
0 0.6153846153846154 0.6754807692307693 0.11538461538461539 0.10817307692307693
0 0.6201923076923077 0.8293269230769231 0.10817307692307693 0.11778846153846154
0 0.5625 0.7644230769230769 0.07211538461538461 0.08413461538461539
0 0.49038461538461536 0.7439903846153846 0.08413461538461539 0.09375
0 0.3858173076923077 0.7007211538461539 0.08413461538461539 0.09615384615384616
0 0.30408653846153844 0.7944711538461539 0.09134615384615384 0.08173076923076923
0 0.7944711538461539 0.8569711538461539 0.07932692307692307 0.08413461538461539
0 0.90625 0.4855769230769231 0.11057692307692307 0.13701923076923078
0 0.8737980769230769 0.27524038461538464 0.15384615384615385 0.15384615384615385
0 0.7079326923076923 0.44350961538461536 0.10576923076923077 0.10576923076923077