0 0.09615384615384616 0.20192307692307693 0.07932692307692307 0.09615384615384616
0 0.027644230769230768 0.5420673076923077 0.055288461538461536 0.10817307692307693
0 0.09375 0.5901442307692307 0.11298076923076923 0.12980769230769232
0 0.1935096153846154 0.5504807692307693 0.08413461538461539 0.11057692307692307
0 0.22235576923076922 0.9387019230769231 0.1201923076923077 0.1201923076923077
0 0.3858173076923077 0.9699519230769231 0.0889423076923077 0.06009615384615385
0 0.39903846153846156 0.8413461538461539 0.06971153846153846 0.0985576923076923
0 0.3401442307692308 0.5456730769230769 0.09615384615384616 0.13221153846153846
0 0.29447115384615385 0.21514423076923078 0.08413461538461539 0.09134615384615384
0 0.4230769230769231 0.17668269230769232 0.10817307692307693 0.12259615384615384
0 0.6430288461538461 0.13822115384615385 0.11298076923076923 0.13221153846153846
0 0.5276442307692307 0.010817307692307692 0.0889423076923077 0.021634615384615384
0 0.7608173076923077 0.028846153846153848 0.10817307692307693 0.057692307692307696
0 0.8257211538461539 0.19951923076923078 0.08413461538461539 0.0985576923076923
0 0.6862980769230769 0.32211538461538464 0.09615384615384616 0.10336538461538461
0 0.5300480769230769 0.38461538461538464 0.09134615384615384 0.09375
0 0.6057692307692307 0.6237980769230769 0.08413461538461539 0.0985576923076923
0 0.6346153846153846 0.7271634615384616 0.11538461538461539 0.11298076923076923
0 0.7331730769230769 0.6875 0.09134615384615384 0.0985576923076923
0 0.859375 0.5661057692307693 0.11538461538461539 0.11778846153846154
0 0.9831730769230769 0.6742788461538461 0.03365384615384615 0.10336538461538461
0 0.8497596153846154 0.7548076923076923 0.10576923076923077 0.10336538461538461
0 0.7331730769230769 0.8088942307692307 0.10336538461538461 0.13221153846153846
0 0.921875 0.6658653846153846 0.08413461538461539 0.10576923076923077
0 0.7487980769230769 0.578125 0.10096153846153846 0.11057692307692307
0 0.039663461538461536 0.34615384615384615 0.07932692307692307 0.09134615384615384