0 0.19591346153846154 0.23557692307692307 0.0985576923076923 0.08413461538461539
0 0.3485576923076923 0.3088942307692308 0.0889423076923077 0.11057692307692307
0 0.4338942307692308 0.28125 0.055288461538461536 0.10336538461538461
0 0.5240384615384616 0.3629807692307692 0.0889423076923077 0.11057692307692307
0 0.6418269230769231 0.35096153846153844 0.07692307692307693 0.0985576923076923
0 0.796875 0.40865384615384615 0.07211538461538461 0.1201923076923077
0 0.7596153846153846 0.6971153846153846 0.04807692307692308 0.11057692307692307
0 0.5612980769230769 0.7247596153846154 0.08653846153846154 0.11778846153846154
0 0.35216346153846156 0.8137019230769231 0.09615384615384616 0.08413461538461539
0 0.3329326923076923 0.8605769230769231 0.08413461538461539 0.08653846153846154
0 0.42427884615384615 0.9711538461538461 0.07932692307692307 0.057692307692307696
0 0.96875 0.6682692307692307 0.0625 0.07692307692307693
0 0.8930288461538461 0.03485576923076923 0.11298076923076923 0.06971153846153846
0 0.11658653846153846 0.3605769230769231 0.0889423076923077 0.1346153846153846
0 0.5480769230769231 0.04567307692307692 0.10096153846153846 0.09134615384615384
0 0.9855769230769231 0.5709134615384616 0.028846153846153848 0.06971153846153846
0 0.9807692307692307 0.8810096153846154 0.038461538461538464 0.06971153846153846
0 0.6935096153846154 0.796875 0.07451923076923077 0.07692307692307693