0 0.18990384615384615 0.2247596153846154 0.10576923076923077 0.12740384615384615
0 0.13581730769230768 0.09014423076923077 0.06009615384615385 0.07451923076923077
0 0.14302884615384615 0.027644230769230768 0.04567307692307692 0.055288461538461536
0 0.037259615384615384 0.6694711538461539 0.07451923076923077 0.10817307692307693
0 0.11177884615384616 0.6502403846153846 0.06490384615384616 0.0985576923076923
0 0.15745192307692307 0.7451923076923077 0.07211538461538461 0.10336538461538461
0 0.2644230769230769 0.7692307692307693 0.07451923076923077 0.09615384615384616
0 0.38100961538461536 0.8629807692307693 0.09615384615384616 0.13221153846153846
0 0.6141826923076923 0.8497596153846154 0.09134615384615384 0.10336538461538461
0 0.8269230769230769 0.7079326923076923 0.09615384615384616 0.11057692307692307
0 0.8100961538461539 0.5096153846153846 0.09134615384615384 0.10817307692307693
0 0.6262019230769231 0.5973557692307693 0.10336538461538461 0.12259615384615384
0 0.49759615384615385 0.5492788461538461 0.0985576923076923 0.12259615384615384
0 0.3449519230769231 0.453125 0.0889423076923077 0.125
0 0.23557692307692307 0.5036057692307693 0.07692307692307693 0.10096153846153846
0 0.9074519230769231 0.2548076923076923 0.11298076923076923 0.11057692307692307
0 0.7644230769230769 0.8858173076923077 0.11778846153846154 0.13942307692307693