0 0.17427884615384615 0.17427884615384615 0.07211538461538461 0.07932692307692307
0 0.22235576923076922 0.2800480769230769 0.07451923076923077 0.07692307692307693
0 0.27283653846153844 0.33413461538461536 0.06490384615384616 0.0673076923076923
0 0.39903846153846156 0.3485576923076923 0.0625 0.06490384615384616
0 0.35096153846153844 0.453125 0.055288461538461536 0.052884615384615384
0 0.06370192307692307 0.5276442307692307 0.04807692307692308 0.05048076923076923
0 0.02403846153846154 0.5612980769230769 0.04807692307692308 0.06971153846153846
0 0.009615384615384616 0.6358173076923077 0.019230769230769232 0.06009615384615385
0 0.046875 0.6850961538461539 0.04807692307692308 0.05048076923076923
0 0.1466346153846154 0.6478365384615384 0.055288461538461536 0.055288461538461536
0 0.10096153846153846 0.6995192307692307 0.06490384615384616 0.0673076923076923
0 0.12620192307692307 0.7524038461538461 0.07692307692307693 0.07451923076923077
0 0.3473557692307692 0.5625 0.07451923076923077 0.08173076923076923
0 0.4519230769230769 0.48677884615384615 0.07451923076923077 0.08173076923076923
0 0.6298076923076923 0.3858173076923077 0.07932692307692307 0.08173076923076923
0 0.5348557692307693 0.2548076923076923 0.08173076923076923 0.08653846153846154
0 0.7295673076923077 0.5925480769230769 0.0625 0.0673076923076923
0 0.6213942307692307 0.6382211538461539 0.06971153846153846 0.07451923076923077
0 0.7043269230769231 0.6899038461538461 0.055288461538461536 0.055288461538461536
0 0.7427884615384616 0.6262019230769231 0.07932692307692307 0.08173076923076923
0 0.71875 0.7151442307692307 0.06490384615384616 0.06490384615384616
0 0.7271634615384616 0.75 0.06490384615384616 0.0625
0 0.6875 0.8413461538461539 0.06490384615384616 0.0673076923076923
0 0.6310096153846154 0.8173076923076923 0.0673076923076923 0.07211538461538461
0 0.5769230769230769 0.8125 0.06490384615384616 0.0673076923076923
0 0.5264423076923077 0.8137019230769231 0.08413461538461539 0.08413461538461539
0 0.5228365384615384 0.890625 0.06971153846153846 0.0625
0 0.4170673076923077 0.8978365384615384 0.08413461538461539 0.08653846153846154
0 0.31850961538461536 0.8497596153846154 0.06490384615384616 0.0673076923076923
0 0.25961538461538464 0.9050480769230769 0.07211538461538461 0.07211538461538461
0 0.24278846153846154 0.9266826923076923 0.04326923076923077 0.038461538461538464
0 0.41346153846153844 0.9795673076923077 0.052884615384615384 0.040865384615384616
0 0.4170673076923077 0.9903846153846154 0.06971153846153846 0.019230769230769232
0 0.515625 0.9903846153846154 0.06490384615384616 0.019230769230769232
0 0.054086538461538464 0.6045673076923077 0.0625 0.06490384615384616
0 0.11177884615384616 0.5901442307692307 0.06490384615384616 0.06971153846153846