0 0.41346153846153844 0.7079326923076923 0.1346153846153846 0.14182692307692307
0 0.5240384615384616 0.8786057692307693 0.1466346153846154 0.15865384615384615
0 0.2920673076923077 0.6983173076923077 0.0985576923076923 0.13942307692307693
0 0.6129807692307693 0.5757211538461539 0.15384615384615385 0.19471153846153846
0 0.6514423076923077 0.3389423076923077 0.13701923076923078 0.1346153846153846
0 0.7956730769230769 0.46274038461538464 0.09134615384615384 0.08653846153846154
0 0.8377403846153846 0.6322115384615384 0.11538461538461539 0.09134615384615384
0 0.8641826923076923 0.6923076923076923 0.11298076923076923 0.10576923076923077
0 0.9675480769230769 0.3629807692307692 0.06009615384615385 0.10096153846153846
0 0.5925480769230769 0.03245192307692308 0.09375 0.06490384615384616
0 0.2920673076923077 0.14903846153846154 0.10336538461538461 0.12740384615384615
0 0.20552884615384615 0.7764423076923077 0.09375 0.10576923076923077
0 0.08533653846153846 0.6983173076923077 0.0889423076923077 0.09134615384615384
0 0.12259615384615384 0.5949519230769231 0.09134615384615384 0.11538461538461539
0 0.24879807692307693 0.5757211538461539 0.11057692307692307 0.11538461538461539
0 0.10817307692307693 0.29447115384615385 0.11298076923076923 0.12980769230769232
0 0.7644230769230769 0.38341346153846156 0.12980769230769232 0.14182692307692307