0 0.2620192307692308 0.4014423076923077 0.07572115384615384 0.051682692307692304
0 0.44350961538461536 0.39783653846153844 0.07572115384615384 0.07572115384615384
0 0.2920673076923077 0.5637019230769231 0.05889423076923077 0.06610576923076923
0 0.22355769230769232 0.6550480769230769 0.052884615384615384 0.07091346153846154
0 0.14543269230769232 0.6754807692307693 0.05048076923076923 0.06850961538461539
0 0.014423076923076924 0.6538461538461539 0.028846153846153848 0.056490384615384616
0 0.2800480769230769 0.8257211538461539 0.0733173076923077 0.09375
0 0.055288461538461536 0.8677884615384616 0.042067307692307696 0.056490384615384616
0 0.15264423076923078 0.8966346153846154 0.036057692307692304 0.055288461538461536
0 0.38221153846153844 0.7992788461538461 0.05048076923076923 0.08052884615384616
0 0.375 0.6766826923076923 0.052884615384615384 0.07211538461538461
0 0.4579326923076923 0.6081730769230769 0.04447115384615385 0.07211538461538461
0 0.4795673076923077 0.7427884615384616 0.054086538461538464 0.07572115384615384
0 0.46153846153846156 0.9579326923076923 0.051682692307692304 0.06850961538461539
0 0.671875 0.8930288461538461 0.07692307692307693 0.07692307692307693
0 0.8762019230769231 0.9110576923076923 0.05889423076923077 0.054086538461538464
0 0.9098557692307693 0.8112980769230769 0.051682692307692304 0.06971153846153846
0 0.9411057692307693 0.6346153846153846 0.036057692307692304 0.06971153846153846
0 0.890625 0.6706730769230769 0.046875 0.06009615384615385
0 0.8605769230769231 0.7115384615384616 0.052884615384615384 0.052884615384615384
0 0.8389423076923077 0.7548076923076923 0.057692307692307696 0.052884615384615384
0 0.8653846153846154 0.5432692307692307 0.04567307692307692 0.07211538461538461
0 0.828125 0.5216346153846154 0.039663461538461536 0.055288461538461536
0 0.7908653846153846 0.5168269230769231 0.04927884615384615 0.039663461538461536
0 0.7427884615384616 0.44471153846153844 0.052884615384615384 0.0733173076923077
0 0.7512019230769231 0.23076923076923078 0.038461538461538464 0.08173076923076923
0 0.6983173076923077 0.546875 0.03245192307692308 0.06370192307692307
0 0.640625 0.6862980769230769 0.0733173076923077 0.052884615384615384
0 0.7608173076923077 0.921875 0.06971153846153846 0.10817307692307693
0 0.3918269230769231 0.96875 0.046875 0.057692307692307696
0 0.9615384615384616 0.9639423076923077 0.03245192307692308 0.056490384615384616