0 0.7151442307692307 0.3485576923076923 0.11538461538461539 0.11538461538461539
0 0.6983173076923077 0.48197115384615385 0.09375 0.09375
0 0.8185096153846154 0.4723557692307692 0.09134615384615384 0.09615384615384616
0 0.96875 0.5048076923076923 0.0625 0.11538461538461539
0 0.6959134615384616 0.16947115384615385 0.10817307692307693 0.10817307692307693
0 0.5769230769230769 0.25240384615384615 0.10336538461538461 0.11057692307692307
0 0.4963942307692308 0.22716346153846154 0.0985576923076923 0.10096153846153846
0 0.38461538461538464 0.1201923076923077 0.09375 0.09615384615384616
0 0.24639423076923078 0.2980769230769231 0.0889423076923077 0.09615384615384616
0 0.19591346153846154 0.31490384615384615 0.07692307692307693 0.08173076923076923
0 0.12379807692307693 0.23798076923076922 0.07211538461538461 0.07451923076923077
0 0.056490384615384616 0.3004807692307692 0.08653846153846154 0.09134615384615384
0 0.1201923076923077 0.6778846153846154 0.09375 0.09375
0 0.10096153846153846 0.7103365384615384 0.08653846153846154 0.08413461538461539
0 0.27163461538461536 0.6526442307692307 0.09134615384615384 0.09134615384615384
0 0.3629807692307692 0.7632211538461539 0.0673076923076923 0.06971153846153846
0 0.4026442307692308 0.6802884615384616 0.07211538461538461 0.07211538461538461
0 0.1622596153846154 0.84375 0.0625 0.0625
0 0.44711538461538464 0.4639423076923077 0.09375 0.0985576923076923
0 0.34375 0.3894230769230769 0.07932692307692307 0.07932692307692307
0 0.2848557692307692 0.3762019230769231 0.07692307692307693 0.07932692307692307
0 0.5997596153846154 0.44591346153846156 0.08413461538461539 0.08413461538461539
0 0.5709134615384616 0.6430288461538461 0.07211538461538461 0.07692307692307693
0 0.5612980769230769 0.7151442307692307 0.09615384615384616 0.0985576923076923
0 0.6766826923076923 0.6598557692307693 0.06971153846153846 0.07451923076923077
0 0.6370192307692307 0.734375 0.08413461538461539 0.08653846153846154
0 0.6021634615384616 0.8125 0.08413461538461539 0.08653846153846154
0 0.5841346153846154 0.9375 0.07211538461538461 0.07451923076923077
0 0.6875 0.828125 0.07692307692307693 0.08173076923076923
0 0.7415865384615384 0.7103365384615384 0.0985576923076923 0.10096153846153846
0 0.7451923076923077 0.8137019230769231 0.0673076923076923 0.06971153846153846
0 0.8076923076923077 0.8521634615384616 0.11057692307692307 0.11538461538461539
0 0.3076923076923077 0.18870192307692307 0.07692307692307693 0.08173076923076923
0 0.8377403846153846 0.30288461538461536 0.08413461538461539 0.0889423076923077