0 0.27884615384615385 0.18629807692307693 0.028846153846153848 0.036057692307692304
0 0.28846153846153844 0.21995192307692307 0.038461538461538464 0.055288461538461536
0 0.33653846153846156 0.29447115384615385 0.0625 0.052884615384615384
0 0.19951923076923078 0.16826923076923078 0.055288461538461536 0.0625
0 0.1466346153846154 0.4182692307692308 0.06009615384615385 0.04807692307692308
0 0.18629807692307693 0.5204326923076923 0.04807692307692308 0.06971153846153846
0 0.2548076923076923 0.5733173076923077 0.03365384615384615 0.055288461538461536
0 0.3016826923076923 0.5552884615384616 0.028846153846153848 0.0673076923076923
0 0.36899038461538464 0.453125 0.04326923076923077 0.052884615384615384
0 0.4326923076923077 0.4014423076923077 0.040865384615384616 0.0625
0 0.39302884615384615 0.6045673076923077 0.036057692307692304 0.057692307692307696
0 0.33533653846153844 0.6069711538461539 0.040865384615384616 0.04567307692307692
0 0.19110576923076922 0.8533653846153846 0.04567307692307692 0.055288461538461536
0 0.17548076923076922 0.8774038461538461 0.03125 0.05048076923076923
0 0.15745192307692307 0.9759615384615384 0.03125 0.04807692307692308
0 0.21394230769230768 0.9807692307692307 0.04326923076923077 0.038461538461538464
0 0.32091346153846156 0.8112980769230769 0.040865384615384616 0.06971153846153846
0 0.3942307692307692 0.8762019230769231 0.04807692307692308 0.04567307692307692
0 0.4387019230769231 0.7992788461538461 0.026442307692307692 0.0673076923076923
0 0.47596153846153844 0.6430288461538461 0.03125 0.052884615384615384
0 0.609375 0.6009615384615384 0.040865384615384616 0.04567307692307692
0 0.6033653846153846 0.46033653846153844 0.04326923076923077 0.06490384615384616
0 0.5276442307692307 0.4483173076923077 0.04326923076923077 0.040865384615384616
0 0.7560096153846154 0.21754807692307693 0.05048076923076923 0.0625
0 0.4362980769230769 0.10697115384615384 0.040865384615384616 0.0673076923076923
0 0.7127403846153846 0.38461538461538464 0.038461538461538464 0.06490384615384616
0 0.734375 0.49278846153846156 0.04326923076923077 0.08173076923076923
0 0.7055288461538461 0.6057692307692307 0.04326923076923077 0.07211538461538461
0 0.6706730769230769 0.7512019230769231 0.04326923076923077 0.04326923076923077
0 0.6346153846153846 0.8052884615384616 0.04326923076923077 0.04567307692307692
0 0.5733173076923077 0.8076923076923077 0.05048076923076923 0.04807692307692308
0 0.6069711538461539 0.8665865384615384 0.036057692307692304 0.040865384615384616
0 0.5841346153846154 0.9555288461538461 0.04567307692307692 0.04807692307692308
0 0.6838942307692307 0.859375 0.03365384615384615 0.055288461538461536
0 0.734375 0.8413461538461539 0.02403846153846154 0.0673076923076923
0 0.7836538461538461 0.8737980769230769 0.052884615384615384 0.0625
0 0.8846153846153846 0.8377403846153846 0.038461538461538464 0.052884615384615384
0 0.9387019230769231 0.7451923076923077 0.05048076923076923 0.05048076923076923
0 0.9807692307692307 0.7776442307692307 0.038461538461538464 0.04567307692307692
0 0.9795673076923077 0.8233173076923077 0.040865384615384616 0.03125
0 0.9819711538461539 0.9014423076923077 0.036057692307692304 0.038461538461538464
0 0.9819711538461539 0.9350961538461539 0.03365384615384615 0.0625
0 0.9194711538461539 0.2644230769230769 0.04807692307692308 0.07451923076923077
0 0.9651442307692307 0.04447115384615385 0.052884615384615384 0.057692307692307696
0 0.9675480769230769 0.5649038461538461 0.03365384615384615 0.06490384615384616
0 0.8317307692307693 0.4651442307692308 0.038461538461538464 0.06490384615384616
0 0.8064903846153846 0.5793269230769231 0.028846153846153848 0.04807692307692308
0 0.13341346153846154 0.578125 0.038461538461538464 0.05048076923076923
0 0.5817307692307693 0.75 0.040865384615384616 0.038461538461538464
0 0.2848557692307692 0.0625 0.07451923076923077 0.08413461538461539