0 0.34375 0.14423076923076922 0.08173076923076923 0.08173076923076923
0 0.390625 0.27403846153846156 0.0673076923076923 0.06971153846153846
0 0.37740384615384615 0.38461538461538464 0.08413461538461539 0.08413461538461539
0 0.09254807692307693 0.35096153846153844 0.09615384615384616 0.09134615384615384
0 0.06971153846153846 0.484375 0.07451923076923077 0.07932692307692307
0 0.0829326923076923 0.5853365384615384 0.08653846153846154 0.09134615384615384
0 0.13942307692307693 0.6021634615384616 0.07692307692307693 0.08413461538461539
0 0.12980769230769232 0.6838942307692307 0.0889423076923077 0.09134615384615384
0 0.19471153846153846 0.7307692307692307 0.07932692307692307 0.08413461538461539
0 0.4026442307692308 0.5612980769230769 0.10096153846153846 0.10817307692307693
0 0.2776442307692308 0.5661057692307693 0.10817307692307693 0.11298076923076923
0 0.44591346153846156 0.6911057692307693 0.08413461538461539 0.08173076923076923
0 0.5204326923076923 0.7632211538461539 0.09615384615384616 0.0985576923076923
0 0.6165865384615384 0.9014423076923077 0.10576923076923077 0.11298076923076923
0 0.4050480769230769 0.9098557692307693 0.08173076923076923 0.07932692307692307
0 0.49399038461538464 0.9759615384615384 0.07451923076923077 0.04807692307692308
0 0.7487980769230769 0.9314903846153846 0.08413461538461539 0.08653846153846154
0 0.6766826923076923 0.7716346153846154 0.09375 0.10096153846153846
0 0.8545673076923077 0.671875 0.10817307692307693 0.10817307692307693
0 0.640625 0.2920673076923077 0.0985576923076923 0.10336538461538461
0 0.6274038461538461 0.5336538461538461 0.040865384615384616 0.04567307692307692
0 0.22596153846153846 0.36538461538461536 0.052884615384615384 0.055288461538461536
0 0.5120192307692307 0.12620192307692307 0.13701923076923078 0.13701923076923078
0 0.23076923076923078 0.8365384615384616 0.055288461538461536 0.06009615384615385