0 0.2920673076923077 0.2548076923076923 0.08413461538461539 0.12259615384615384
0 0.2247596153846154 0.08533653846153846 0.0889423076923077 0.10336538461538461
0 0.37740384615384615 0.33653846153846156 0.07932692307692307 0.1201923076923077
0 0.44471153846153844 0.3137019230769231 0.06009615384615385 0.09615384615384616
0 0.5012019230769231 0.3894230769230769 0.0673076923076923 0.10336538461538461
0 0.5961538461538461 0.4098557692307692 0.06971153846153846 0.08653846153846154
0 0.6538461538461539 0.10096153846153846 0.08173076923076923 0.0985576923076923
0 0.7896634615384616 0.20432692307692307 0.10096153846153846 0.11538461538461539
0 0.8990384615384616 0.24759615384615385 0.08173076923076923 0.13221153846153846
0 0.8810096153846154 0.6670673076923077 0.0673076923076923 0.07451923076923077
0 0.8233173076923077 0.5985576923076923 0.16826923076923078 0.15625
0 0.8653846153846154 0.7536057692307693 0.11298076923076923 0.12259615384615384
0 0.5961538461538461 0.828125 0.11778846153846154 0.11538461538461539
0 0.4807692307692308 0.7115384615384616 0.11298076923076923 0.14182692307692307
0 0.28725961538461536 0.7379807692307693 0.09615384615384616 0.09134615384615384
0 0.25721153846153844 0.7932692307692307 0.08173076923076923 0.08413461538461539
0 0.9146634615384616 0.4579326923076923 0.09615384615384616 0.12980769230769232
0 0.7091346153846154 0.4807692307692308 0.06971153846153846 0.11538461538461539
0 0.6634615384615384 0.7247596153846154 0.0673076923076923 0.09134615384615384
0 0.20072115384615385 0.31009615384615385 0.08173076923076923 0.10096153846153846
0 0.5516826923076923 0.1622596153846154 0.0985576923076923 0.14182692307692307