0 0.3088942307692308 0.23317307692307693 0.0889423076923077 0.1346153846153846
0 0.47115384615384615 0.28725961538461536 0.08413461538461539 0.0889423076923077
0 0.4651442307692308 0.3545673076923077 0.07692307692307693 0.07692307692307693
0 0.5336538461538461 0.49158653846153844 0.0889423076923077 0.0985576923076923
0 0.5432692307692307 0.7680288461538461 0.07692307692307693 0.11298076923076923
0 0.7860576923076923 0.18990384615384615 0.08173076923076923 0.0985576923076923
0 0.9447115384615384 0.48677884615384615 0.036057692307692304 0.04326923076923077
0 0.6766826923076923 0.6959134615384616 0.07692307692307693 0.07932692307692307
0 0.8353365384615384 0.8076923076923077 0.07932692307692307 0.07451923076923077
0 0.9471153846153846 0.8473557692307693 0.057692307692307696 0.125
0 0.3942307692307692 0.9387019230769231 0.0673076923076923 0.09134615384615384
0 0.3137019230769231 0.9435096153846154 0.06009615384615385 0.08653846153846154
0 0.20673076923076922 0.8449519230769231 0.06971153846153846 0.08653846153846154
0 0.15985576923076922 0.6682692307692307 0.10576923076923077 0.11057692307692307
0 0.5048076923076923 0.07451923076923077 0.12980769230769232 0.14903846153846154
0 0.0985576923076923 0.9254807692307693 0.07932692307692307 0.08653846153846154