0 0.056490384615384616 0.2800480769230769 0.09375 0.11057692307692307
0 0.056490384615384616 0.6298076923076923 0.10817307692307693 0.13221153846153846
0 0.33413461538461536 0.7475961538461539 0.08413461538461539 0.11057692307692307
0 0.44350961538461536 0.5084134615384616 0.08413461538461539 0.09375
0 0.48197115384615385 0.30649038461538464 0.07211538461538461 0.09134615384615384
0 0.5432692307692307 0.3245192307692308 0.10817307692307693 0.10096153846153846
0 0.6009615384615384 0.4362980769230769 0.0889423076923077 0.09615384615384616
0 0.6502403846153846 0.4266826923076923 0.07932692307692307 0.07211538461538461
0 0.7019230769230769 0.4423076923076923 0.08413461538461539 0.07932692307692307
0 0.7884615384615384 0.5985576923076923 0.07692307692307693 0.09375
0 0.7211538461538461 0.6754807692307693 0.11538461538461539 0.13701923076923078
0 0.6586538461538461 0.7487980769230769 0.08173076923076923 0.0985576923076923
0 0.6165865384615384 0.8137019230769231 0.0985576923076923 0.10817307692307693
0 0.7019230769230769 0.8954326923076923 0.09615384615384616 0.06971153846153846