0 0.359375 0.5132211538461539 0.10336538461538461 0.07692307692307693
0 0.5384615384615384 0.6045673076923077 0.11298076923076923 0.125
0 0.3317307692307692 0.6442307692307693 0.07932692307692307 0.11538461538461539
0 0.0733173076923077 0.6995192307692307 0.09375 0.09615384615384616
0 0.6394230769230769 0.2439903846153846 0.09375 0.09615384615384616
0 0.7403846153846154 0.20673076923076922 0.07932692307692307 0.10576923076923077
0 0.7584134615384616 0.40865384615384615 0.07692307692307693 0.09615384615384616
0 0.7475961538461539 0.4699519230769231 0.10096153846153846 0.07692307692307693
0 0.6310096153846154 0.9423076923076923 0.08653846153846154 0.10096153846153846
0 0.5180288461538461 0.9507211538461539 0.07211538461538461 0.0985576923076923
0 0.3485576923076923 0.9290865384615384 0.07211538461538461 0.13701923076923078
0 0.12980769230769232 0.9915865384615384 0.0673076923076923 0.016826923076923076
0 0.10216346153846154 0.7872596153846154 0.0673076923076923 0.11057692307692307
0 0.7115384615384616 0.9663461538461539 0.04326923076923077 0.026442307692307692
0 0.7872596153846154 0.9411057692307693 0.08413461538461539 0.06490384615384616
0 0.9807692307692307 0.8882211538461539 0.038461538461538464 0.11298076923076923