0 0.24519230769230768 0.3125 0.09014423076923077 0.1201923076923077
0 0.1622596153846154 0.75 0.109375 0.1141826923076923
0 0.24639423076923078 0.9254807692307693 0.0889423076923077 0.08653846153846154
0 0.4050480769230769 0.4014423076923077 0.06129807692307692 0.057692307692307696
0 0.4879807692307692 0.5168269230769231 0.06610576923076923 0.09495192307692307
0 0.6370192307692307 0.21754807692307693 0.08173076923076923 0.11538461538461539
0 0.6706730769230769 0.6887019230769231 0.08173076923076923 0.1045673076923077
0 0.546875 0.7920673076923077 0.09975961538461539 0.12259615384615384
0 0.8497596153846154 0.7752403846153846 0.078125 0.109375
0 0.9699519230769231 0.7956730769230769 0.05889423076923077 0.10216346153846154
0 0.4423076923076923 0.9711538461538461 0.04927884615384615 0.052884615384615384
0 0.40625 0.3425480769230769 0.056490384615384616 0.07692307692307693