0 0.3942307692307692 0.6201923076923077 0.10336538461538461 0.15384615384615385
0 0.4050480769230769 0.9278846153846154 0.08173076923076923 0.07932692307692307
0 0.2824519230769231 0.9819711538461539 0.0889423076923077 0.036057692307692304
0 0.16346153846153846 0.9014423076923077 0.08173076923076923 0.0985576923076923
0 0.11899038461538461 0.6646634615384616 0.12740384615384615 0.14423076923076922
0 0.78125 0.6622596153846154 0.06971153846153846 0.07692307692307693
0 0.8377403846153846 0.6586538461538461 0.0889423076923077 0.11298076923076923
0 0.9074519230769231 0.7680288461538461 0.06009615384615385 0.057692307692307696
0 0.9447115384615384 0.7596153846153846 0.07451923076923077 0.08413461538461539
0 0.9795673076923077 0.7620192307692307 0.040865384615384616 0.08653846153846154
0 0.7596153846153846 0.8377403846153846 0.08173076923076923 0.11538461538461539
0 0.8713942307692307 0.3641826923076923 0.08173076923076923 0.11778846153846154