0 0.038461538461538464 0.125 0.046875 0.0673076923076923
0 0.10216346153846154 0.25841346153846156 0.04807692307692308 0.07692307692307693
0 0.18870192307692307 0.31971153846153844 0.05048076923076923 0.06490384615384616
0 0.2536057692307692 0.29086538461538464 0.027644230769230768 0.07572115384615384
0 0.421875 0.07451923076923077 0.04326923076923077 0.08173076923076923
0 0.3858173076923077 0.3545673076923077 0.052884615384615384 0.0889423076923077
0 0.30528846153846156 0.35697115384615385 0.06850961538461539 0.078125
0 0.28966346153846156 0.6298076923076923 0.06129807692307692 0.10096153846153846
0 0.11538461538461539 0.6923076923076923 0.07091346153846154 0.06971153846153846
0 0.09254807692307693 0.7295673076923077 0.038461538461538464 0.06971153846153846
0 0.06971153846153846 0.8870192307692307 0.04807692307692308 0.09615384615384616
0 0.1466346153846154 0.8762019230769231 0.05889423076923077 0.07091346153846154
0 0.45072115384615385 0.6189903846153846 0.039663461538461536 0.07211538461538461
0 0.39663461538461536 0.7139423076923077 0.06610576923076923 0.06490384615384616
0 0.49158653846153844 0.4014423076923077 0.037259615384615384 0.09495192307692307
0 0.5576923076923077 0.1466346153846154 0.04927884615384615 0.06009615384615385
0 0.6442307692307693 0.6201923076923077 0.07572115384615384 0.06129807692307692
0 0.6923076923076923 0.7007211538461539 0.03365384615384615 0.04567307692307692
0 0.6658653846153846 0.8317307692307693 0.057692307692307696 0.0673076923076923
0 0.7271634615384616 0.6189903846153846 0.04447115384615385 0.057692307692307696
0 0.6490384615384616 0.5456730769230769 0.038461538461538464 0.046875
0 0.6778846153846154 0.3485576923076923 0.05889423076923077 0.0985576923076923
0 0.6634615384615384 0.15865384615384615 0.05889423076923077 0.06370192307692307
0 0.796875 0.054086538461538464 0.05889423076923077 0.07692307692307693
0 0.8377403846153846 0.19951923076923078 0.057692307692307696 0.11298076923076923
0 0.9663461538461539 0.14783653846153846 0.040865384615384616 0.08413461538461539
0 0.9411057692307693 0.3076923076923077 0.03245192307692308 0.078125
0 0.7716346153846154 0.5444711538461539 0.046875 0.08052884615384616
0 0.796875 0.6862980769230769 0.055288461538461536 0.08173076923076923
0 0.8497596153846154 0.5552884615384616 0.06490384615384616 0.0673076923076923
0 0.859375 0.6586538461538461 0.04447115384615385 0.08173076923076923
0 0.9314903846153846 0.6971153846153846 0.0829326923076923 0.07091346153846154
0 0.9615384615384616 0.8185096153846154 0.04927884615384615 0.07091346153846154
0 0.33533653846153844 0.15264423076923078 0.06610576923076923 0.08533653846153846
0 0.03245192307692308 0.3293269230769231 0.046875 0.05889423076923077