0 0.38822115384615385 0.5757211538461539 0.05048076923076923 0.09254807692307693
0 0.2860576923076923 0.48197115384615385 0.07572115384615384 0.1201923076923077
0 0.20432692307692307 0.3161057692307692 0.0889423076923077 0.057692307692307696
0 0.5276442307692307 0.0829326923076923 0.07091346153846154 0.07932692307692307
0 0.6887019230769231 0.2668269230769231 0.052884615384615384 0.11177884615384616
0 0.8569711538461539 0.36899038461538464 0.05889423076923077 0.09254807692307693
0 0.9699519230769231 0.3737980769230769 0.052884615384615384 0.10096153846153846
0 0.7860576923076923 0.6802884615384616 0.05048076923076923 0.11778846153846154
0 0.6358173076923077 0.6298076923076923 0.0733173076923077 0.109375
0 0.5288461538461539 0.6165865384615384 0.057692307692307696 0.09615384615384616
0 0.46274038461538464 0.5396634615384616 0.038461538461538464 0.09495192307692307
0 0.7199519230769231 0.96875 0.042067307692307696 0.056490384615384616
0 0.9591346153846154 0.9627403846153846 0.0733173076923077 0.05889423076923077
0 0.5192307692307693 0.9735576923076923 0.04567307692307692 0.037259615384615384
0 0.9855769230769231 0.8858173076923077 0.027644230769230768 0.08533653846153846
0 0.5769230769230769 0.36778846153846156 0.06370192307692307 0.06971153846153846
0 0.18629807692307693 0.578125 0.052884615384615384 0.06971153846153846