0 0.5084134615384616 0.3329326923076923 0.11538461538461539 0.12259615384615384
0 0.4543269230769231 0.20192307692307693 0.0889423076923077 0.08173076923076923
0 0.35336538461538464 0.23798076923076922 0.08653846153846154 0.0985576923076923
0 0.15504807692307693 0.43028846153846156 0.09134615384615384 0.11298076923076923
0 0.23798076923076922 0.5697115384615384 0.11057692307692307 0.11778846153846154
0 0.3293269230769231 0.6274038461538461 0.1201923076923077 0.12259615384615384
0 0.3605769230769231 0.7331730769230769 0.0889423076923077 0.11298076923076923
0 0.4266826923076923 0.7644230769230769 0.12259615384615384 0.1466346153846154
0 0.4951923076923077 0.9026442307692307 0.10817307692307693 0.125
0 0.7211538461538461 0.37740384615384615 0.09375 0.0889423076923077
0 0.7572115384615384 0.3581730769230769 0.06490384615384616 0.07451923076923077
0 0.8329326923076923 0.25600961538461536 0.08413461538461539 0.09375
0 0.7596153846153846 0.2127403846153846 0.0985576923076923 0.10576923076923077
0 0.16346153846153846 0.14182692307692307 0.09375 0.10096153846153846
0 0.18870192307692307 0.06129807692307692 0.05048076923076923 0.0673076923076923
0 0.2704326923076923 0.015625 0.07932692307692307 0.03125
0 0.6358173076923077 0.8413461538461539 0.125 0.15144230769230768
0 0.140625 0.8341346153846154 0.09375 0.09134615384615384
0 0.10216346153846154 0.203125 0.038461538461538464 0.052884615384615384