0 0.1814903846153846 0.4098557692307692 0.046875 0.06490384615384616
0 0.09975961538461539 0.31009615384615385 0.04807692307692308 0.046875
0 0.17548076923076922 0.14783653846153846 0.03365384615384615 0.05889423076923077
0 0.04927884615384615 0.25240384615384615 0.025240384615384616 0.03125
0 0.04807692307692308 0.22235576923076922 0.025240384615384616 0.04447115384615385
0 0.09495192307692307 0.5865384615384616 0.042067307692307696 0.04807692307692308
0 0.15384615384615385 0.5853365384615384 0.028846153846153848 0.051682692307692304
0 0.171875 0.7644230769230769 0.025240384615384616 0.06490384615384616
0 0.13341346153846154 0.8209134615384616 0.04807692307692308 0.040865384615384616
0 0.07091346153846154 0.7668269230769231 0.042067307692307696 0.06971153846153846
0 0.29447115384615385 0.8942307692307693 0.042067307692307696 0.05889423076923077
0 0.31850961538461536 0.8221153846153846 0.028846153846153848 0.04807692307692308
0 0.29447115384615385 0.7620192307692307 0.039663461538461536 0.03485576923076923
0 0.3088942307692308 0.7151442307692307 0.02283653846153846 0.037259615384615384
0 0.21634615384615385 0.6153846153846154 0.025240384615384616 0.06009615384615385
0 0.3425480769230769 0.5793269230769231 0.037259615384615384 0.04447115384615385
0 0.34134615384615385 0.46153846153846156 0.04807692307692308 0.056490384615384616
0 0.27403846153846156 0.4543269230769231 0.038461538461538464 0.04567307692307692
0 0.4543269230769231 0.5048076923076923 0.03485576923076923 0.04807692307692308
0 0.4206730769230769 0.5949519230769231 0.03485576923076923 0.04567307692307692
0 0.3786057692307692 0.7211538461538461 0.03245192307692308 0.039663461538461536
0 0.35096153846153844 0.7596153846153846 0.04567307692307692 0.042067307692307696
0 0.4338942307692308 0.7307692307692307 0.037259615384615384 0.038461538461538464
0 0.42788461538461536 0.7908653846153846 0.036057692307692304 0.042067307692307696
0 0.3798076923076923 0.8149038461538461 0.04807692307692308 0.03485576923076923
0 0.4735576923076923 0.8257211538461539 0.04567307692307692 0.055288461538461536
0 0.48197115384615385 0.9074519230769231 0.04807692307692308 0.05048076923076923
0 0.5673076923076923 0.7884615384615384 0.03245192307692308 0.042067307692307696
0 0.5120192307692307 0.5709134615384616 0.027644230769230768 0.051682692307692304
0 0.5384615384615384 0.45913461538461536 0.028846153846153848 0.038461538461538464
0 0.5997596153846154 0.2980769230769231 0.03365384615384615 0.051682692307692304
0 0.46274038461538464 0.26322115384615385 0.06370192307692307 0.04447115384615385
0 0.734375 0.46875 0.038461538461538464 0.07211538461538461
0 0.6466346153846154 0.5649038461538461 0.038461538461538464 0.06129807692307692
0 0.6189903846153846 0.7091346153846154 0.028846153846153848 0.051682692307692304
0 0.6646634615384616 0.7391826923076923 0.04807692307692308 0.0673076923076923
0 0.6550480769230769 0.7896634615384616 0.027644230769230768 0.039663461538461536
0 0.6478365384615384 0.8545673076923077 0.042067307692307696 0.026442307692307692
0 0.6490384615384616 0.875 0.036057692307692304 0.030048076923076924
0 0.7764423076923077 0.6346153846153846 0.03245192307692308 0.05889423076923077
0 0.8064903846153846 0.6911057692307693 0.042067307692307696 0.046875
0 0.7536057692307693 0.7596153846153846 0.039663461538461536 0.04927884615384615
0 0.796875 0.8149038461538461 0.027644230769230768 0.057692307692307696
0 0.8846153846153846 0.8569711538461539 0.028846153846153848 0.039663461538461536
0 0.8918269230769231 0.5721153846153846 0.021634615384615384 0.046875
0 0.8473557692307693 0.5889423076923077 0.028846153846153848 0.038461538461538464
0 0.8088942307692307 0.6177884615384616 0.037259615384615384 0.040865384615384616
0 0.8112980769230769 0.39663461538461536 0.036057692307692304 0.038461538461538464
0 0.7848557692307693 0.3786057692307692 0.019230769230769232 0.054086538461538464
0 0.2800480769230769 0.6887019230769231 0.05889423076923077 0.09495192307692307
0 0.06850961538461539 0.5420673076923077 0.027644230769230768 0.04807692307692308
0 0.03245192307692308 0.5540865384615384 0.03245192307692308 0.055288461538461536
0 0.8677884615384616 0.4807692307692308 0.036057692307692304 0.028846153846153848
0 0.8473557692307693 0.46274038461538464 0.02403846153846154 0.03125
0 0.8173076923076923 0.46153846153846156 0.03485576923076923 0.027644230769230768
0 0.42908653846153844 0.39783653846153844 0.036057692307692304 0.05889423076923077