0 0.12860576923076922 0.3161057692307692 0.0625 0.06009615384615385
0 0.2512019230769231 0.39302884615384615 0.038461538461538464 0.0625
0 0.3125 0.49278846153846156 0.057692307692307696 0.0673076923076923
0 0.052884615384615384 0.6490384615384616 0.07932692307692307 0.06009615384615385
0 0.12259615384615384 0.7728365384615384 0.04326923076923077 0.07211538461538461
0 0.1971153846153846 0.8485576923076923 0.052884615384615384 0.08173076923076923
0 0.25600961538461536 0.8245192307692307 0.04326923076923077 0.07692307692307693
0 0.29927884615384615 0.8990384615384616 0.057692307692307696 0.07692307692307693
0 0.38341346153846156 0.8966346153846154 0.04807692307692308 0.07451923076923077
0 0.44711538461538464 0.6225961538461539 0.055288461538461536 0.10096153846153846
0 0.3449519230769231 0.7067307692307693 0.0673076923076923 0.09615384615384616
0 0.5673076923076923 0.7007211538461539 0.07451923076923077 0.04807692307692308
0 0.6742788461538461 0.7127403846153846 0.0673076923076923 0.07692307692307693
0 0.8425480769230769 0.7644230769230769 0.0625 0.10096153846153846
0 0.6730769230769231 0.9074519230769231 0.06490384615384616 0.055288461538461536
0 0.8016826923076923 0.9194711538461539 0.040865384615384616 0.07692307692307693
0 0.9266826923076923 0.8822115384615384 0.07692307692307693 0.055288461538461536
0 0.9699519230769231 0.703125 0.055288461538461536 0.07211538461538461
0 0.8088942307692307 0.6189903846153846 0.055288461538461536 0.0889423076923077
0 0.8894230769230769 0.4206730769230769 0.08173076923076923 0.07932692307692307
0 0.46875 0.24639423076923078 0.055288461538461536 0.09615384615384616
0 0.6141826923076923 0.453125 0.019230769230769232 0.04326923076923077
0 0.17307692307692307 0.5733173076923077 0.026442307692307692 0.052884615384615384
0 0.2548076923076923 0.19110576923076922 0.10096153846153846 0.10336538461538461
0 0.48197115384615385 0.9603365384615384 0.028846153846153848 0.057692307692307696
0 0.03485576923076923 0.8569711538461539 0.04807692307692308 0.09134615384615384