0 0.24519230769230768 0.028846153846153848 0.042067307692307696 0.051682692307692304
0 0.3137019230769231 0.04326923076923077 0.06490384615384616 0.054086538461538464
0 0.38822115384615385 0.1310096153846154 0.04567307692307692 0.055288461538461536
0 0.44471153846153844 0.13341346153846154 0.05048076923076923 0.06971153846153846
0 0.49399038461538464 0.1466346153846154 0.0733173076923077 0.08173076923076923
0 0.26322115384615385 0.1778846153846154 0.054086538461538464 0.09375
0 0.17427884615384615 0.3954326923076923 0.0625 0.08774038461538461
0 0.22235576923076922 0.6502403846153846 0.0625 0.0829326923076923
0 0.17427884615384615 0.8076923076923077 0.056490384615384616 0.07451923076923077
0 0.03365384615384615 0.8882211538461539 0.0673076923076923 0.0733173076923077
0 0.36778846153846156 0.8677884615384616 0.07692307692307693 0.04927884615384615
0 0.3870192307692308 0.9134615384615384 0.07692307692307693 0.06009615384615385
0 0.3173076923076923 0.7524038461538461 0.05889423076923077 0.07692307692307693
0 0.4807692307692308 0.6634615384615384 0.05048076923076923 0.05889423076923077
0 0.53125 0.5240384615384616 0.06610576923076923 0.07932692307692307
0 0.43509615384615385 0.45072115384615385 0.0733173076923077 0.06009615384615385
0 0.47596153846153844 0.39663461538461536 0.051682692307692304 0.07572115384615384
0 0.5216346153846154 0.3389423076923077 0.042067307692307696 0.06971153846153846
0 0.59375 0.2824519230769231 0.038461538461538464 0.06370192307692307
0 0.5889423076923077 0.7548076923076923 0.04807692307692308 0.06850961538461539
0 0.6322115384615384 0.7704326923076923 0.042067307692307696 0.07932692307692307
0 0.7151442307692307 0.6526442307692307 0.040865384615384616 0.052884615384615384
0 0.75 0.6694711538461539 0.037259615384615384 0.056490384615384616
0 0.7740384615384616 0.7680288461538461 0.054086538461538464 0.06610576923076923
0 0.3088942307692308 0.6706730769230769 0.06129807692307692 0.1045673076923077