0 0.4723557692307692 0.12620192307692307 0.040865384615384616 0.04326923076923077
0 0.4651442307692308 0.15985576923076922 0.057692307692307696 0.06490384615384616
0 0.4735576923076923 0.24639423076923078 0.07692307692307693 0.07211538461538461
0 0.4110576923076923 0.07572115384615384 0.07451923076923077 0.07692307692307693
0 0.2548076923076923 0.2692307692307692 0.07451923076923077 0.0673076923076923
0 0.2439903846153846 0.3737980769230769 0.06971153846153846 0.07932692307692307
0 0.28125 0.45072115384615385 0.052884615384615384 0.0625
0 0.328125 0.4567307692307692 0.052884615384615384 0.06971153846153846
0 0.4338942307692308 0.39783653846153844 0.06009615384615385 0.06490384615384616
0 0.5096153846153846 0.38221153846153844 0.0625 0.06971153846153846
0 0.3870192307692308 0.5396634615384616 0.055288461538461536 0.06490384615384616
0 0.33413461538461536 0.5168269230769231 0.052884615384615384 0.055288461538461536
0 0.10216346153846154 0.6658653846153846 0.0625 0.0673076923076923
0 0.07692307692307693 0.6802884615384616 0.04807692307692308 0.057692307692307696
0 0.020432692307692308 0.7680288461538461 0.040865384615384616 0.07451923076923077
0 0.06490384615384616 0.7920673076923077 0.057692307692307696 0.057692307692307696
0 0.234375 0.6862980769230769 0.0625 0.07692307692307693
0 0.26802884615384615 0.7752403846153846 0.06009615384615385 0.06009615384615385
0 0.3401442307692308 0.7283653846153846 0.05048076923076923 0.0673076923076923
0 0.4411057692307692 0.6105769230769231 0.05048076923076923 0.06009615384615385
0 0.5769230769230769 0.6334134615384616 0.052884615384615384 0.055288461538461536
0 0.6334134615384616 0.5084134615384616 0.0625 0.07211538461538461
0 0.5733173076923077 0.46274038461538464 0.055288461538461536 0.052884615384615384
0 0.8725961538461539 0.3641826923076923 0.06971153846153846 0.07451923076923077
0 0.6442307692307693 0.12740384615384615 0.0625 0.07451923076923077
0 0.7620192307692307 0.49038461538461536 0.06009615384615385 0.07211538461538461
0 0.7331730769230769 0.59375 0.07211538461538461 0.0889423076923077
0 0.65625 0.6790865384615384 0.06490384615384616 0.07932692307692307
0 0.5625 0.7884615384615384 0.055288461538461536 0.055288461538461536
0 0.5084134615384616 0.8197115384615384 0.055288461538461536 0.057692307692307696
0 0.453125 0.7956730769230769 0.06490384615384616 0.06490384615384616
0 0.4567307692307692 0.8605769230769231 0.04807692307692308 0.05048076923076923
0 0.39783653846153844 0.9278846153846154 0.06009615384615385 0.0625
0 0.5264423076923077 0.8894230769230769 0.05048076923076923 0.06009615384615385
0 0.578125 0.8954326923076923 0.04807692307692308 0.06971153846153846
0 0.6057692307692307 0.9459134615384616 0.07211538461538461 0.07692307692307693
0 0.7091346153846154 0.9591346153846154 0.055288461538461536 0.0625
0 0.796875 0.9014423076923077 0.06490384615384616 0.06490384615384616
0 0.8185096153846154 0.9495192307692307 0.05048076923076923 0.055288461538461536
0 0.796875 0.984375 0.04567307692307692 0.03125
0 0.9783653846153846 0.47716346153846156 0.04326923076923077 0.08413461538461539
0 0.9014423076923077 0.7584134615384616 0.057692307692307696 0.07211538461538461
0 0.828125 0.6117788461538461 0.06009615384615385 0.07211538461538461
0 0.7572115384615384 0.7007211538461539 0.04326923076923077 0.052884615384615384
0 0.171875 0.4014423076923077 0.052884615384615384 0.06009615384615385
0 0.4855769230769231 0.7487980769230769 0.05048076923076923 0.04807692307692308
0 0.5300480769230769 0.036057692307692304 0.0985576923076923 0.07211538461538461