0 0.4987980769230769 0.35697115384615385 0.040865384615384616 0.09254807692307693
0 0.5745192307692307 0.2512019230769231 0.054086538461538464 0.06129807692307692
0 0.5324519230769231 0.21754807692307693 0.040865384615384616 0.07692307692307693
0 0.6057692307692307 0.3317307692307692 0.056490384615384616 0.06610576923076923
0 0.6514423076923077 0.3425480769230769 0.056490384615384616 0.04927884615384615
0 0.6754807692307693 0.3629807692307692 0.056490384615384616 0.03485576923076923
0 0.7163461538461539 0.4831730769230769 0.038461538461538464 0.05889423076923077
0 0.6598557692307693 0.5132211538461539 0.04567307692307692 0.06129807692307692
0 0.6117788461538461 0.5444711538461539 0.04567307692307692 0.042067307692307696
0 0.5673076923076923 0.5745192307692307 0.06009615384615385 0.0673076923076923
0 0.6177884615384616 0.6514423076923077 0.06129807692307692 0.054086538461538464
0 0.5444711538461539 0.7475961538461539 0.06129807692307692 0.06009615384615385
0 0.6177884615384616 0.8173076923076923 0.037259615384615384 0.07692307692307693
0 0.6502403846153846 0.8485576923076923 0.057692307692307696 0.07572115384615384
0 0.7247596153846154 0.7716346153846154 0.04447115384615385 0.04447115384615385
0 0.7572115384615384 0.7896634615384616 0.06129807692307692 0.052884615384615384
0 0.7512019230769231 0.8701923076923077 0.04567307692307692 0.04927884615384615
0 0.4206730769230769 0.8858173076923077 0.06009615384615385 0.04927884615384615
0 0.42908653846153844 0.9278846153846154 0.057692307692307696 0.036057692307692304
0 0.36538461538461536 0.7019230769230769 0.07211538461538461 0.08653846153846154
0 0.29447115384615385 0.8161057692307693 0.04567307692307692 0.05889423076923077
0 0.16466346153846154 0.8629807692307693 0.07451923076923077 0.06490384615384616
0 0.20072115384615385 0.9627403846153846 0.04927884615384615 0.056490384615384616
0 0.1045673076923077 0.8317307692307693 0.046875 0.06971153846153846
0 0.046875 0.8641826923076923 0.054086538461538464 0.07692307692307693
0 0.028846153846153848 0.7235576923076923 0.04567307692307692 0.08653846153846154
0 0.10096153846153846 0.7439903846153846 0.04807692307692308 0.05889423076923077
0 0.07572115384615384 0.5564903846153846 0.040865384615384616 0.07572115384615384
0 0.1045673076923077 0.41947115384615385 0.052884615384615384 0.06850961538461539
0 0.1971153846153846 0.5264423076923077 0.04567307692307692 0.07572115384615384
0 0.21754807692307693 0.36177884615384615 0.06610576923076923 0.10336538461538461
0 0.25600961538461536 0.1310096153846154 0.06971153846153846 0.07692307692307693
0 0.05048076923076923 0.28966346153846156 0.052884615384615384 0.09735576923076923
0 0.055288461538461536 0.09254807692307693 0.0829326923076923 0.08653846153846154
0 0.4206730769230769 0.7355769230769231 0.0625 0.07211538461538461
0 0.41947115384615385 0.7980769230769231 0.04927884615384615 0.07211538461538461
0 0.38461538461538464 0.4855769230769231 0.036057692307692304 0.07211538461538461