0 0.3329326923076923 0.6442307692307693 0.04567307692307692 0.08533653846153846
0 0.31971153846153844 0.7620192307692307 0.06370192307692307 0.04326923076923077
0 0.3161057692307692 0.8161057692307693 0.0673076923076923 0.06009615384615385
0 0.17067307692307693 0.6514423076923077 0.078125 0.0829326923076923
0 0.015625 0.6959134615384616 0.03125 0.06971153846153846
0 0.020432692307692308 0.8329326923076923 0.040865384615384616 0.0673076923076923
0 0.015625 0.1201923076923077 0.025240384615384616 0.09615384615384616
0 0.09615384615384616 0.25240384615384615 0.056490384615384616 0.09495192307692307
0 0.16105769230769232 0.04927884615384615 0.05889423076923077 0.07211538461538461
0 0.36177884615384615 0.24158653846153846 0.06610576923076923 0.07932692307692307
0 0.2764423076923077 0.5180288461538461 0.07692307692307693 0.04927884615384615
0 0.5288461538461539 0.08653846153846154 0.039663461538461536 0.13221153846153846
0 0.6862980769230769 0.07451923076923077 0.054086538461538464 0.06490384615384616
0 0.7295673076923077 0.08653846153846154 0.05889423076923077 0.06009615384615385
0 0.7680288461538461 0.109375 0.052884615384615384 0.04567307692307692
0 0.8052884615384616 0.2800480769230769 0.056490384615384616 0.06971153846153846
0 0.7175480769230769 0.30528846153846156 0.05889423076923077 0.078125
0 0.6478365384615384 0.34134615384615385 0.05889423076923077 0.08173076923076923
0 0.5865384615384616 0.3858173076923077 0.05048076923076923 0.07572115384615384
0 0.5288461538461539 0.5985576923076923 0.06370192307692307 0.07692307692307693
0 0.6370192307692307 0.4807692307692308 0.056490384615384616 0.06490384615384616
0 0.5997596153846154 0.7007211538461539 0.04567307692307692 0.08653846153846154
0 0.6274038461538461 0.7439903846153846 0.042067307692307696 0.07572115384615384
0 0.7487980769230769 0.6490384615384616 0.052884615384615384 0.06370192307692307
0 0.7716346153846154 0.6802884615384616 0.03485576923076923 0.07932692307692307
0 0.7512019230769231 0.7764423076923077 0.039663461538461536 0.06370192307692307
0 0.35336538461538464 0.5709134615384616 0.06370192307692307 0.09254807692307693