0 0.018028846153846152 0.3173076923076923 0.036057692307692304 0.04326923076923077
0 0.019230769230769232 0.6105769230769231 0.03365384615384615 0.05048076923076923
0 0.056490384615384616 0.859375 0.036057692307692304 0.040865384615384616
0 0.10817307692307693 0.4230769230769231 0.03125 0.06971153846153846
0 0.20552884615384615 0.4675480769230769 0.040865384615384616 0.0625
0 0.27283653846153844 0.47475961538461536 0.038461538461538464 0.05048076923076923
0 0.36899038461538464 0.40865384615384615 0.03125 0.052884615384615384
0 0.39783653846153844 0.5096153846153846 0.040865384615384616 0.03365384615384615
0 0.24519230769230768 0.7355769230769231 0.028846153846153848 0.038461538461538464
0 0.23076923076923078 0.7884615384615384 0.04807692307692308 0.04807692307692308
0 0.25841346153846156 0.8521634615384616 0.026442307692307692 0.05048076923076923
0 0.23557692307692307 0.9314903846153846 0.04807692307692308 0.05048076923076923
0 0.328125 0.8533653846153846 0.02403846153846154 0.04326923076923077
0 0.375 0.7680288461538461 0.040865384615384616 0.036057692307692304
0 0.375 0.8317307692307693 0.03125 0.057692307692307696
0 0.4230769230769231 0.8521634615384616 0.055288461538461536 0.04807692307692308
0 0.46153846153846156 0.5865384615384616 0.03365384615384615 0.07211538461538461
0 0.4891826923076923 0.4723557692307692 0.03125 0.07451923076923077
0 0.5516826923076923 0.29447115384615385 0.052884615384615384 0.055288461538461536
0 0.40625 0.2620192307692308 0.04326923076923077 0.07451923076923077
0 0.7463942307692307 0.3786057692307692 0.03125 0.057692307692307696
0 0.6971153846153846 0.47596153846153844 0.03125 0.06490384615384616
0 0.7860576923076923 0.46153846153846156 0.036057692307692304 0.038461538461538464
0 0.7740384615384616 0.39302884615384615 0.052884615384615384 0.055288461538461536
0 0.8112980769230769 0.47115384615384615 0.038461538461538464 0.05048076923076923
0 0.8389423076923077 0.4891826923076923 0.04807692307692308 0.038461538461538464
0 0.8653846153846154 0.5757211538461539 0.038461538461538464 0.052884615384615384
0 0.8112980769230769 0.5949519230769231 0.038461538461538464 0.057692307692307696
0 0.7716346153846154 0.6225961538461539 0.036057692307692304 0.05048076923076923
0 0.7367788461538461 0.6538461538461539 0.055288461538461536 0.057692307692307696
0 0.7800480769230769 0.7091346153846154 0.06009615384615385 0.028846153846153848
0 0.7127403846153846 0.7788461538461539 0.04807692307692308 0.06490384615384616
0 0.6153846153846154 0.8040865384615384 0.040865384615384616 0.05048076923076923
0 0.6069711538461539 0.8786057692307693 0.04567307692307692 0.05048076923076923
0 0.6081730769230769 0.9194711538461539 0.04326923076923077 0.05048076923076923
0 0.7644230769230769 0.8413461538461539 0.026442307692307692 0.04807692307692308
0 0.7860576923076923 0.8605769230769231 0.05048076923076923 0.04326923076923077
0 0.8497596153846154 0.796875 0.05048076923076923 0.038461538461538464
0 0.8569711538461539 0.8822115384615384 0.038461538461538464 0.040865384615384616
0 0.2848557692307692 0.7932692307692307 0.038461538461538464 0.05048076923076923
0 0.31490384615384615 0.7487980769230769 0.028846153846153848 0.06009615384615385
0 0.09615384615384616 0.14903846153846154 0.04326923076923077 0.06490384615384616