0 0.5108173076923077 0.31850961538461536 0.08173076923076923 0.10216346153846154
0 0.5 0.057692307692307696 0.08173076923076923 0.07211538461538461
0 0.3605769230769231 0.038461538461538464 0.08052884615384616 0.042067307692307696
0 0.046875 0.3233173076923077 0.05889423076923077 0.07451923076923077
0 0.14302884615384615 0.328125 0.05889423076923077 0.0673076923076923
0 0.07451923076923077 0.6382211538461539 0.0625 0.1502403846153846
0 0.19831730769230768 0.71875 0.07091346153846154 0.056490384615384616
0 0.24278846153846154 0.6189903846153846 0.052884615384615384 0.09254807692307693
0 0.2824519230769231 0.3858173076923077 0.06370192307692307 0.11778846153846154
0 0.44711538461538464 0.6274038461538461 0.06850961538461539 0.08413461538461539
0 0.5348557692307693 0.6298076923076923 0.078125 0.0673076923076923
0 0.4723557692307692 0.5588942307692307 0.05048076923076923 0.0625
0 0.5865384615384616 0.5588942307692307 0.055288461538461536 0.055288461538461536
0 0.6850961538461539 0.578125 0.0889423076923077 0.06971153846153846
0 0.7560096153846154 0.7079326923076923 0.06971153846153846 0.09134615384615384
0 0.6778846153846154 0.6766826923076923 0.04326923076923077 0.06850961538461539
0 0.6081730769230769 0.6911057692307693 0.05048076923076923 0.07451923076923077
0 0.5 0.6995192307692307 0.05048076923076923 0.07692307692307693
0 0.4723557692307692 0.8149038461538461 0.0733173076923077 0.04927884615384615
0 0.9134615384615384 0.65625 0.05048076923076923 0.06370192307692307
0 0.8497596153846154 0.2920673076923077 0.05889423076923077 0.11658653846153846
0 0.7307692307692307 0.12740384615384615 0.11057692307692307 0.10817307692307693
0 0.6634615384615384 0.34134615384615385 0.07451923076923077 0.07451923076923077
0 0.9182692307692307 0.038461538461538464 0.0673076923076923 0.05889423076923077
0 0.05048076923076923 0.04927884615384615 0.0625 0.07932692307692307