0 0.1466346153846154 0.47716346153846156 0.09375 0.0985576923076923
0 0.14182692307692307 0.6622596153846154 0.0673076923076923 0.11538461538461539
0 0.1875 0.8197115384615384 0.055288461538461536 0.08173076923076923
0 0.15144230769230768 0.9651442307692307 0.055288461538461536 0.06009615384615385
0 0.030048076923076924 0.9591346153846154 0.06009615384615385 0.0673076923076923
0 0.026442307692307692 0.7800480769230769 0.052884615384615384 0.08653846153846154
0 0.31490384615384615 0.7524038461538461 0.036057692307692304 0.07692307692307693
0 0.28365384615384615 0.9254807692307693 0.0673076923076923 0.055288461538461536
0 0.49278846153846156 0.90625 0.06009615384615385 0.08413461538461539
0 0.375 0.5300480769230769 0.06971153846153846 0.09375
0 0.6081730769230769 0.7451923076923077 0.0673076923076923 0.11057692307692307
0 0.7175480769230769 0.6466346153846154 0.06971153846153846 0.11298076923076923
0 0.75 0.7427884615384616 0.04326923076923077 0.07451923076923077
0 0.7884615384615384 0.7379807692307693 0.0673076923076923 0.0673076923076923
0 0.8185096153846154 0.7680288461538461 0.055288461538461536 0.04326923076923077
0 0.8605769230769231 0.8894230769230769 0.06009615384615385 0.08413461538461539
0 0.7944711538461539 0.9411057692307693 0.06009615384615385 0.0625
0 0.7331730769230769 0.96875 0.0625 0.06009615384615385
0 0.8076923076923077 0.40625 0.05048076923076923 0.09375