0 0.35096153846153844 0.5396634615384616 0.13221153846153846 0.1346153846153846
0 0.2644230769230769 0.6971153846153846 0.1466346153846154 0.1466346153846154
0 0.3076923076923077 0.4411057692307692 0.11057692307692307 0.11778846153846154
0 0.5360576923076923 0.6394230769230769 0.16346153846153846 0.17067307692307693
0 0.7367788461538461 0.5721153846153846 0.12980769230769232 0.12980769230769232
0 0.6995192307692307 0.7355769230769231 0.08413461538461539 0.08413461538461539
0 0.5853365384615384 0.8377403846153846 0.10096153846153846 0.0985576923076923
0 0.5492788461538461 0.8846153846153846 0.10576923076923077 0.10576923076923077
0 0.8533653846153846 0.8305288461538461 0.08413461538461539 0.0889423076923077
0 0.9579326923076923 0.3954326923076923 0.08413461538461539 0.0889423076923077
0 0.7355769230769231 0.21394230769230768 0.10817307692307693 0.11298076923076923
0 0.4362980769230769 0.036057692307692304 0.12740384615384615 0.07211538461538461
0 0.23076923076923078 0.14182692307692307 0.10336538461538461 0.10576923076923077
0 0.14423076923076922 0.21514423076923078 0.11057692307692307 0.10817307692307693
0 0.10697115384615384 0.3293269230769231 0.08173076923076923 0.08413461538461539
0 0.2127403846153846 0.40625 0.09375 0.09615384615384616
0 0.22355769230769232 0.28125 0.08653846153846154 0.08653846153846154
0 0.31971153846153844 0.2668269230769231 0.0985576923076923 0.10096153846153846
0 0.3858173076923077 0.3557692307692308 0.10817307692307693 0.11057692307692307
0 0.5456730769230769 0.13221153846153846 0.11538461538461539 0.11778846153846154
0 0.7487980769230769 0.6778846153846154 0.12980769230769232 0.13221153846153846