0 0.4483173076923077 0.6370192307692307 0.0985576923076923 0.11057692307692307
0 0.49278846153846156 0.8257211538461539 0.10336538461538461 0.125
0 0.34134615384615385 0.5877403846153846 0.055288461538461536 0.12259615384615384
0 0.6694711538461539 0.5829326923076923 0.09615384615384616 0.1658653846153846
0 0.7824519230769231 0.38221153846153844 0.10576923076923077 0.10096153846153846
0 0.8725961538461539 0.5408653846153846 0.06971153846153846 0.0625
0 0.8545673076923077 0.7067307692307693 0.0985576923076923 0.06009615384615385
0 0.859375 0.7704326923076923 0.0889423076923077 0.07692307692307693
0 0.8353365384615384 0.07692307692307693 0.07211538461538461 0.0673076923076923
0 0.5216346153846154 0.09495192307692307 0.0673076923076923 0.10576923076923077
0 0.12980769230769232 0.14302884615384615 0.07932692307692307 0.125
0 0.06009615384615385 0.4026442307692308 0.06971153846153846 0.09375
0 0.046875 0.5264423076923077 0.09375 0.07451923076923077
0 0.09735576923076923 0.6454326923076923 0.0625 0.06971153846153846
0 0.04807692307692308 0.8269230769230769 0.08413461538461539 0.07932692307692307
0 0.23918269230769232 0.6298076923076923 0.0673076923076923 0.08413461538461539
0 0.15625 0.5204326923076923 0.0673076923076923 0.06971153846153846
0 0.22355769230769232 0.43990384615384615 0.06009615384615385 0.09615384615384616
0 0.3425480769230769 0.46274038461538464 0.08173076923076923 0.09134615384615384
0 0.3088942307692308 0.1658653846153846 0.07692307692307693 0.10576923076923077
0 0.8689903846153846 0.46033653846153844 0.09134615384615384 0.11298076923076923