0 0.007211538461538462 0.2536057692307692 0.014423076923076924 0.04567307692307692
0 0.05889423076923077 0.21995192307692307 0.08173076923076923 0.07451923076923077
0 0.17548076923076922 0.24639423076923078 0.07451923076923077 0.07692307692307693
0 0.2283653846153846 0.21514423076923078 0.0889423076923077 0.09375
0 0.28125 0.1971153846153846 0.11538461538461539 0.11778846153846154
0 0.09014423076923077 0.36538461538461536 0.10576923076923077 0.11778846153846154
0 0.14182692307692307 0.6165865384615384 0.11057692307692307 0.11778846153846154
0 0.34134615384615385 0.8185096153846154 0.10817307692307693 0.11298076923076923
0 0.39302884615384615 0.96875 0.0985576923076923 0.0625
0 0.6069711538461539 0.9266826923076923 0.10096153846153846 0.09134615384615384
0 0.6514423076923077 0.953125 0.10576923076923077 0.09375
0 0.49038461538461536 0.8533653846153846 0.0985576923076923 0.10336538461538461
0 0.5841346153846154 0.671875 0.08173076923076923 0.08413461538461539
0 0.5444711538461539 0.5168269230769231 0.10817307692307693 0.11298076923076923
0 0.41225961538461536 0.5084134615384616 0.10336538461538461 0.10096153846153846
0 0.4170673076923077 0.4338942307692308 0.09375 0.10096153846153846
0 0.4230769230769231 0.35336538461538464 0.07932692307692307 0.0889423076923077
0 0.4543269230769231 0.25841346153846156 0.07451923076923077 0.08173076923076923
0 0.7391826923076923 0.6887019230769231 0.08653846153846154 0.09134615384615384
0 0.7872596153846154 0.6766826923076923 0.08653846153846154 0.09615384615384616
0 0.7896634615384616 0.5192307692307693 0.06971153846153846 0.07211538461538461
0 0.8317307692307693 0.5120192307692307 0.0673076923076923 0.07451923076923077
0 0.9134615384615384 0.5877403846153846 0.0889423076923077 0.09375
0 0.4326923076923077 0.7848557692307693 0.1201923076923077 0.13221153846153846