0 0.421875 0.4230769230769231 0.07572115384615384 0.09735576923076923
0 0.2283653846153846 0.42427884615384615 0.055288461538461536 0.06850961538461539
0 0.2668269230769231 0.6033653846153846 0.06009615384615385 0.07572115384615384
0 0.18870192307692307 0.7175480769230769 0.054086538461538464 0.06971153846153846
0 0.09615384615384616 0.71875 0.06610576923076923 0.06129807692307692
0 0.25240384615384615 0.8737980769230769 0.06129807692307692 0.08173076923076923
0 0.1141826923076923 0.9519230769230769 0.037259615384615384 0.06490384615384616
0 0.3605769230769231 0.8629807692307693 0.06129807692307692 0.07692307692307693
0 0.3545673076923077 0.71875 0.06009615384615385 0.07091346153846154
0 0.4495192307692308 0.6442307692307693 0.04807692307692308 0.08052884615384616
0 0.4675480769230769 0.7896634615384616 0.04567307692307692 0.06971153846153846
0 0.6514423076923077 0.7487980769230769 0.05889423076923077 0.06009615384615385
0 0.9375 0.8689903846153846 0.06009615384615385 0.09014423076923077
0 0.9050480769230769 0.9795673076923077 0.052884615384615384 0.030048076923076924
0 0.859375 0.8028846153846154 0.06610576923076923 0.02403846153846154
0 0.6971153846153846 0.9507211538461539 0.04927884615384615 0.078125
0 0.7067307692307693 0.5889423076923077 0.057692307692307696 0.04927884615384615
0 0.7644230769230769 0.4735576923076923 0.04567307692307692 0.07091346153846154
0 0.8209134615384616 0.5540865384615384 0.042067307692307696 0.06009615384615385
0 0.8545673076923077 0.5444711538461539 0.04326923076923077 0.04927884615384615
0 0.8942307692307693 0.5673076923076923 0.04567307692307692 0.042067307692307696
0 0.9759615384615384 0.6790865384615384 0.037259615384615384 0.06610576923076923
0 0.9302884615384616 0.7211538461538461 0.03245192307692308 0.057692307692307696
0 0.890625 0.7548076923076923 0.056490384615384616 0.07211538461538461
0 0.7668269230769231 0.23677884615384615 0.042067307692307696 0.07692307692307693
0 0.3713942307692308 0.16826923076923078 0.06971153846153846 0.06370192307692307
0 0.7668269230769231 0.9639423076923077 0.0625 0.0673076923076923