0 0.12860576923076922 0.14182692307692307 0.0985576923076923 0.0889423076923077
0 0.1935096153846154 0.6225961538461539 0.13942307692307693 0.1346153846153846
0 0.4519230769230769 0.30649038461538464 0.11057692307692307 0.12259615384615384
0 0.33052884615384615 0.1875 0.08653846153846154 0.08653846153846154
0 0.6694711538461539 0.44350961538461536 0.08653846153846154 0.10096153846153846
0 0.5769230769230769 0.5612980769230769 0.10576923076923077 0.13701923076923078
0 0.6033653846153846 0.8269230769230769 0.09375 0.10096153846153846
0 0.5192307692307693 0.7632211538461539 0.07692307692307693 0.10576923076923077
0 0.44350961538461536 0.8052884615384616 0.09134615384615384 0.12259615384615384
0 0.3112980769230769 0.7548076923076923 0.09375 0.10817307692307693
0 0.7055288461538461 0.796875 0.07932692307692307 0.10336538461538461
0 0.8485576923076923 0.484375 0.09615384615384616 0.09134615384615384
0 0.9567307692307693 0.4495192307692308 0.08653846153846154 0.10096153846153846
0 0.8521634615384616 0.8221153846153846 0.09615384615384616 0.10336538461538461
0 0.8461538461538461 0.14783653846153846 0.09375 0.11298076923076923
0 0.30649038461538464 0.12980769230769232 0.07451923076923077 0.0985576923076923
0 0.25 0.8822115384615384 0.09615384615384616 0.11778846153846154