0 0.5120192307692307 0.3557692307692308 0.055288461538461536 0.10817307692307693
0 0.6069711538461539 0.24879807692307693 0.0673076923076923 0.07451923076923077
0 0.5649038461538461 0.20673076923076922 0.055288461538461536 0.0889423076923077
0 0.6322115384615384 0.34134615384615385 0.07211538461538461 0.07932692307692307
0 0.6826923076923077 0.3581730769230769 0.06971153846153846 0.0625
0 0.7067307692307693 0.38341346153846156 0.0673076923076923 0.04567307692307692
0 0.7379807692307693 0.5228365384615384 0.04807692307692308 0.06971153846153846
0 0.671875 0.5480769230769231 0.057692307692307696 0.07451923076923077
0 0.6153846153846154 0.5769230769230769 0.055288461538461536 0.052884615384615384
0 0.5625 0.6057692307692307 0.07451923076923077 0.08173076923076923
0 0.6081730769230769 0.6971153846153846 0.07451923076923077 0.0673076923076923
0 0.515625 0.7944711538461539 0.07451923076923077 0.07451923076923077
0 0.5889423076923077 0.8810096153846154 0.05048076923076923 0.0889423076923077
0 0.6213942307692307 0.9182692307692307 0.07211538461538461 0.09134615384615384
0 0.7127403846153846 0.8413461538461539 0.055288461538461536 0.055288461538461536
0 0.7475961538461539 0.8653846153846154 0.07451923076923077 0.06490384615384616
0 0.7319711538461539 0.9543269230769231 0.057692307692307696 0.06009615384615385
0 0.3641826923076923 0.9326923076923077 0.07211538461538461 0.0625
0 0.36899038461538464 0.9747596153846154 0.0673076923076923 0.03365384615384615
0 0.3245192307692308 0.7235576923076923 0.0889423076923077 0.10336538461538461
0 0.23197115384615385 0.8413461538461539 0.057692307692307696 0.06971153846153846
0 0.0829326923076923 0.8774038461538461 0.0889423076923077 0.07932692307692307
0 0.025240384615384616 0.8353365384615384 0.05048076923076923 0.08413461538461539
0 0.027644230769230768 0.7379807692307693 0.055288461538461536 0.07211538461538461
0 0.02283653846153846 0.5276442307692307 0.04567307692307692 0.0889423076923077
0 0.0673076923076923 0.38100961538461536 0.06490384615384616 0.08173076923076923
0 0.15865384615384615 0.5084134615384616 0.06009615384615385 0.0889423076923077
0 0.19951923076923078 0.3293269230769231 0.08653846153846154 0.1201923076923077
0 0.2704326923076923 0.078125 0.08653846153846154 0.09375
0 0.038461538461538464 0.23076923076923078 0.038461538461538464 0.11057692307692307
0 0.0733173076923077 0.03245192307692308 0.06009615384615385 0.06490384615384616
0 0.38100961538461536 0.765625 0.07692307692307693 0.08653846153846154
0 0.37259615384615385 0.8353365384615384 0.0625 0.08413461538461539
0 0.3701923076923077 0.48677884615384615 0.04807692307692308 0.08413461538461539