0 0.38461538461538464 0.48197115384615385 0.10576923076923077 0.11057692307692307
0 0.3701923076923077 0.33533653846153844 0.1466346153846154 0.14903846153846154
0 0.42427884615384615 0.14543269230769232 0.11057692307692307 0.10817307692307693
0 0.8449519230769231 0.19230769230769232 0.11057692307692307 0.11057692307692307
0 0.84375 0.45072115384615385 0.12259615384615384 0.12740384615384615
0 0.9038461538461539 0.6514423076923077 0.11298076923076923 0.11538461538461539
0 0.6262019230769231 0.8485576923076923 0.125 0.12980769230769232
0 0.5432692307692307 0.7019230769230769 0.13701923076923078 0.13942307692307693
0 0.4675480769230769 0.6153846153846154 0.11538461538461539 0.11778846153846154
0 0.46875 0.5072115384615384 0.0985576923076923 0.10336538461538461
0 0.20673076923076922 0.8858173076923077 0.057692307692307696 0.057692307692307696
0 0.6826923076923077 0.453125 0.10096153846153846 0.10096153846153846
0 0.22355769230769232 0.3401442307692308 0.09134615384615384 0.09134615384615384