0 0.2127403846153846 0.18509615384615385 0.08653846153846154 0.09134615384615384
0 0.21634615384615385 0.04927884615384615 0.04567307692307692 0.055288461538461536
0 0.03245192307692308 0.30408653846153844 0.038461538461538464 0.05048076923076923
0 0.07211538461538461 0.3317307692307692 0.06009615384615385 0.0673076923076923
0 0.019230769230769232 0.7115384615384616 0.038461538461538464 0.08173076923076923
0 0.07211538461538461 0.6610576923076923 0.057692307692307696 0.0625
0 0.0889423076923077 0.5889423076923077 0.06009615384615385 0.057692307692307696
0 0.13221153846153846 0.5540865384615384 0.04567307692307692 0.05048076923076923
0 0.11177884615384616 0.40024038461538464 0.0625 0.07211538461538461
0 0.2536057692307692 0.4495192307692308 0.0625 0.06490384615384616
0 0.328125 0.3389423076923077 0.08173076923076923 0.08413461538461539
0 0.27163461538461536 0.28725961538461536 0.06490384615384616 0.0673076923076923
0 0.40625 0.453125 0.0625 0.0673076923076923
0 0.3161057692307692 0.515625 0.0625 0.06490384615384616
0 0.19471153846153846 0.6057692307692307 0.055288461538461536 0.057692307692307696
0 0.14302884615384615 0.6237980769230769 0.06971153846153846 0.06971153846153846
0 0.23798076923076922 0.6514423076923077 0.06009615384615385 0.06009615384615385
0 0.19471153846153846 0.7043269230769231 0.06009615384615385 0.0625
0 0.13341346153846154 0.6935096153846154 0.0673076923076923 0.0625
0 0.21394230769230768 0.765625 0.07932692307692307 0.08173076923076923
0 0.16947115384615385 0.8449519230769231 0.07692307692307693 0.07692307692307693
0 0.32572115384615385 0.7920673076923077 0.057692307692307696 0.06009615384615385
0 0.41586538461538464 0.5528846153846154 0.06009615384615385 0.0673076923076923
0 0.5144230769230769 0.4651442307692308 0.05048076923076923 0.052884615384615384
0 0.6766826923076923 0.3545673076923077 0.06490384615384616 0.06971153846153846
0 0.5733173076923077 0.23317307692307693 0.0889423076923077 0.08413461538461539
0 0.6911057692307693 0.6021634615384616 0.08413461538461539 0.09375
0 0.5456730769230769 0.6346153846153846 0.07692307692307693 0.08413461538461539
0 0.4266826923076923 0.7512019230769231 0.0625 0.0673076923076923
0 0.45072115384615385 0.8100961538461539 0.0889423076923077 0.09375
0 0.40865384615384615 0.8509615384615384 0.052884615384615384 0.055288461538461536
0 0.3581730769230769 0.9074519230769231 0.057692307692307696 0.052884615384615384
0 0.34615384615384615 0.9266826923076923 0.055288461538461536 0.052884615384615384
0 0.6213942307692307 0.7848557692307693 0.06971153846153846 0.07692307692307693
0 0.6129807692307693 0.8581730769230769 0.06971153846153846 0.06971153846153846
0 0.5192307692307693 0.8870192307692307 0.06971153846153846 0.07211538461538461
0 0.5240384615384616 0.9651442307692307 0.0625 0.06971153846153846
0 0.7716346153846154 0.8028846153846154 0.052884615384615384 0.057692307692307696
0 0.71875 0.7884615384615384 0.052884615384615384 0.055288461538461536
0 0.6634615384615384 0.7908653846153846 0.0625 0.0625
0 0.8100961538461539 0.5853365384615384 0.06009615384615385 0.06009615384615385
0 0.796875 0.5516826923076923 0.055288461538461536 0.06490384615384616
0 0.12379807692307693 0.5108173076923077 0.11778846153846154 0.12740384615384615
0 0.8088942307692307 0.7019230769230769 0.052884615384615384 0.05048076923076923
0 0.8016826923076923 0.6706730769230769 0.04326923076923077 0.04567307692307692
0 0.7740384615384616 0.6514423076923077 0.05048076923076923 0.04807692307692308
0 0.453125 0.33653846153846156 0.07211538461538461 0.07932692307692307