0 0.34134615384615385 0.7355769230769231 0.038461538461538464 0.051682692307692304
0 0.328125 0.8389423076923077 0.06610576923076923 0.037259615384615384
0 0.3293269230769231 0.8870192307692307 0.0625 0.04567307692307692
0 0.17908653846153846 0.7512019230769231 0.06370192307692307 0.06490384615384616
0 0.057692307692307696 0.9002403846153846 0.06850961538461539 0.05048076923076923
0 0.051682692307692304 0.35697115384615385 0.05048076923076923 0.08173076923076923
0 0.07932692307692307 0.10096153846153846 0.0673076923076923 0.09375
0 0.33413461538461536 0.3473557692307692 0.08533653846153846 0.10576923076923077
0 0.59375 0.4879807692307692 0.06610576923076923 0.08052884615384616
0 0.6442307692307693 0.5865384615384616 0.10576923076923077 0.09975961538461539
0 0.65625 0.4375 0.06610576923076923 0.11298076923076923
0 0.7391826923076923 0.39903846153846156 0.07451923076923077 0.09014423076923077
0 0.8449519230769231 0.3449519230769231 0.057692307692307696 0.0673076923076923
0 0.828125 0.17548076923076922 0.0625 0.07932692307692307
0 0.7872596153846154 0.11538461538461539 0.07451923076923077 0.055288461538461536
0 0.7331730769230769 0.1141826923076923 0.0673076923076923 0.06971153846153846
0 0.5372596153846154 0.11658653846153846 0.08774038461538461 0.08173076923076923
0 0.5240384615384616 0.7079326923076923 0.06850961538461539 0.06129807692307692
0 0.5961538461538461 0.7932692307692307 0.03365384615384615 0.07572115384615384
0 0.6213942307692307 0.8269230769230769 0.05048076923076923 0.08653846153846154
0 0.7487980769230769 0.7367788461538461 0.06370192307692307 0.04927884615384615
0 0.7716346153846154 0.7764423076923077 0.03245192307692308 0.06850961538461539
0 0.7427884615384616 0.8461538461538461 0.055288461538461536 0.08173076923076923
0 0.27524038461538464 0.6286057692307693 0.10697115384615384 0.08413461538461539
0 0.03125 0.7884615384615384 0.06129807692307692 0.10096153846153846
0 0.35336538461538464 0.6646634615384616 0.07572115384615384 0.09495192307692307