0 0.3076923076923077 0.05048076923076923 0.09134615384615384 0.10096153846153846
0 0.07932692307692307 0.3112980769230769 0.10336538461538461 0.12980769230769232
0 0.2127403846153846 0.5805288461538461 0.07932692307692307 0.11057692307692307
0 0.45072115384615385 0.4723557692307692 0.08173076923076923 0.09134615384615384
0 0.6105769230769231 0.34615384615384615 0.0673076923076923 0.09134615384615384
0 0.6454326923076923 0.40024038461538464 0.10576923076923077 0.0985576923076923
0 0.6153846153846154 0.5204326923076923 0.08413461538461539 0.09375
0 0.6598557692307693 0.5456730769230769 0.07692307692307693 0.06971153846153846
0 0.6875 0.5901442307692307 0.08413461538461539 0.07451923076923077
0 0.6502403846153846 0.765625 0.07451923076923077 0.09375
0 0.5504807692307693 0.7776442307692307 0.10817307692307693 0.1346153846153846
0 0.4543269230769231 0.7932692307692307 0.07692307692307693 0.09615384615384616
0 0.38100961538461536 0.8137019230769231 0.09615384615384616 0.10576923076923077
0 0.390625 0.9314903846153846 0.09375 0.06490384615384616
0 0.027644230769230768 0.8293269230769231 0.055288461538461536 0.0673076923076923