0 0.19110576923076922 0.24158653846153846 0.051682692307692304 0.056490384615384616
0 0.25841346153846156 0.41346153846153844 0.038461538461538464 0.06009615384615385
0 0.21995192307692307 0.5072115384615384 0.039663461538461536 0.0625
0 0.36658653846153844 0.5336538461538461 0.038461538461538464 0.040865384615384616
0 0.38341346153846156 0.29086538461538464 0.030048076923076924 0.04567307692307692
0 0.4579326923076923 0.3485576923076923 0.042067307692307696 0.039663461538461536
0 0.4375 0.4651442307692308 0.036057692307692304 0.046875
0 0.4807692307692308 0.5336538461538461 0.037259615384615384 0.04927884615384615
0 0.42788461538461536 0.5901442307692307 0.028846153846153848 0.05048076923076923
0 0.4206730769230769 0.6442307692307693 0.03245192307692308 0.04567307692307692
0 0.3557692307692308 0.6911057692307693 0.052884615384615384 0.05048076923076923
0 0.3605769230769231 0.8689903846153846 0.037259615384615384 0.04927884615384615
0 0.24759615384615385 0.75 0.04927884615384615 0.038461538461538464
0 0.16105769230769232 0.7680288461538461 0.037259615384615384 0.051682692307692304
0 0.12980769230769232 0.7728365384615384 0.04326923076923077 0.05889423076923077
0 0.0985576923076923 0.8293269230769231 0.039663461538461536 0.04567307692307692
0 0.06610576923076923 0.6971153846153846 0.046875 0.078125
0 0.5060096153846154 0.7860576923076923 0.038461538461538464 0.037259615384615384
0 0.5252403846153846 0.8161057692307693 0.04807692307692308 0.03365384615384615
0 0.46033653846153844 0.8485576923076923 0.04567307692307692 0.04326923076923077
0 0.5216346153846154 0.8930288461538461 0.038461538461538464 0.04927884615384615
0 0.5612980769230769 0.7728365384615384 0.040865384615384616 0.038461538461538464
0 0.5625 0.7247596153846154 0.039663461538461536 0.057692307692307696
0 0.6165865384615384 0.6814903846153846 0.06129807692307692 0.07932692307692307
0 0.5733173076923077 0.6033653846153846 0.051682692307692304 0.04807692307692308
0 0.5925480769230769 0.5504807692307693 0.052884615384615384 0.04326923076923077
0 0.5637019230769231 0.48677884615384615 0.04567307692307692 0.052884615384615384
0 0.5697115384615384 0.40024038461538464 0.038461538461538464 0.05048076923076923
0 0.5829326923076923 0.23557692307692307 0.030048076923076924 0.054086538461538464
0 0.6021634615384616 0.26802884615384615 0.03485576923076923 0.030048076923076924
0 0.6262019230769231 0.2980769230769231 0.037259615384615384 0.039663461538461536
0 0.6490384615384616 0.31971153846153844 0.040865384615384616 0.037259615384615384
0 0.7908653846153846 0.3329326923076923 0.037259615384615384 0.057692307692307696
0 0.7127403846153846 0.3016826923076923 0.036057692307692304 0.051682692307692304
0 0.8425480769230769 0.2512019230769231 0.052884615384615384 0.046875
0 0.8641826923076923 0.3076923076923077 0.039663461538461536 0.036057692307692304
0 0.8870192307692307 0.296875 0.04447115384615385 0.036057692307692304
0 0.9110576923076923 0.25600961538461536 0.05048076923076923 0.039663461538461536
0 0.9038461538461539 0.4014423076923077 0.03245192307692308 0.07091346153846154
0 0.9338942307692307 0.40865384615384615 0.03365384615384615 0.03245192307692308
0 0.9543269230769231 0.5180288461538461 0.04567307692307692 0.03365384615384615
0 0.8557692307692307 0.5204326923076923 0.026442307692307692 0.04807692307692308
0 0.8245192307692307 0.46153846153846156 0.036057692307692304 0.06370192307692307
0 0.8257211538461539 0.3918269230769231 0.042067307692307696 0.055288461538461536
0 0.7560096153846154 0.5372596153846154 0.030048076923076924 0.06009615384615385
0 0.7367788461538461 0.5757211538461539 0.036057692307692304 0.040865384615384616
0 0.7295673076923077 0.6298076923076923 0.04447115384615385 0.03485576923076923
0 0.78125 0.6394230769230769 0.03125 0.03485576923076923
0 0.7872596153846154 0.6069711538461539 0.036057692307692304 0.06009615384615385
0 0.8497596153846154 0.5853365384615384 0.042067307692307696 0.038461538461538464
0 0.8533653846153846 0.6274038461538461 0.051682692307692304 0.038461538461538464
0 0.8245192307692307 0.5480769230769231 0.042067307692307696 0.055288461538461536
0 0.7788461538461539 0.7295673076923077 0.038461538461538464 0.03245192307692308
0 0.7824519230769231 0.7896634615384616 0.04807692307692308 0.04807692307692308
0 0.8161057692307693 0.8870192307692307 0.026442307692307692 0.04927884615384615
0 0.84375 0.8918269230769231 0.055288461538461536 0.042067307692307696
0 0.9591346153846154 0.9194711538461539 0.05889423076923077 0.040865384615384616
0 0.41346153846153844 0.7355769230769231 0.038461538461538464 0.052884615384615384
0 0.7728365384615384 0.39663461538461536 0.056490384615384616 0.05048076923076923