0 0.2668269230769231 0.24278846153846154 0.03125 0.046875
0 0.2668269230769231 0.20673076923076922 0.025240384615384616 0.038461538461538464
0 0.18389423076923078 0.18870192307692307 0.042067307692307696 0.05048076923076923
0 0.13221153846153846 0.4254807692307692 0.04807692307692308 0.04927884615384615
0 0.11899038461538461 0.5757211538461539 0.025240384615384616 0.052884615384615384
0 0.18389423076923078 0.5252403846153846 0.03245192307692308 0.04927884615384615
0 0.16826923076923078 0.84375 0.042067307692307696 0.057692307692307696
0 0.14783653846153846 0.8605769230769231 0.036057692307692304 0.057692307692307696
0 0.11538461538461539 0.953125 0.038461538461538464 0.06129807692307692
0 0.18269230769230768 0.9627403846153846 0.030048076923076924 0.042067307692307696
0 0.28365384615384615 0.8100961538461539 0.025240384615384616 0.051682692307692304
0 0.359375 0.8629807692307693 0.038461538461538464 0.040865384615384616
0 0.40024038461538464 0.796875 0.030048076923076924 0.027644230769230768
0 0.3701923076923077 0.6009615384615384 0.036057692307692304 0.04927884615384615
0 0.3112980769230769 0.6057692307692307 0.03365384615384615 0.0673076923076923
0 0.27163461538461536 0.5516826923076923 0.021634615384615384 0.04326923076923077
0 0.34375 0.4675480769230769 0.04326923076923077 0.039663461538461536
0 0.23317307692307693 0.5709134615384616 0.03125 0.06370192307692307
0 0.21394230769230768 0.3786057692307692 0.019230769230769232 0.026442307692307692
0 0.3161057692307692 0.31009615384615385 0.04326923076923077 0.054086538461538464
0 0.4206730769230769 0.13701923076923078 0.03485576923076923 0.06850961538461539
0 0.4074519230769231 0.4110576923076923 0.037259615384615384 0.06129807692307692
0 0.6790865384615384 0.7692307692307693 0.038461538461538464 0.04927884615384615
0 0.7307692307692307 0.8677884615384616 0.04567307692307692 0.06971153846153846
0 0.8341346153846154 0.8425480769230769 0.04567307692307692 0.051682692307692304
0 0.8858173076923077 0.75 0.04447115384615385 0.039663461538461536
0 0.9411057692307693 0.78125 0.037259615384615384 0.04927884615384615
0 0.9230769230769231 0.8978365384615384 0.046875 0.039663461538461536
0 0.9182692307692307 0.9387019230769231 0.04567307692307692 0.03365384615384615
0 0.7872596153846154 0.4735576923076923 0.03125 0.04807692307692308
0 0.7644230769230769 0.5865384615384616 0.03245192307692308 0.07091346153846154
0 0.6899038461538461 0.5084134615384616 0.036057692307692304 0.04807692307692308
0 0.671875 0.40625 0.036057692307692304 0.054086538461538464
0 0.5709134615384616 0.4699519230769231 0.042067307692307696 0.06009615384615385
0 0.4987980769230769 0.4699519230769231 0.04807692307692308 0.038461538461538464
0 0.7199519230769231 0.25841346153846156 0.03365384615384615 0.06370192307692307
0 0.8762019230769231 0.2920673076923077 0.03365384615384615 0.06971153846153846
0 0.9242788461538461 0.08533653846153846 0.042067307692307696 0.038461538461538464
0 0.6634615384615384 0.6165865384615384 0.037259615384615384 0.06129807692307692
0 0.5673076923076923 0.6081730769230769 0.04567307692307692 0.046875
0 0.5420673076923077 0.7463942307692307 0.038461538461538464 0.052884615384615384
0 0.5324519230769231 0.7980769230769231 0.04447115384615385 0.042067307692307696
0 0.5588942307692307 0.8653846153846154 0.040865384615384616 0.046875
0 0.53125 0.9471153846153846 0.040865384615384616 0.04927884615384615
0 0.6334134615384616 0.859375 0.03485576923076923 0.040865384615384616
0 0.5925480769230769 0.8040865384615384 0.039663461538461536 0.04807692307692308
0 0.6213942307692307 0.7572115384615384 0.028846153846153848 0.057692307692307696
0 0.4375 0.6442307692307693 0.025240384615384616 0.04927884615384615
0 0.9134615384615384 0.5829326923076923 0.030048076923076924 0.040865384615384616
0 0.27884615384615385 0.11057692307692307 0.09615384615384616 0.0985576923076923