0 0.04447115384615385 0.2512019230769231 0.0889423076923077 0.12259615384615384
0 0.04807692307692308 0.6334134615384616 0.09615384615384616 0.13701923076923078
0 0.34375 0.765625 0.09375 0.12259615384615384
0 0.4651442307692308 0.5024038461538461 0.09375 0.10336538461538461
0 0.5060096153846154 0.28125 0.07932692307692307 0.10096153846153846
0 0.5733173076923077 0.3004807692307692 0.1201923076923077 0.11298076923076923
0 0.6370192307692307 0.4230769230769231 0.0985576923076923 0.10576923076923077
0 0.6911057692307693 0.41225961538461536 0.08653846153846154 0.07932692307692307
0 0.7487980769230769 0.42788461538461536 0.09375 0.08653846153846154
0 0.84375 0.6021634615384616 0.08413461538461539 0.10336538461538461
0 0.7692307692307693 0.6850961538461539 0.125 0.15144230769230768
0 0.7019230769230769 0.7668269230769231 0.0889423076923077 0.10817307692307693
0 0.6550480769230769 0.8377403846153846 0.11057692307692307 0.1201923076923077
0 0.7451923076923077 0.9230769230769231 0.10096153846153846 0.06490384615384616