0 0.2920673076923077 0.42427884615384615 0.07091346153846154 0.10817307692307693
0 0.46153846153846156 0.41586538461538464 0.06370192307692307 0.12379807692307693
0 0.6298076923076923 0.3317307692307692 0.07211538461538461 0.0889423076923077
0 0.4639423076923077 0.21875 0.0889423076923077 0.08052884615384616
0 0.20793269230769232 0.1875 0.07572115384615384 0.11177884615384616
0 0.07211538461538461 0.20552884615384615 0.06009615384615385 0.08653846153846154
0 0.34134615384615385 0.025240384615384616 0.0625 0.04807692307692308
0 0.6081730769230769 0.09254807692307693 0.06009615384615385 0.08653846153846154
0 0.9194711538461539 0.2620192307692308 0.06610576923076923 0.10336538461538461
0 0.9699519230769231 0.5853365384615384 0.055288461538461536 0.08533653846153846
0 0.9206730769230769 0.7680288461538461 0.06610576923076923 0.09495192307692307
0 0.7319711538461539 0.8617788461538461 0.1045673076923077 0.06610576923076923
0 0.625 0.8329326923076923 0.03245192307692308 0.11177884615384616
0 0.5817307692307693 0.6947115384615384 0.08533653846153846 0.09495192307692307
0 0.5432692307692307 0.8882211538461539 0.042067307692307696 0.11177884615384616
0 0.4074519230769231 0.9146634615384616 0.057692307692307696 0.09735576923076923
0 0.3112980769230769 0.8137019230769231 0.078125 0.10096153846153846
0 0.30649038461538464 0.7043269230769231 0.040865384615384616 0.07692307692307693
0 0.43149038461538464 0.7944711538461539 0.06009615384615385 0.06129807692307692
0 0.4675480769230769 0.6850961538461539 0.05048076923076923 0.09615384615384616
0 0.06129807692307692 0.5516826923076923 0.038461538461538464 0.0985576923076923
0 0.06370192307692307 0.8521634615384616 0.04326923076923077 0.08533653846153846