0 0.2932692307692308 0.2764423076923077 0.0889423076923077 0.13221153846153846
0 0.46274038461538464 0.3016826923076923 0.08173076923076923 0.0889423076923077
0 0.4675480769230769 0.36778846153846156 0.07692307692307693 0.07692307692307693
0 0.5564903846153846 0.49038461538461536 0.08653846153846154 0.09615384615384616
0 0.6141826923076923 0.7584134615384616 0.07451923076923077 0.11298076923076923
0 0.7536057692307693 0.15264423076923078 0.08173076923076923 0.0985576923076923
0 0.9567307692307693 0.41586538461538464 0.03365384615384615 0.04326923076923077
0 0.7331730769230769 0.6658653846153846 0.07692307692307693 0.07932692307692307
0 0.90625 0.7463942307692307 0.07692307692307693 0.07211538461538461
0 0.9963942307692307 0.7644230769230769 0.007211538461538462 0.1201923076923077
0 0.4987980769230769 0.9495192307692307 0.0673076923076923 0.09134615384615384
0 0.421875 0.9615384615384616 0.06009615384615385 0.07692307692307693
0 0.3004807692307692 0.890625 0.06971153846153846 0.08653846153846154
0 0.22355769230769232 0.7259615384615384 0.10336538461538461 0.10817307692307693
0 0.45913461538461536 0.08774038461538461 0.12740384615384615 0.15144230769230768
0 0.2091346153846154 0.9723557692307693 0.07692307692307693 0.055288461538461536