0 0.5492788461538461 0.33413461538461536 0.09615384615384616 0.11538461538461539
0 0.5612980769230769 0.056490384615384616 0.09375 0.08413461538461539
0 0.41466346153846156 0.025240384615384616 0.0889423076923077 0.05048076923076923
0 0.057692307692307696 0.296875 0.06971153846153846 0.08413461538461539
0 0.15985576923076922 0.3112980769230769 0.0673076923076923 0.07692307692307693
0 0.05889423076923077 0.6310096153846154 0.07932692307692307 0.1658653846153846
0 0.18028846153846154 0.7295673076923077 0.08173076923076923 0.0673076923076923
0 0.23798076923076922 0.6274038461538461 0.06490384615384616 0.10096153846153846
0 0.3016826923076923 0.38461538461538464 0.07692307692307693 0.12980769230769232
0 0.453125 0.6550480769230769 0.08173076923076923 0.09615384615384616
0 0.5456730769230769 0.6658653846153846 0.0889423076923077 0.07692307692307693
0 0.48677884615384615 0.5853365384615384 0.06009615384615385 0.06971153846153846
0 0.6057692307692307 0.5949519230769231 0.06490384615384616 0.06490384615384616
0 0.7103365384615384 0.625 0.10096153846153846 0.08173076923076923
0 0.7716346153846154 0.7680288461538461 0.08173076923076923 0.10336538461538461
0 0.6923076923076923 0.7295673076923077 0.052884615384615384 0.07692307692307693
0 0.6177884615384616 0.7367788461538461 0.06009615384615385 0.08413461538461539
0 0.5024038461538461 0.7367788461538461 0.06009615384615385 0.08653846153846154
0 0.46153846153846156 0.8545673076923077 0.08173076923076923 0.057692307692307696
0 0.9447115384615384 0.7295673076923077 0.06009615384615385 0.07211538461538461
0 0.9098557692307693 0.33653846153846156 0.07211538461538461 0.12980769230769232
0 0.7992788461538461 0.15264423076923078 0.12740384615384615 0.125
0 0.7079326923076923 0.37259615384615385 0.08413461538461539 0.08653846153846154
0 0.9831730769230769 0.07451923076923077 0.03365384615384615 0.0673076923076923
0 0.08653846153846154 0.025240384615384616 0.07211538461538461 0.05048076923076923