0 0.2536057692307692 0.1310096153846154 0.055288461538461536 0.09134615384615384
0 0.18028846153846154 0.41346153846153844 0.06610576923076923 0.0625
0 0.039663461538461536 0.4891826923076923 0.042067307692307696 0.0625
0 0.1466346153846154 0.6081730769230769 0.052884615384615384 0.07572115384615384
0 0.3870192307692308 0.5853365384615384 0.036057692307692304 0.057692307692307696
0 0.33653846153846156 0.8449519230769231 0.06370192307692307 0.06850961538461539
0 0.25240384615384615 0.9819711538461539 0.046875 0.03365384615384615
0 0.018028846153846152 0.9134615384615384 0.036057692307692304 0.08413461538461539
0 0.40384615384615385 0.96875 0.04567307692307692 0.054086538461538464
0 0.5745192307692307 0.9290865384615384 0.07692307692307693 0.09254807692307693
0 0.7944711538461539 0.9447115384615384 0.055288461538461536 0.07692307692307693
0 0.6754807692307693 0.7920673076923077 0.054086538461538464 0.06490384615384616
0 0.6081730769230769 0.7139423076923077 0.052884615384615384 0.07091346153846154
0 0.6598557692307693 0.6502403846153846 0.04326923076923077 0.06370192307692307
0 0.5240384615384616 0.40625 0.042067307692307696 0.125
0 0.5913461538461539 0.2439903846153846 0.04567307692307692 0.08533653846153846
0 0.6346153846153846 0.28846153846153844 0.07932692307692307 0.05889423076923077
0 0.6682692307692307 0.3954326923076923 0.04567307692307692 0.06971153846153846
0 0.71875 0.4074519230769231 0.05048076923076923 0.06971153846153846
0 0.75 0.41947115384615385 0.052884615384615384 0.036057692307692304
0 0.8016826923076923 0.5757211538461539 0.051682692307692304 0.06490384615384616
0 0.7295673076923077 0.6177884615384616 0.06129807692307692 0.06129807692307692
0 0.41225961538461536 0.9002403846153846 0.07211538461538461 0.0889423076923077