0 0.49038461538461536 0.3701923076923077 0.055288461538461536 0.11057692307692307
0 0.8293269230769231 0.34975961538461536 0.06971153846153846 0.09375
0 0.5600961538461539 0.07692307692307693 0.09254807692307693 0.0985576923076923
0 0.3401442307692308 0.19110576923076922 0.109375 0.12379807692307693
0 0.078125 0.4074519230769231 0.109375 0.11538461538461539
0 0.042067307692307696 0.6887019230769231 0.05048076923076923 0.0889423076923077
0 0.036057692307692304 0.7992788461538461 0.07091346153846154 0.10817307692307693
0 0.140625 0.8004807692307693 0.078125 0.07211538461538461
0 0.0985576923076923 0.8870192307692307 0.06129807692307692 0.0733173076923077
0 0.19591346153846154 0.7007211538461539 0.055288461538461536 0.1346153846153846
0 0.22355769230769232 0.8858173076923077 0.0733173076923077 0.11899038461538461
0 0.30528846153846156 0.7259615384615384 0.08774038461538461 0.06490384615384616
0 0.421875 0.8954326923076923 0.12620192307692307 0.08774038461538461
0 0.6009615384615384 0.8353365384615384 0.07932692307692307 0.07572115384615384
0 0.7463942307692307 0.9182692307692307 0.08774038461538461 0.05889423076923077
0 0.7512019230769231 0.9699519230769231 0.07932692307692307 0.03365384615384615
0 0.7139423076923077 0.6887019230769231 0.09254807692307693 0.08653846153846154
0 0.9699519230769231 0.7692307692307693 0.05889423076923077 0.06850961538461539
0 0.038461538461538464 0.0985576923076923 0.07572115384615384 0.08052884615384616
0 0.265625 0.4495192307692308 0.0829326923076923 0.13581730769230768
0 0.31490384615384615 0.8533653846153846 0.04927884615384615 0.09495192307692307
0 0.7872596153846154 0.8221153846153846 0.055288461538461536 0.06971153846153846
0 0.8064903846153846 0.7271634615384616 0.08173076923076923 0.11538461538461539