0 0.3762019230769231 0.46033653846153844 0.09615384615384616 0.09375
0 0.6574519230769231 0.4879807692307692 0.08413461538461539 0.11538461538461539
0 0.6935096153846154 0.0985576923076923 0.07692307692307693 0.07211538461538461
0 0.6778846153846154 0.06490384615384616 0.057692307692307696 0.03365384615384615
0 0.5504807692307693 0.7956730769230769 0.0889423076923077 0.10336538461538461
0 0.40384615384615385 0.9038461538461539 0.08173076923076923 0.09134615384615384
0 0.3317307692307692 0.7199519230769231 0.09615384615384616 0.11538461538461539
0 0.1622596153846154 0.8737980769230769 0.07211538461538461 0.0985576923076923
0 0.06850961538461539 0.8605769230769231 0.03125 0.09134615384615384
0 0.8004807692307693 0.9326923076923077 0.06490384615384616 0.04567307692307692
0 0.921875 0.7548076923076923 0.08413461538461539 0.11298076923076923
0 0.9855769230769231 0.5721153846153846 0.028846153846153848 0.11057692307692307