0 0.3581730769230769 0.4855769230769231 0.0985576923076923 0.10576923076923077
0 0.33653846153846156 0.34615384615384615 0.13701923076923078 0.14423076923076922
0 0.3798076923076923 0.16346153846153846 0.10576923076923077 0.10096153846153846
0 0.7836538461538461 0.18629807692307693 0.10576923076923077 0.10817307692307693
0 0.7932692307692307 0.4338942307692308 0.11298076923076923 0.12259615384615384
0 0.8605769230769231 0.6213942307692307 0.10576923076923077 0.11057692307692307
0 0.9459134615384616 0.6995192307692307 0.10576923076923077 0.11298076923076923
0 0.6057692307692307 0.8221153846153846 0.11538461538461539 0.125
0 0.5204326923076923 0.6862980769230769 0.12740384615384615 0.1346153846153846
0 0.44350961538461536 0.6081730769230769 0.10817307692307693 0.11298076923076923
0 0.43990384615384615 0.5060096153846154 0.09134615384615384 0.0985576923076923
0 0.36899038461538464 0.9855769230769231 0.06490384615384616 0.028846153846153848
0 0.20793269230769232 0.8834134615384616 0.06009615384615385 0.057692307692307696
0 0.640625 0.44350961538461536 0.09615384615384616 0.09615384615384616
0 0.19831730769230768 0.359375 0.08653846153846154 0.0889423076923077