0 0.7487980769230769 0.31009615384615385 0.03245192307692308 0.04807692307692308
0 0.7944711538461539 0.3581730769230769 0.015625 0.03125
0 0.8161057692307693 0.35096153846153844 0.04326923076923077 0.03125
0 0.84375 0.36538461538461536 0.04447115384615385 0.027644230769230768
0 0.7307692307692307 0.38341346153846156 0.03245192307692308 0.030048076923076924
0 0.7199519230769231 0.4831730769230769 0.026442307692307692 0.038461538461538464
0 0.8641826923076923 0.4735576923076923 0.03365384615384615 0.037259615384615384
0 0.8798076923076923 0.44350961538461536 0.016826923076923076 0.028846153846153848
0 0.9026442307692307 0.4110576923076923 0.025240384615384616 0.052884615384615384
0 0.8497596153846154 0.5 0.039663461538461536 0.025240384615384616
0 0.9002403846153846 0.5336538461538461 0.037259615384615384 0.03245192307692308
0 0.8954326923076923 0.5961538461538461 0.028846153846153848 0.04567307692307692
0 0.9543269230769231 0.6262019230769231 0.036057692307692304 0.056490384615384616
0 0.8725961538461539 0.6959134615384616 0.040865384615384616 0.03365384615384615
0 0.8786057692307693 0.71875 0.028846153846153848 0.03245192307692308
0 0.8341346153846154 0.6478365384615384 0.03485576923076923 0.04447115384615385
0 0.7680288461538461 0.5985576923076923 0.04326923076923077 0.054086538461538464
0 0.7764423076923077 0.6778846153846154 0.037259615384615384 0.03365384615384615
0 0.7668269230769231 0.7776442307692307 0.030048076923076924 0.04447115384615385
0 0.7235576923076923 0.7211538461538461 0.05048076923076923 0.04567307692307692
0 0.6754807692307693 0.7175480769230769 0.020432692307692308 0.042067307692307696
0 0.6478365384615384 0.7415865384615384 0.025240384615384616 0.038461538461538464
0 0.6069711538461539 0.7572115384615384 0.03365384615384615 0.042067307692307696
0 0.6033653846153846 0.7211538461538461 0.036057692307692304 0.04807692307692308
0 0.5997596153846154 0.6766826923076923 0.026442307692307692 0.039663461538461536
0 0.6394230769230769 0.6706730769230769 0.027644230769230768 0.042067307692307696
0 0.6274038461538461 0.8269230769230769 0.038461538461538464 0.06009615384615385
0 0.5540865384615384 0.7319711538461539 0.039663461538461536 0.054086538461538464
0 0.5649038461538461 0.5745192307692307 0.03125 0.042067307692307696
0 0.6177884615384616 0.5276442307692307 0.036057692307692304 0.04567307692307692
0 0.5865384615384616 0.44471153846153844 0.03365384615384615 0.06490384615384616
0 0.5552884615384616 0.30528846153846156 0.051682692307692304 0.040865384615384616
0 0.5348557692307693 0.49038461538461536 0.039663461538461536 0.0625
0 0.5036057692307693 0.5889423076923077 0.038461538461538464 0.04807692307692308
0 0.5384615384615384 0.6850961538461539 0.02403846153846154 0.042067307692307696
0 0.4651442307692308 0.7644230769230769 0.028846153846153848 0.039663461538461536
0 0.4639423076923077 0.8293269230769231 0.038461538461538464 0.040865384615384616
0 0.3942307692307692 0.7980769230769231 0.03485576923076923 0.04927884615384615
0 0.4254807692307692 0.6454326923076923 0.028846153846153848 0.056490384615384616
0 0.43509615384615385 0.49158653846153844 0.028846153846153848 0.04927884615384615
0 0.46875 0.4326923076923077 0.03485576923076923 0.04927884615384615
0 0.43149038461538464 0.3076923076923077 0.042067307692307696 0.030048076923076924
0 0.38100961538461536 0.5072115384615384 0.036057692307692304 0.06490384615384616
0 0.3605769230769231 0.6430288461538461 0.046875 0.040865384615384616
0 0.31490384615384615 0.6550480769230769 0.036057692307692304 0.055288461538461536
0 0.2704326923076923 0.6310096153846154 0.030048076923076924 0.04807692307692308
0 0.27524038461538464 0.5516826923076923 0.030048076923076924 0.04447115384615385
0 0.2920673076923077 0.49278846153846156 0.03245192307692308 0.06009615384615385
0 0.25 0.6538461538461539 0.03245192307692308 0.04567307692307692
0 0.18389423076923078 0.4579326923076923 0.036057692307692304 0.052884615384615384
0 0.16706730769230768 0.3112980769230769 0.025240384615384616 0.04567307692307692
0 0.10096153846153846 0.40024038461538464 0.019230769230769232 0.04567307692307692
0 0.1141826923076923 0.4170673076923077 0.025240384615384616 0.03245192307692308
0 0.030048076923076924 0.40384615384615385 0.02283653846153846 0.0625
0 0.11177884615384616 0.5793269230769231 0.03365384615384615 0.057692307692307696
0 0.16947115384615385 0.6899038461538461 0.03245192307692308 0.06009615384615385
0 0.3245192307692308 0.8497596153846154 0.04447115384615385 0.039663461538461536
0 0.3233173076923077 0.8810096153846154 0.036057692307692304 0.04807692307692308
0 0.390625 0.9423076923076923 0.039663461538461536 0.054086538461538464
0 0.35096153846153844 0.9543269230769231 0.046875 0.051682692307692304
0 0.7235576923076923 0.16947115384615385 0.028846153846153848 0.03485576923076923
0 0.8161057692307693 0.609375 0.037259615384615384 0.06370192307692307
0 0.18629807692307693 0.6322115384615384 0.026442307692307692 0.04567307692307692