0 0.4411057692307692 0.3389423076923077 0.08173076923076923 0.11298076923076923
0 0.4735576923076923 0.19831730769230768 0.08173076923076923 0.08653846153846154
0 0.41586538461538464 0.18028846153846154 0.07451923076923077 0.09615384615384616
0 0.5408653846153846 0.265625 0.08653846153846154 0.09134615384615384
0 0.5913461538461539 0.25600961538461536 0.07932692307692307 0.07692307692307693
0 0.6237980769230769 0.2668269230769231 0.07451923076923077 0.0625
0 0.7199519230769231 0.37259615384615385 0.06490384615384616 0.07692307692307693
0 0.6742788461538461 0.42788461538461536 0.07211538461538461 0.08173076923076923
0 0.6382211538461539 0.4807692307692308 0.06490384615384616 0.0625
0 0.6057692307692307 0.53125 0.09134615384615384 0.09375
0 0.6911057692307693 0.5889423076923077 0.08653846153846154 0.08173076923076923
0 0.6586538461538461 0.71875 0.0889423076923077 0.0889423076923077
0 0.7632211538461539 0.7572115384615384 0.07211538461538461 0.09375
0 0.8100961538461539 0.7752403846153846 0.09134615384615384 0.10336538461538461
0 0.8533653846153846 0.6646634615384616 0.06490384615384616 0.06490384615384616
0 0.8942307692307693 0.6694711538461539 0.08653846153846154 0.08173076923076923
0 0.9230769230769231 0.7548076923076923 0.06971153846153846 0.07211538461538461
0 0.5901442307692307 0.9134615384615384 0.08413461538461539 0.07692307692307693
0 0.6189903846153846 0.953125 0.07451923076923077 0.0625
0 0.45552884615384615 0.75 0.11057692307692307 0.1201923076923077
0 0.4326923076923077 0.8966346153846154 0.07211538461538461 0.07932692307692307
0 0.31850961538461536 0.9759615384615384 0.10336538461538461 0.04807692307692308
0 0.24278846153846154 0.9747596153846154 0.07692307692307693 0.05048076923076923
0 0.13701923076923078 0.9098557692307693 0.04807692307692308 0.09375
0 0.203125 0.9074519230769231 0.07451923076923077 0.08173076923076923
0 0.09495192307692307 0.7271634615384616 0.07451923076923077 0.09615384615384616
0 0.06490384615384616 0.5733173076923077 0.08173076923076923 0.09134615384615384
0 0.20673076923076922 0.6430288461538461 0.07932692307692307 0.09615384615384616
0 0.15625 0.4651442307692308 0.11298076923076923 0.1346153846153846
0 0.09495192307692307 0.2127403846153846 0.10336538461538461 0.10817307692307693
0 0.5252403846153846 0.7596153846153846 0.09375 0.10096153846153846
0 0.5528846153846154 0.8233173076923077 0.08173076923076923 0.09375
0 0.3798076923076923 0.5192307692307693 0.06971153846153846 0.0889423076923077