0 0.32091346153846156 0.6286057692307693 0.052884615384615384 0.0889423076923077
0 0.2980769230769231 0.7451923076923077 0.0673076923076923 0.04807692307692308
0 0.28966346153846156 0.7992788461538461 0.07211538461538461 0.06490384615384616
0 0.15865384615384615 0.6225961538461539 0.08413461538461539 0.0889423076923077
0 0.008413461538461538 0.6514423076923077 0.016826923076923076 0.07211538461538461
0 0.007211538461538462 0.7896634615384616 0.014423076923076924 0.06971153846153846
0 0.05048076923076923 0.07932692307692307 0.03365384615384615 0.0985576923076923
0 0.11899038461538461 0.21754807692307693 0.06490384615384616 0.0985576923076923
0 0.20072115384615385 0.030048076923076924 0.06490384615384616 0.06009615384615385
0 0.38461538461538464 0.23076923076923078 0.07211538461538461 0.08413461538461539
0 0.27524038461538464 0.4987980769230769 0.08173076923076923 0.055288461538461536
0 0.5649038461538461 0.09014423076923077 0.05048076923076923 0.1346153846153846
0 0.7223557692307693 0.09254807692307693 0.06009615384615385 0.06971153846153846
0 0.7644230769230769 0.10817307692307693 0.06490384615384616 0.06490384615384616
0 0.8004807692307693 0.1346153846153846 0.057692307692307696 0.05048076923076923
0 0.8233173076923077 0.3076923076923077 0.0625 0.07451923076923077
0 0.7331730769230769 0.3245192307692308 0.06490384615384616 0.08413461538461539
0 0.6610576923076923 0.3545673076923077 0.06490384615384616 0.08653846153846154
0 0.5961538461538461 0.3942307692307692 0.057692307692307696 0.07932692307692307
0 0.5204326923076923 0.6009615384615384 0.06971153846153846 0.08173076923076923
0 0.6382211538461539 0.49278846153846156 0.0625 0.06971153846153846
0 0.5817307692307693 0.7091346153846154 0.052884615384615384 0.09134615384615384
0 0.6057692307692307 0.7536057692307693 0.04807692307692308 0.07932692307692307
0 0.734375 0.6706730769230769 0.057692307692307696 0.0673076923076923
0 0.7548076923076923 0.703125 0.040865384615384616 0.08173076923076923
0 0.7259615384615384 0.796875 0.04567307692307692 0.0673076923076923
0 0.3473557692307692 0.5576923076923077 0.07211538461538461 0.0985576923076923