0 0.4495192307692308 0.5204326923076923 0.07451923076923077 0.10576923076923077
0 0.234375 0.6814903846153846 0.09134615384615384 0.1201923076923077
0 0.08052884615384616 0.6766826923076923 0.12980769230769232 0.125
0 0.48197115384615385 0.23076923076923078 0.11298076923076923 0.12259615384615384
0 0.796875 0.296875 0.08653846153846154 0.11778846153846154
0 0.6875 0.6370192307692307 0.0889423076923077 0.09134615384615384
0 0.5132211538461539 0.7415865384615384 0.10336538461538461 0.10576923076923077
0 0.6670673076923077 0.9134615384615384 0.08413461538461539 0.1466346153846154
0 0.9663461538461539 0.8569711538461539 0.06490384615384616 0.1201923076923077
0 0.44350961538461536 0.9603365384615384 0.08173076923076923 0.07451923076923077
0 0.25961538461538464 0.9639423076923077 0.07932692307692307 0.0673076923076923