0 0.38221153846153844 0.5444711538461539 0.10817307692307693 0.0985576923076923
0 0.5721153846153846 0.5673076923076923 0.13221153846153846 0.13942307692307693
0 0.40024038461538464 0.6706730769230769 0.10096153846153846 0.1201923076923077
0 0.1875 0.8028846153846154 0.10817307692307693 0.11057692307692307
0 0.08653846153846154 0.75 0.07451923076923077 0.10096153846153846
0 0.02403846153846154 0.5949519230769231 0.04807692307692308 0.09375
0 0.5456730769230769 0.21394230769230768 0.11057692307692307 0.11057692307692307
0 0.6225961538461539 0.14783653846153846 0.0985576923076923 0.11057692307692307
0 0.7043269230769231 0.32211538461538464 0.09615384615384616 0.10336538461538461
0 0.7139423076923077 0.3798076923076923 0.10817307692307693 0.09615384615384616
0 0.7644230769230769 0.8401442307692307 0.10576923076923077 0.11298076923076923
0 0.6670673076923077 0.8834134615384616 0.09134615384615384 0.10336538461538461
0 0.5084134615384616 0.9182692307692307 0.10576923076923077 0.1346153846153846
0 0.24278846153846154 0.8713942307692307 0.09134615384615384 0.11057692307692307
0 0.8497596153846154 0.8509615384615384 0.0625 0.06971153846153846
0 0.90625 0.7944711538461539 0.09615384615384616 0.09375