0 0.25600961538461536 0.08533653846153846 0.07211538461538461 0.11778846153846154
0 0.3449519230769231 0.18389423076923078 0.0625 0.08173076923076923
0 0.42788461538461536 0.1502403846153846 0.04807692307692308 0.11538461538461539
0 0.47716346153846156 0.24519230769230768 0.06009615384615385 0.07692307692307693
0 0.5769230769230769 0.26322115384615385 0.0673076923076923 0.09134615384615384
0 0.6971153846153846 0.35336538461538464 0.06490384615384616 0.11538461538461539
0 0.9375 0.09495192307692307 0.07932692307692307 0.0673076923076923
0 0.9350961538461539 0.6334134615384616 0.06971153846153846 0.09134615384615384
0 0.8774038461538461 0.7331730769230769 0.057692307692307696 0.11057692307692307
0 0.8341346153846154 0.625 0.08653846153846154 0.09375
0 0.859375 0.5336538461538461 0.038461538461538464 0.06490384615384616
0 0.6141826923076923 0.6021634615384616 0.055288461538461536 0.0889423076923077
0 0.41466346153846156 0.5865384615384616 0.07932692307692307 0.11057692307692307
0 0.5300480769230769 0.6923076923076923 0.08173076923076923 0.07932692307692307
0 0.19831730769230768 0.6201923076923077 0.08653846153846154 0.07451923076923077
0 0.16706730769230768 0.6634615384615384 0.057692307692307696 0.07692307692307693
0 0.11658653846153846 0.8293269230769231 0.06971153846153846 0.09615384615384616
0 0.21153846153846154 0.8317307692307693 0.07211538461538461 0.07451923076923077
0 0.8088942307692307 0.8629807692307693 0.0673076923076923 0.08653846153846154
0 0.9735576923076923 0.5600961538461539 0.052884615384615384 0.12980769230769232
0 0.9314903846153846 0.3016826923076923 0.0625 0.0889423076923077
0 0.14302884615384615 0.15985576923076922 0.06490384615384616 0.08413461538461539