0 0.1814903846153846 0.5024038461538461 0.14423076923076922 0.15144230769230768
0 0.37259615384615385 0.9098557692307693 0.15625 0.15865384615384615
0 0.5456730769230769 0.9699519230769231 0.125 0.06009615384615385
0 0.3641826923076923 0.4807692307692308 0.08413461538461539 0.08173076923076923
0 0.5012019230769231 0.5264423076923077 0.11057692307692307 0.11778846153846154
0 0.44591346153846156 0.19230769230769232 0.1346153846153846 0.14423076923076922
0 0.7536057692307693 0.5576923076923077 0.12980769230769232 0.1346153846153846
0 0.7127403846153846 0.7151442307692307 0.15384615384615385 0.15865384615384615
0 0.9423076923076923 0.5204326923076923 0.11538461538461539 0.13701923076923078
0 0.7319711538461539 0.921875 0.0673076923076923 0.06490384615384616
0 0.33052884615384615 0.43149038461538464 0.09134615384615384 0.09615384615384616