0 0.28365384615384615 0.171875 0.036057692307692304 0.04326923076923077
0 0.296875 0.20673076923076922 0.04807692307692308 0.06490384615384616
0 0.3605769230769231 0.28125 0.07451923076923077 0.06490384615384616
0 0.19591346153846154 0.16466346153846154 0.06971153846153846 0.07451923076923077
0 0.17067307692307693 0.43990384615384615 0.07211538461538461 0.06009615384615385
0 0.2283653846153846 0.5432692307692307 0.0625 0.07932692307692307
0 0.3076923076923077 0.5913461538461539 0.04567307692307692 0.0625
0 0.3557692307692308 0.5649038461538461 0.040865384615384616 0.07451923076923077
0 0.41586538461538464 0.44711538461538464 0.052884615384615384 0.0625
0 0.47596153846153844 0.38461538461538464 0.052884615384615384 0.07211538461538461
0 0.46153846153846156 0.6057692307692307 0.04567307692307692 0.0673076923076923
0 0.39903846153846156 0.6189903846153846 0.05048076923076923 0.052884615384615384
0 0.2776442307692308 0.9002403846153846 0.057692307692307696 0.06490384615384616
0 0.26322115384615385 0.9290865384615384 0.040865384615384616 0.057692307692307696
0 0.4110576923076923 0.8377403846153846 0.052884615384615384 0.07932692307692307
0 0.4987980769230769 0.8966346153846154 0.057692307692307696 0.055288461538461536
0 0.5360576923076923 0.8100961538461539 0.036057692307692304 0.07451923076923077
0 0.5540865384615384 0.6382211538461539 0.040865384615384616 0.0625
0 0.6947115384615384 0.5745192307692307 0.05048076923076923 0.052884615384615384
0 0.6694711538461539 0.4254807692307692 0.055288461538461536 0.07451923076923077
0 0.5865384615384616 0.4206730769230769 0.05048076923076923 0.04807692307692308
0 0.8004807692307693 0.14302884615384615 0.0625 0.07451923076923077
0 0.4423076923076923 0.06610576923076923 0.052884615384615384 0.07692307692307693
0 0.7764423076923077 0.328125 0.05048076923076923 0.07451923076923077
0 0.8137019230769231 0.4411057692307692 0.057692307692307696 0.09375
0 0.796875 0.5673076923076923 0.055288461538461536 0.08173076923076923
0 0.7788461538461539 0.7283653846153846 0.052884615384615384 0.052884615384615384
0 0.7487980769230769 0.7908653846153846 0.052884615384615384 0.055288461538461536
0 0.6814903846153846 0.8004807692307693 0.0625 0.057692307692307696
0 0.7259615384615384 0.8605769230769231 0.04326923076923077 0.04807692307692308
0 0.7115384615384616 0.953125 0.055288461538461536 0.04807692307692308
0 0.8076923076923077 0.8425480769230769 0.04326923076923077 0.0625
0 0.859375 0.8161057692307693 0.03365384615384615 0.07692307692307693
0 0.9170673076923077 0.8449519230769231 0.06490384615384616 0.07451923076923077
0 0.9134615384615384 0.39903846153846156 0.05048076923076923 0.07451923076923077
0 0.9026442307692307 0.5240384615384616 0.036057692307692304 0.055288461538461536
0 0.1778846153846154 0.6129807692307693 0.04567307692307692 0.06009615384615385
0 0.6838942307692307 0.7391826923076923 0.04807692307692308 0.04567307692307692
0 0.2764423076923077 0.054086538461538464 0.08653846153846154 0.06490384615384616