0 0.1201923076923077 0.4579326923076923 0.07211538461538461 0.0829326923076923
0 0.078125 0.6802884615384616 0.056490384615384616 0.08533653846153846
0 0.13581730769230768 0.8485576923076923 0.042067307692307696 0.0829326923076923
0 0.23317307692307693 0.96875 0.042067307692307696 0.054086538461538464
0 0.2776442307692308 0.7776442307692307 0.04927884615384615 0.06129807692307692
0 0.3713942307692308 0.5144230769230769 0.055288461538461536 0.078125
0 0.47115384615384615 0.9627403846153846 0.04326923076923077 0.06971153846153846
0 0.7043269230769231 0.6442307692307693 0.04447115384615385 0.06009615384615385
0 0.75 0.6790865384615384 0.0829326923076923 0.057692307692307696
0 0.7740384615384616 0.7704326923076923 0.04927884615384615 0.046875
0 0.8173076923076923 0.7776442307692307 0.055288461538461536 0.054086538461538464
0 0.8533653846153846 0.8052884615384616 0.06129807692307692 0.039663461538461536
0 0.8918269230769231 0.9663461538461539 0.051682692307692304 0.04927884615384615
0 0.6189903846153846 0.7884615384615384 0.05889423076923077 0.09375
0 0.8713942307692307 0.390625 0.05889423076923077 0.09375