0 0.4182692307692308 0.35096153846153844 0.05048076923076923 0.07692307692307693
0 0.24519230769230768 0.296875 0.036057692307692304 0.06490384615384616
0 0.31490384615384615 0.4519230769230769 0.026442307692307692 0.052884615384615384
0 0.2824519230769231 0.5276442307692307 0.02403846153846154 0.04567307692307692
0 0.18028846153846154 0.6826923076923077 0.040865384615384616 0.052884615384615384
0 0.21634615384615385 0.796875 0.03365384615384615 0.055288461538461536
0 0.23918269230769232 0.7415865384615384 0.02403846153846154 0.04807692307692308
0 0.265625 0.7512019230769231 0.028846153846153848 0.04807692307692308
0 0.3233173076923077 0.7283653846153846 0.021634615384615384 0.040865384615384616
0 0.41346153846153844 0.6790865384615384 0.038461538461538464 0.03365384615384615
0 0.42427884615384615 0.8197115384615384 0.03365384615384615 0.07211538461538461
0 0.46153846153846156 0.7079326923076923 0.03365384615384615 0.057692307692307696
0 0.46274038461538464 0.6274038461538461 0.026442307692307692 0.04326923076923077
0 0.47115384615384615 0.5913461538461539 0.019230769230769232 0.038461538461538464
0 0.4050480769230769 0.5540865384615384 0.04567307692307692 0.055288461538461536
0 0.4639423076923077 0.49278846153846156 0.028846153846153848 0.05048076923076923
0 0.5084134615384616 0.5372596153846154 0.02403846153846154 0.026442307692307692
0 0.484375 0.37740384615384615 0.028846153846153848 0.038461538461538464
0 0.5721153846153846 0.4206730769230769 0.040865384615384616 0.04326923076923077
0 0.5721153846153846 0.5048076923076923 0.03365384615384615 0.019230769230769232
0 0.6033653846153846 0.5540865384615384 0.038461538461538464 0.038461538461538464
0 0.5925480769230769 0.6009615384615384 0.038461538461538464 0.02403846153846154
0 0.6225961538461539 0.6610576923076923 0.040865384615384616 0.05048076923076923
0 0.5841346153846154 0.6959134615384616 0.02403846153846154 0.036057692307692304
0 0.5901442307692307 0.7319711538461539 0.03365384615384615 0.036057692307692304
0 0.5420673076923077 0.7403846153846154 0.038461538461538464 0.03125
0 0.5600961538461539 0.7632211538461539 0.038461538461538464 0.040865384615384616
0 0.5132211538461539 0.7920673076923077 0.04807692307692308 0.03365384615384615
0 0.5649038461538461 0.8293269230769231 0.038461538461538464 0.0673076923076923
0 0.7151442307692307 0.609375 0.026442307692307692 0.04807692307692308
0 0.7199519230769231 0.5733173076923077 0.026442307692307692 0.036057692307692304
0 0.8725961538461539 0.42908653846153844 0.026442307692307692 0.036057692307692304
0 0.8545673076923077 0.4338942307692308 0.02403846153846154 0.04326923076923077
0 0.8353365384615384 0.3425480769230769 0.03125 0.05048076923076923
0 0.8173076923076923 0.3545673076923077 0.03125 0.036057692307692304
0 0.8016826923076923 0.2980769230769231 0.036057692307692304 0.038461538461538464
0 0.8557692307692307 0.31009615384615385 0.026442307692307692 0.036057692307692304
0 0.7608173076923077 0.3713942307692308 0.02403846153846154 0.03365384615384615
0 0.7427884615384616 0.4206730769230769 0.04326923076923077 0.04567307692307692
0 0.78125 0.421875 0.026442307692307692 0.036057692307692304
0 0.7127403846153846 0.4387019230769231 0.028846153846153848 0.04326923076923077
0 0.6959134615384616 0.33653846153846156 0.03125 0.052884615384615384
0 0.6442307692307693 0.3545673076923077 0.026442307692307692 0.038461538461538464
0 0.5997596153846154 0.32091346153846156 0.028846153846153848 0.04807692307692308
0 0.5805288461538461 0.2920673076923077 0.026442307692307692 0.04567307692307692
0 0.6189903846153846 0.33774038461538464 0.019230769230769232 0.040865384615384616
0 0.7848557692307693 0.46875 0.03365384615384615 0.04567307692307692
0 0.8918269230769231 0.5228365384615384 0.03365384615384615 0.04567307692307692
0 0.7896634615384616 0.5432692307692307 0.03365384615384615 0.038461538461538464
0 0.8112980769230769 0.5733173076923077 0.026442307692307692 0.028846153846153848
0 0.8112980769230769 0.6081730769230769 0.03125 0.038461538461538464
0 0.7608173076923077 0.5877403846153846 0.028846153846153848 0.04326923076923077
0 0.7584134615384616 0.6165865384615384 0.03365384615384615 0.040865384615384616
0 0.7608173076923077 0.6790865384615384 0.038461538461538464 0.052884615384615384
0 0.7572115384615384 0.7427884615384616 0.04326923076923077 0.036057692307692304
0 0.7980769230769231 0.8052884615384616 0.019230769230769232 0.038461538461538464
0 0.8137019230769231 0.8052884615384616 0.03125 0.04807692307692308
0 0.9014423076923077 0.8233173076923077 0.05048076923076923 0.04567307692307692
0 0.9014423076923077 0.7956730769230769 0.03365384615384615 0.038461538461538464
0 0.8125 0.7139423076923077 0.036057692307692304 0.052884615384615384
0 0.14182692307692307 0.7524038461538461 0.04567307692307692 0.040865384615384616