0 0.11538461538461539 0.44350961538461536 0.08653846153846154 0.09615384615384616
0 0.04567307692307692 0.6754807692307693 0.06971153846153846 0.0985576923076923
0 0.0889423076923077 0.8629807692307693 0.055288461538461536 0.09375
0 0.24879807692307693 0.8016826923076923 0.057692307692307696 0.07211538461538461
0 0.3786057692307692 0.5324519230769231 0.0673076923076923 0.0889423076923077
0 0.71875 0.7079326923076923 0.055288461538461536 0.06971153846153846
0 0.7620192307692307 0.75 0.09615384615384616 0.07211538461538461
0 0.7776442307692307 0.8509615384615384 0.057692307692307696 0.055288461538461536
0 0.8233173076923077 0.8629807692307693 0.06490384615384616 0.06490384615384616
0 0.8581730769230769 0.8966346153846154 0.06971153846153846 0.05048076923076923
0 0.6105769230769231 0.8521634615384616 0.07211538461538461 0.10576923076923077
0 0.9242788461538461 0.4567307692307692 0.07211538461538461 0.10576923076923077