0 0.21995192307692307 0.43509615384615385 0.09615384615384616 0.13942307692307693
0 0.0625 0.43028846153846156 0.07932692307692307 0.08413461538461539
0 0.18389423076923078 0.1045673076923077 0.10096153846153846 0.10817307692307693
0 0.2980769230769231 0.0673076923076923 0.10817307692307693 0.07932692307692307
0 0.5685096153846154 0.056490384615384616 0.07451923076923077 0.10096153846153846
0 0.7584134615384616 0.12980769230769232 0.07211538461538461 0.09615384615384616
0 0.6658653846153846 0.48677884615384615 0.06971153846153846 0.08413461538461539
0 0.6478365384615384 0.6165865384615384 0.10336538461538461 0.11057692307692307
0 0.6598557692307693 0.7331730769230769 0.08653846153846154 0.10576923076923077
0 0.6947115384615384 0.9002403846153846 0.0889423076923077 0.10336538461538461
0 0.5492788461538461 0.6550480769230769 0.10336538461538461 0.14903846153846154
0 0.4326923076923077 0.28365384615384615 0.1201923076923077 0.16346153846153846
0 0.5997596153846154 0.24759615384615385 0.09134615384615384 0.12980769230769232
0 0.7752403846153846 0.4879807692307692 0.10096153846153846 0.125
0 0.84375 0.5985576923076923 0.07451923076923077 0.09615384615384616
0 0.7692307692307693 0.6538461538461539 0.07932692307692307 0.12980769230769232
0 0.953125 0.6201923076923077 0.09375 0.1201923076923077
0 0.29447115384615385 0.7379807692307693 0.06009615384615385 0.08173076923076923
0 0.28125 0.8798076923076923 0.0889423076923077 0.0625
0 0.10216346153846154 0.8221153846153846 0.10817307692307693 0.125