0 0.1658653846153846 0.41346153846153844 0.11057692307692307 0.13701923076923078
0 0.019230769230769232 0.33413461538461536 0.038461538461538464 0.1201923076923077
0 0.2956730769230769 0.4110576923076923 0.10336538461538461 0.13221153846153846
0 0.3293269230769231 0.3425480769230769 0.08173076923076923 0.10576923076923077
0 0.4326923076923077 0.3581730769230769 0.0889423076923077 0.11298076923076923
0 0.5216346153846154 0.3004807692307692 0.08653846153846154 0.0985576923076923
0 0.3401442307692308 0.040865384615384616 0.07451923076923077 0.06490384615384616
0 0.5108173076923077 0.028846153846153848 0.12259615384615384 0.057692307692307696
0 0.9314903846153846 0.28125 0.06009615384615385 0.07451923076923077
0 0.8425480769230769 0.2704326923076923 0.1971153846153846 0.18990384615384615
0 0.9627403846153846 0.36778846153846156 0.07451923076923077 0.1201923076923077
0 0.84375 0.6225961538461539 0.13942307692307693 0.13701923076923078
0 0.6646634615384616 0.6225961538461539 0.14182692307692307 0.16105769230769232
0 0.5348557692307693 0.7920673076923077 0.11298076923076923 0.11057692307692307
0 0.5540865384615384 0.8581730769230769 0.0985576923076923 0.0985576923076923
0 0.8052884615384616 0.09134615384615384 0.12259615384615384 0.1466346153846154
0 0.6634615384615384 0.2668269230769231 0.09375 0.125
0 0.8161057692307693 0.49158653846153844 0.08653846153846154 0.10336538461538461
0 0.13942307692307693 0.5276442307692307 0.10096153846153846 0.11538461538461539
0 0.2956730769230769 0.14302884615384615 0.12740384615384615 0.15865384615384615