0 0.109375 0.6262019230769231 0.08413461538461539 0.08653846153846154
0 0.15144230769230768 0.8341346153846154 0.06490384615384616 0.06490384615384616
0 0.19951923076923078 0.7956730769230769 0.06009615384615385 0.06490384615384616
0 0.3317307692307692 0.9387019230769231 0.06490384615384616 0.07211538461538461
0 0.33653846153846156 0.9891826923076923 0.0673076923076923 0.021634615384615384
0 0.25721153846153844 0.9807692307692307 0.057692307692307696 0.038461538461538464
0 0.5228365384615384 0.9663461538461539 0.07451923076923077 0.0673076923076923
0 0.49759615384615385 0.8918269230769231 0.055288461538461536 0.06009615384615385
0 0.4375 0.8557692307692307 0.057692307692307696 0.057692307692307696
0 0.4182692307692308 0.8064903846153846 0.04567307692307692 0.04807692307692308
0 0.27403846153846156 0.7800480769230769 0.06009615384615385 0.0673076923076923
0 0.3605769230769231 0.6658653846153846 0.0625 0.0625
0 0.28125 0.5649038461538461 0.07932692307692307 0.07932692307692307
0 0.21875 0.6021634615384616 0.0625 0.06490384615384616
0 0.4074519230769231 0.5288461538461539 0.06009615384615385 0.0625
0 0.4375 0.6286057692307693 0.06009615384615385 0.0625
0 0.484375 0.7668269230769231 0.052884615384615384 0.055288461538461536
0 0.484375 0.8173076923076923 0.0673076923076923 0.0673076923076923
0 0.5372596153846154 0.7391826923076923 0.057692307692307696 0.057692307692307696
0 0.5733173076923077 0.7944711538461539 0.057692307692307696 0.06009615384615385
0 0.5456730769230769 0.8461538461538461 0.0625 0.06009615384615385
0 0.6346153846153846 0.7944711538461539 0.07451923076923077 0.07692307692307693
0 0.6959134615384616 0.859375 0.07451923076923077 0.07451923076923077
0 0.6911057692307693 0.7007211538461539 0.055288461538461536 0.057692307692307696
0 0.5012019230769231 0.5492788461538461 0.057692307692307696 0.0625
0 0.45072115384615385 0.43509615384615385 0.05048076923076923 0.05048076923076923
0 0.39783653846153844 0.2548076923076923 0.0625 0.0673076923076923
0 0.25721153846153844 0.3137019230769231 0.08413461538461539 0.07932692307692307
0 0.6262019230769231 0.31490384615384615 0.08173076923076923 0.08653846153846154
0 0.6141826923076923 0.45552884615384615 0.07451923076923077 0.07932692307692307
0 0.6838942307692307 0.5973557692307693 0.06009615384615385 0.06490384615384616
0 0.7439903846153846 0.5949519230769231 0.08653846153846154 0.0889423076923077
0 0.7692307692307693 0.6454326923076923 0.05048076923076923 0.052884615384615384
0 0.8040865384615384 0.7055288461538461 0.052884615384615384 0.05048076923076923
0 0.8185096153846154 0.7211538461538461 0.052884615384615384 0.05048076923076923
0 0.7716346153846154 0.43028846153846156 0.0673076923076923 0.07211538461538461
0 0.8353365384615384 0.46153846153846156 0.0673076923076923 0.0673076923076923
0 0.8341346153846154 0.5540865384615384 0.0673076923076923 0.06971153846153846
0 0.9074519230769231 0.5733173076923077 0.0625 0.0673076923076923
0 0.9927884615384616 0.5528846153846154 0.014423076923076924 0.052884615384615384
0 0.8317307692307693 0.3016826923076923 0.05048076923076923 0.055288461538461536
0 0.8028846153846154 0.3449519230769231 0.05048076923076923 0.052884615384615384
0 0.7884615384615384 0.3954326923076923 0.06009615384615385 0.06009615384615385
0 0.6466346153846154 0.203125 0.057692307692307696 0.057692307692307696
0 0.6117788461538461 0.203125 0.052884615384615384 0.06009615384615385
0 0.37740384615384615 0.8016826923076923 0.11298076923076923 0.12259615384615384
0 0.7512019230769231 0.23798076923076922 0.05048076923076923 0.04807692307692308
0 0.7211538461538461 0.23557692307692307 0.040865384615384616 0.04326923076923077
0 0.6947115384615384 0.2536057692307692 0.04807692307692308 0.04567307692307692
0 0.3161057692307692 0.4519230769230769 0.06971153846153846 0.07451923076923077