0 0.15264423076923078 0.16105769230769232 0.057692307692307696 0.057692307692307696
0 0.021634615384615384 0.38341346153846156 0.04326923076923077 0.05048076923076923
0 0.025240384615384616 0.4387019230769231 0.05048076923076923 0.06490384615384616
0 0.19471153846153846 0.3016826923076923 0.055288461538461536 0.07932692307692307
0 0.2668269230769231 0.3870192307692308 0.0625 0.07451923076923077
0 0.3293269230769231 0.4230769230769231 0.055288461538461536 0.0625
0 0.4495192307692308 0.40384615384615385 0.05048076923076923 0.06490384615384616
0 0.43149038461538464 0.5132211538461539 0.05048076923076923 0.04567307692307692
0 0.18629807692307693 0.6574519230769231 0.040865384615384616 0.04807692307692308
0 0.1502403846153846 0.703125 0.06490384615384616 0.0625
0 0.14783653846153846 0.7776442307692307 0.04567307692307692 0.06009615384615385
0 0.09134615384615384 0.8425480769230769 0.06490384615384616 0.06490384615384616
0 0.21394230769230768 0.8088942307692307 0.038461538461538464 0.05048076923076923
0 0.2956730769230769 0.7475961538461539 0.052884615384615384 0.04807692307692308
0 0.2668269230769231 0.8088942307692307 0.052884615384615384 0.0673076923076923
0 0.30408653846153844 0.8509615384615384 0.06971153846153846 0.06490384615384616
0 0.45913461538461536 0.6141826923076923 0.057692307692307696 0.07932692307692307
0 0.5360576923076923 0.5180288461538461 0.057692307692307696 0.08413461538461539
0 0.6742788461538461 0.375 0.07211538461538461 0.07451923076923077
0 0.5504807692307693 0.2800480769230769 0.0673076923076923 0.08653846153846154
0 0.8209134615384616 0.5408653846153846 0.05048076923076923 0.06490384615384616
0 0.7331730769230769 0.6129807692307693 0.055288461538461536 0.07451923076923077
0 0.8221153846153846 0.6382211538461539 0.04807692307692308 0.05048076923076923
0 0.8413461538461539 0.5685096153846154 0.07211538461538461 0.07451923076923077
0 0.8425480769230769 0.6586538461538461 0.055288461538461536 0.0625
0 0.8605769230769231 0.6887019230769231 0.06009615384615385 0.055288461538461536
0 0.8473557692307693 0.7836538461538461 0.055288461538461536 0.06490384615384616
0 0.7884615384615384 0.7764423076923077 0.057692307692307696 0.06971153846153846
0 0.7367788461538461 0.7860576923076923 0.052884615384615384 0.0625
0 0.6899038461538461 0.8004807692307693 0.07451923076923077 0.07451923076923077
0 0.7079326923076923 0.8725961538461539 0.0673076923076923 0.05048076923076923
0 0.6129807692307693 0.9086538461538461 0.07211538461538461 0.08173076923076923
0 0.5084134615384616 0.8894230769230769 0.055288461538461536 0.0625
0 0.4675480769230769 0.9567307692307693 0.06490384615384616 0.0673076923076923
0 0.45072115384615385 0.9819711538461539 0.06009615384615385 0.036057692307692304
0 0.6322115384615384 0.9819711538461539 0.04326923076923077 0.036057692307692304
0 0.6430288461538461 0.9927884615384616 0.06490384615384616 0.014423076923076924
0 0.734375 0.9795673076923077 0.06009615384615385 0.040865384615384616
0 0.19831730769230768 0.7319711538461539 0.055288461538461536 0.0625
0 0.24639423076923078 0.703125 0.052884615384615384 0.06971153846153846
0 0.30408653846153844 0.036057692307692304 0.06490384615384616 0.07211538461538461