0 0.15504807692307693 0.14543269230769232 0.08653846153846154 0.11538461538461539
0 0.1466346153846154 0.4795673076923077 0.09134615384615384 0.08653846153846154
0 0.020432692307692308 0.5985576923076923 0.038461538461538464 0.07451923076923077
0 0.15985576923076922 0.7067307692307693 0.07932692307692307 0.0985576923076923
0 0.4230769230769231 0.6189903846153846 0.055288461538461536 0.07451923076923077
0 0.4338942307692308 0.921875 0.0889423076923077 0.09375
0 0.7139423076923077 0.9314903846153846 0.10096153846153846 0.08173076923076923
0 0.9651442307692307 0.8870192307692307 0.06971153846153846 0.04807692307692308
0 0.7980769230769231 0.7752403846153846 0.07692307692307693 0.08653846153846154
0 0.7043269230769231 0.7055288461538461 0.07692307692307693 0.09134615384615384
0 0.7451923076923077 0.6201923076923077 0.06490384615384616 0.08173076923076923
0 0.5288461538461539 0.38221153846153844 0.07932692307692307 0.14903846153846154
0 0.5637019230769231 0.18269230769230768 0.07211538461538461 0.10817307692307693
0 0.6213942307692307 0.22115384615384615 0.10336538461538461 0.08653846153846154
0 0.6875 0.3329326923076923 0.0673076923076923 0.0889423076923077
0 0.7475961538461539 0.3329326923076923 0.07451923076923077 0.09134615384615384
0 0.7860576923076923 0.3389423076923077 0.06971153846153846 0.052884615384615384
0 0.8834134615384616 0.5 0.07451923076923077 0.08653846153846154
0 0.8149038461538461 0.5661057692307693 0.08413461538461539 0.08413461538461539
0 0.53125 0.9519230769230769 0.10096153846153846 0.09615384615384616