0 0.26322115384615385 0.07091346153846154 0.04927884615384615 0.0829326923076923
0 0.04447115384615385 0.3401442307692308 0.05889423076923077 0.09134615384615384
0 0.10096153846153846 0.4170673076923077 0.07211538461538461 0.10697115384615384
0 0.20552884615384615 0.4230769230769231 0.04326923076923077 0.10096153846153846
0 0.06971153846153846 0.78125 0.0889423076923077 0.09014423076923077
0 0.19471153846153846 0.8942307692307693 0.06129807692307692 0.07451923076923077
0 0.26802884615384615 0.7680288461538461 0.03485576923076923 0.09134615384615384
0 0.3389423076923077 0.4795673076923077 0.04927884615384615 0.11899038461538461
0 0.4338942307692308 0.1658653846153846 0.05889423076923077 0.07211538461538461
0 0.5661057692307693 0.18509615384615385 0.07211538461538461 0.09735576923076923
0 0.7788461538461539 0.24278846153846154 0.07211538461538461 0.10817307692307693
0 0.7427884615384616 0.04447115384615385 0.06370192307692307 0.0829326923076923
0 0.9423076923076923 0.1658653846153846 0.06971153846153846 0.10216346153846154
0 0.9158653846153846 0.3737980769230769 0.054086538461538464 0.08052884615384616
0 0.7403846153846154 0.42427884615384615 0.06490384615384616 0.08173076923076923
0 0.5745192307692307 0.41466346153846156 0.06490384615384616 0.07091346153846154
0 0.5420673076923077 0.6586538461538461 0.052884615384615384 0.08173076923076923
0 0.5264423076923077 0.7644230769230769 0.08774038461538461 0.0829326923076923
0 0.6298076923076923 0.7692307692307693 0.0625 0.078125
0 0.7932692307692307 0.7127403846153846 0.08533653846153846 0.08653846153846154
0 0.8930288461538461 0.8774038461538461 0.08533653846153846 0.0733173076923077
0 0.7055288461538461 0.8774038461538461 0.07932692307692307 0.07572115384615384
0 0.5793269230769231 0.8774038461538461 0.05889423076923077 0.11658653846153846
0 0.8076923076923077 0.8293269230769231 0.04927884615384615 0.09134615384615384
0 0.6899038461538461 0.6790865384615384 0.0673076923076923 0.0889423076923077
0 0.15264423076923078 0.17668269230769232 0.056490384615384616 0.0733173076923077