0 0.40625 0.5913461538461539 0.06971153846153846 0.10576923076923077
0 0.2824519230769231 0.515625 0.10336538461538461 0.13942307692307693
0 0.1658653846153846 0.3605769230769231 0.10336538461538461 0.07692307692307693
0 0.4519230769230769 0.054086538461538464 0.0889423076923077 0.09615384615384616
0 0.6550480769230769 0.21033653846153846 0.07692307692307693 0.12740384615384615
0 0.8497596153846154 0.2824519230769231 0.07932692307692307 0.10817307692307693
0 0.9519230769230769 0.26802884615384615 0.04326923076923077 0.10817307692307693
0 0.8401442307692307 0.6189903846153846 0.07451923076923077 0.13221153846153846
0 0.6742788461538461 0.5973557692307693 0.0985576923076923 0.12740384615384615
0 0.5612980769230769 0.6045673076923077 0.07932692307692307 0.11298076923076923
0 0.47716346153846156 0.5396634615384616 0.057692307692307696 0.10576923076923077
0 0.828125 0.9230769230769231 0.052884615384615384 0.05048076923076923
0 0.6225961538461539 0.9711538461538461 0.052884615384615384 0.036057692307692304
0 0.5600961538461539 0.3389423076923077 0.07932692307692307 0.08413461538461539
0 0.19951923076923078 0.6346153846153846 0.0673076923076923 0.08173076923076923