0 0.35216346153846156 0.5540865384615384 0.06370192307692307 0.12379807692307693
0 0.29447115384615385 0.8209134615384616 0.05889423076923077 0.05889423076923077
0 0.17067307692307693 0.8798076923076923 0.06009615384615385 0.09615384615384616
0 0.09254807692307693 0.7463942307692307 0.056490384615384616 0.07692307692307693
0 0.1045673076923077 0.5324519230769231 0.0889423076923077 0.10817307692307693
0 0.6754807692307693 0.6730769230769231 0.04927884615384615 0.05889423076923077
0 0.7259615384615384 0.6814903846153846 0.06009615384615385 0.08653846153846154
0 0.7620192307692307 0.7908653846153846 0.04447115384615385 0.040865384615384616
0 0.796875 0.7920673076923077 0.052884615384615384 0.0625
0 0.8425480769230769 0.8064903846153846 0.055288461538461536 0.06490384615384616
0 0.8882211538461539 0.9567307692307693 0.039663461538461536 0.06490384615384616
0 0.5036057692307693 0.9699519230769231 0.052884615384615384 0.057692307692307696
0 0.6201923076923077 0.8197115384615384 0.051682692307692304 0.09375
0 0.8173076923076923 0.43509615384615385 0.05048076923076923 0.09615384615384616