0 0.26802884615384615 0.36899038461538464 0.0673076923076923 0.11778846153846154
0 0.125 0.33533653846153844 0.0625 0.0673076923076923
0 0.025240384615384616 0.34975961538461536 0.038461538461538464 0.08653846153846154
0 0.29927884615384615 0.05889423076923077 0.07692307692307693 0.09134615384615384
0 0.4098557692307692 0.04927884615384615 0.09014423076923077 0.056490384615384616
0 0.6586538461538461 0.09134615384615384 0.052884615384615384 0.08413461538461539
0 0.8185096153846154 0.19471153846153846 0.052884615384615384 0.08052884615384616
0 0.6646634615384616 0.5024038461538461 0.052884615384615384 0.0673076923076923
0 0.6225961538461539 0.6165865384615384 0.07932692307692307 0.08653846153846154
0 0.6117788461538461 0.7259615384615384 0.06370192307692307 0.08533653846153846
0 0.6105769230769231 0.8858173076923077 0.0673076923076923 0.08413461538461539
0 0.5252403846153846 0.6334134615384616 0.07091346153846154 0.12740384615384615
0 0.49158653846153844 0.27283653846153844 0.08533653846153846 0.13822115384615385
0 0.6502403846153846 0.27283653846153844 0.0625 0.11057692307692307
0 0.7632211538461539 0.5252403846153846 0.0733173076923077 0.1045673076923077
0 0.8052884615384616 0.6394230769230769 0.054086538461538464 0.08052884615384616
0 0.7259615384615384 0.6754807692307693 0.052884615384615384 0.11177884615384616
0 0.9146634615384616 0.6838942307692307 0.09975961538461539 0.09375
0 0.2776442307692308 0.6586538461538461 0.04326923076923077 0.06850961538461539
0 0.23798076923076922 0.7860576923076923 0.07572115384615384 0.042067307692307696
0 0.08533653846153846 0.6995192307692307 0.08052884615384616 0.10096153846153846
0 0.03245192307692308 0.11778846153846154 0.05889423076923077 0.10096153846153846