0 0.43509615384615385 0.3473557692307692 0.0733173076923077 0.09735576923076923
0 0.32572115384615385 0.2620192307692308 0.07091346153846154 0.051682692307692304
0 0.25721153846153844 0.3425480769230769 0.04927884615384615 0.0829326923076923
0 0.18389423076923078 0.6009615384615384 0.04326923076923077 0.10096153846153846
0 0.32211538461538464 0.6778846153846154 0.07211538461538461 0.09254807692307693
0 0.42788461538461536 0.6826923076923077 0.08173076923076923 0.09134615384615384
0 0.5060096153846154 0.7572115384615384 0.040865384615384616 0.10336538461538461
0 0.5757211538461539 0.7512019230769231 0.06490384615384616 0.12620192307692307
0 0.7007211538461539 0.8341346153846154 0.05889423076923077 0.10817307692307693
0 0.6358173076923077 0.2824519230769231 0.07451923076923077 0.056490384615384616
0 0.6574519230769231 0.24759615384615385 0.037259615384615384 0.06370192307692307
0 0.6706730769230769 0.125 0.04807692307692308 0.07932692307692307
0 0.5889423076923077 0.12379807692307693 0.06490384615384616 0.08173076923076923
0 0.040865384615384616 0.35336538461538464 0.08173076923076923 0.07932692307692307
0 0.02403846153846154 0.27403846153846156 0.04326923076923077 0.06370192307692307
0 0.06850961538461539 0.171875 0.052884615384615384 0.06490384615384616
0 0.7896634615384616 0.7127403846153846 0.06490384615384616 0.13341346153846154
0 0.3701923076923077 0.9555288461538461 0.07091346153846154 0.07211538461538461
0 0.019230769230769232 0.4362980769230769 0.037259615384615384 0.052884615384615384
0 0.046875 0.9615384615384616 0.09375 0.0673076923076923