0 0.3762019230769231 0.2439903846153846 0.11538461538461539 0.11538461538461539
0 0.5048076923076923 0.2800480769230769 0.09375 0.09615384615384616
0 0.515625 0.15985576923076922 0.09375 0.0985576923076923
0 0.5769230769230769 0.02283653846153846 0.11538461538461539 0.04567307692307692
0 0.19471153846153846 0.23557692307692307 0.10817307692307693 0.11057692307692307
0 0.25841346153846156 0.36658653846153844 0.10576923076923077 0.11057692307692307
0 0.21995192307692307 0.4423076923076923 0.0985576923076923 0.10096153846153846
0 0.09495192307692307 0.5384615384615384 0.09615384615384616 0.09615384615384616
0 0.2512019230769231 0.703125 0.09134615384615384 0.09615384615384616
0 0.2608173076923077 0.7572115384615384 0.07932692307692307 0.08173076923076923
0 0.17067307692307693 0.8161057692307693 0.07451923076923077 0.07451923076923077
0 0.22355769230769232 0.8930288461538461 0.08653846153846154 0.09134615384615384
0 0.6105769230769231 0.8894230769230769 0.09615384615384616 0.09615384615384616
0 0.640625 0.9146634615384616 0.08653846153846154 0.08413461538461539
0 0.609375 0.734375 0.09134615384615384 0.09375
0 0.7355769230769231 0.6598557692307693 0.06971153846153846 0.06971153846153846
0 0.6586538461538461 0.6069711538461539 0.07451923076923077 0.07451923076923077
0 0.7884615384615384 0.8786057692307693 0.07211538461538461 0.07211538461538461
0 0.4483173076923077 0.5288461538461539 0.09615384615384616 0.0985576923076923
0 0.3581730769230769 0.6201923076923077 0.08173076923076923 0.08173076923076923
0 0.33533653846153844 0.6766826923076923 0.07692307692307693 0.07932692307692307
0 0.45552884615384615 0.3737980769230769 0.08413461538461539 0.08653846153846154
0 0.6466346153846154 0.4338942307692308 0.07451923076923077 0.07692307692307693
0 0.7175480769230769 0.4543269230769231 0.09615384615384616 0.0985576923076923
0 0.6802884615384616 0.33052884615384615 0.07211538461538461 0.07451923076923077
0 0.7487980769230769 0.38221153846153844 0.08653846153846154 0.08653846153846154
0 0.8221153846153846 0.43028846153846156 0.08413461538461539 0.08653846153846154
0 0.9423076923076923 0.4675480769230769 0.07211538461538461 0.07451923076923077
0 0.8509615384615384 0.34615384615384615 0.07692307692307693 0.08173076923076923
0 0.7403846153846154 0.27524038461538464 0.10096153846153846 0.10336538461538461
0 0.8449519230769231 0.28725961538461536 0.06971153846153846 0.07211538461538461
0 0.890625 0.23197115384615385 0.11057692307692307 0.11538461538461539
0 0.15144230769230768 0.625 0.07932692307692307 0.08173076923076923
0 0.34975961538461536 0.11298076923076923 0.08653846153846154 0.09134615384615384