0 0.4579326923076923 0.052884615384615384 0.09615384615384616 0.10576923076923077
0 0.7355769230769231 0.09495192307692307 0.0673076923076923 0.0985576923076923
0 0.4170673076923077 0.2932692307692308 0.07692307692307693 0.10336538461538461
0 0.6526442307692307 0.41225961538461536 0.0625 0.10576923076923077
0 0.47716346153846156 0.5012019230769231 0.06009615384615385 0.07692307692307693
0 0.625 0.6610576923076923 0.0625 0.11538461538461539
0 0.921875 0.6225961538461539 0.07451923076923077 0.11057692307692307
0 0.2283653846153846 0.44471153846153844 0.08173076923076923 0.10576923076923077
0 0.0889423076923077 0.4266826923076923 0.09134615384615384 0.07451923076923077
0 0.22716346153846154 0.7043269230769231 0.07692307692307693 0.10576923076923077
0 0.9362980769230769 0.9663461538461539 0.07692307692307693 0.0673076923076923
0 0.4206730769230769 0.7175480769230769 0.07211538461538461 0.1201923076923077