0 0.2608173076923077 0.12860576923076922 0.06490384615384616 0.10336538461538461
0 0.1658653846153846 0.4423076923076923 0.07692307692307693 0.07451923076923077
0 0.014423076923076924 0.5228365384615384 0.028846153846153848 0.06971153846153846
0 0.12139423076923077 0.6610576923076923 0.0625 0.08653846153846154
0 0.39302884615384615 0.6454326923076923 0.04326923076923077 0.0673076923076923
0 0.32572115384615385 0.9350961538461539 0.07451923076923077 0.07932692307692307
0 0.7091346153846154 0.8882211538461539 0.06490384615384616 0.07451923076923077
0 0.6358173076923077 0.7980769230769231 0.0625 0.08173076923076923
0 0.6971153846153846 0.7283653846153846 0.052884615384615384 0.07211538461538461
0 0.5540865384615384 0.4495192307692308 0.052884615384615384 0.14182692307692307
0 0.6370192307692307 0.2692307692307692 0.052884615384615384 0.0985576923076923
0 0.6826923076923077 0.31971153846153844 0.09134615384615384 0.06971153846153846
0 0.7163461538461539 0.4411057692307692 0.052884615384615384 0.07932692307692307
0 0.7716346153846154 0.4567307692307692 0.06009615384615385 0.07932692307692307
0 0.8076923076923077 0.4723557692307692 0.0625 0.04326923076923077
0 0.859375 0.6502403846153846 0.06009615384615385 0.07451923076923077
0 0.7764423076923077 0.6947115384615384 0.06971153846153846 0.06971153846153846
0 0.40865384615384615 0.9735576923076923 0.08173076923076923 0.05048076923076923