0 0.17548076923076922 0.13581730769230768 0.0625 0.09254807692307693
0 0.04447115384615385 0.4579326923076923 0.06971153846153846 0.11177884615384616
0 0.25721153846153844 0.6682692307692307 0.05048076923076923 0.0985576923076923
0 0.44591346153846156 0.4891826923076923 0.05889423076923077 0.07572115384615384
0 0.5552884615384616 0.31850961538461536 0.04447115384615385 0.08052884615384616
0 0.6045673076923077 0.3581730769230769 0.08653846153846154 0.0733173076923077
0 0.6165865384615384 0.4807692307692308 0.06370192307692307 0.07692307692307693
0 0.6658653846153846 0.49038461538461536 0.0625 0.051682692307692304
0 0.7067307692307693 0.5240384615384616 0.06850961538461539 0.056490384615384616
0 0.7283653846153846 0.7007211538461539 0.04927884615384615 0.07932692307692307
0 0.6382211538461539 0.7451923076923077 0.07451923076923077 0.11658653846153846
0 0.5540865384615384 0.7896634615384616 0.052884615384615384 0.0829326923076923
0 0.49038461538461536 0.8329326923076923 0.07211538461538461 0.08653846153846154
0 0.5372596153846154 0.9399038461538461 0.08653846153846154 0.039663461538461536
0 0.1502403846153846 0.9675480769230769 0.07451923076923077 0.04447115384615385