0 0.4951923076923077 0.3581730769230769 0.040865384615384616 0.09375
0 0.5721153846153846 0.2512019230769231 0.052884615384615384 0.0625
0 0.5300480769230769 0.21754807692307693 0.040865384615384616 0.07692307692307693
0 0.6033653846153846 0.3317307692307692 0.057692307692307696 0.0673076923076923
0 0.6502403846153846 0.3425480769230769 0.057692307692307696 0.05048076923076923
0 0.6742788461538461 0.3641826923076923 0.057692307692307696 0.036057692307692304
0 0.7163461538461539 0.4855769230769231 0.038461538461538464 0.057692307692307696
0 0.6586538461538461 0.515625 0.04567307692307692 0.0625
0 0.6105769230769231 0.546875 0.04807692307692308 0.04326923076923077
0 0.5649038461538461 0.578125 0.0625 0.0673076923076923
0 0.6165865384615384 0.65625 0.0625 0.052884615384615384
0 0.5420673076923077 0.7536057692307693 0.0625 0.0625
0 0.6165865384615384 0.8233173076923077 0.038461538461538464 0.07692307692307693
0 0.6490384615384616 0.8557692307692307 0.057692307692307696 0.07692307692307693
0 0.7235576923076923 0.7776442307692307 0.04326923076923077 0.04326923076923077
0 0.7572115384615384 0.7956730769230769 0.0625 0.052884615384615384
0 0.7512019230769231 0.8774038461538461 0.04807692307692308 0.05048076923076923
0 0.4170673076923077 0.8930288461538461 0.0625 0.04807692307692308
0 0.4254807692307692 0.9350961538461539 0.057692307692307696 0.036057692307692304
0 0.36177884615384615 0.7067307692307693 0.07211538461538461 0.08653846153846154
0 0.28966346153846156 0.8221153846153846 0.04567307692307692 0.057692307692307696
0 0.15865384615384615 0.8701923076923077 0.07692307692307693 0.06490384615384616
0 0.19471153846153846 0.9699519230769231 0.05048076923076923 0.057692307692307696
0 0.0985576923076923 0.8377403846153846 0.04807692307692308 0.07211538461538461
0 0.039663461538461536 0.8701923076923077 0.052884615384615384 0.07692307692307693
0 0.02283653846153846 0.7283653846153846 0.04326923076923077 0.08653846153846154
0 0.09375 0.75 0.04807692307692308 0.06009615384615385
0 0.06850961538461539 0.5600961538461539 0.040865384615384616 0.07692307692307693
0 0.09735576923076923 0.421875 0.052884615384615384 0.06971153846153846
0 0.19110576923076922 0.5288461538461539 0.04567307692307692 0.07692307692307693
0 0.21153846153846154 0.3629807692307692 0.0673076923076923 0.10576923076923077
0 0.2512019230769231 0.12980769230769232 0.06971153846153846 0.07692307692307693
0 0.04326923076923077 0.28966346153846156 0.052884615384615384 0.0985576923076923
0 0.04807692307692308 0.09134615384615384 0.08173076923076923 0.08653846153846154
0 0.4170673076923077 0.7403846153846154 0.0625 0.07211538461538461
0 0.41586538461538464 0.8040865384615384 0.04807692307692308 0.07211538461538461
0 0.3798076923076923 0.4879807692307692 0.038461538461538464 0.07211538461538461