0 0.2704326923076923 0.21754807692307693 0.06490384615384616 0.09254807692307693
0 0.4230769230769231 0.24158653846153846 0.04927884615384615 0.057692307692307696
0 0.4387019230769231 0.2956730769230769 0.06610576923076923 0.06971153846153846
0 0.6610576923076923 0.08413461538461539 0.07451923076923077 0.0985576923076923
0 0.5432692307692307 0.4050480769230769 0.057692307692307696 0.06490384615384616
0 0.2644230769230769 0.6382211538461539 0.07692307692307693 0.07572115384615384
0 0.359375 0.7740384615384616 0.051682692307692304 0.09134615384615384
0 0.47596153846153844 0.8629807692307693 0.06850961538461539 0.10697115384615384
0 0.5444711538461539 0.8137019230769231 0.042067307692307696 0.09134615384615384
0 0.6274038461538461 0.6466346153846154 0.055288461538461536 0.11177884615384616
0 0.7175480769230769 0.5564903846153846 0.05048076923076923 0.09615384615384616
0 0.8762019230769231 0.625 0.08653846153846154 0.1045673076923077
0 0.984375 0.6310096153846154 0.02283653846153846 0.07692307692307693
0 0.8677884615384616 0.9399038461538461 0.046875 0.1141826923076923
0 0.7259615384615384 0.8918269230769231 0.06129807692307692 0.09495192307692307
0 0.6262019230769231 0.9074519230769231 0.0673076923076923 0.11057692307692307
0 0.28725961538461536 0.8798076923076923 0.05889423076923077 0.07692307692307693
0 0.39302884615384615 0.054086538461538464 0.09014423076923077 0.08653846153846154