0 0.47836538461538464 0.03245192307692308 0.11538461538461539 0.06490384615384616
0 0.5144230769230769 0.13341346153846154 0.08653846153846154 0.09134615384615384
0 0.6045673076923077 0.14302884615384615 0.09615384615384616 0.11298076923076923
0 0.6033653846153846 0.2536057692307692 0.08413461538461539 0.0889423076923077
0 0.6850961538461539 0.31850961538461536 0.0985576923076923 0.10576923076923077
0 0.75 0.45552884615384615 0.10817307692307693 0.12259615384615384
0 0.8317307692307693 0.8257211538461539 0.0985576923076923 0.10576923076923077
0 0.7319711538461539 0.8882211538461539 0.0985576923076923 0.11298076923076923
0 0.7439903846153846 0.7692307692307693 0.11298076923076923 0.11538461538461539
0 0.8112980769230769 0.6971153846153846 0.0625 0.06971153846153846
0 0.5552884615384616 0.6430288461538461 0.08653846153846154 0.09615384615384616
0 0.38221153846153844 0.53125 0.11778846153846154 0.125
0 0.43509615384615385 0.6826923076923077 0.10336538461538461 0.10096153846153846
0 0.16947115384615385 0.45913461538461536 0.10576923076923077 0.10096153846153846
0 0.12259615384615384 0.48197115384615385 0.08173076923076923 0.08653846153846154
0 0.02283653846153846 0.6081730769230769 0.04567307692307692 0.11057692307692307
0 0.08052884615384616 0.6574519230769231 0.09375 0.09375
0 0.6057692307692307 0.9603365384615384 0.09615384615384616 0.07932692307692307
0 0.8978365384615384 0.7764423076923077 0.10096153846153846 0.12259615384615384
0 0.9699519230769231 0.5240384615384616 0.06009615384615385 0.10096153846153846
0 0.3401442307692308 0.03125 0.09375 0.0625