0 0.32091346153846156 0.22235576923076922 0.08653846153846154 0.1346153846153846
0 0.49278846153846156 0.2704326923076923 0.08173076923076923 0.0889423076923077
0 0.49038461538461536 0.3401442307692308 0.07692307692307693 0.07932692307692307
0 0.5673076923076923 0.47716346153846156 0.08653846153846154 0.0985576923076923
0 0.5925480769230769 0.7632211538461539 0.07451923076923077 0.11298076923076923
0 0.8137019230769231 0.15144230769230768 0.07932692307692307 0.0985576923076923
0 0.9879807692307693 0.4495192307692308 0.02403846153846154 0.04326923076923077
0 0.7283653846153846 0.6826923076923077 0.07692307692307693 0.07932692307692307
0 0.8978365384615384 0.7896634615384616 0.07692307692307693 0.07211538461538461
0 0.44711538461538464 0.9471153846153846 0.06490384615384616 0.09134615384615384
0 0.36538461538461536 0.9543269230769231 0.057692307692307696 0.08413461538461539
0 0.24759615384615385 0.8605769230769231 0.06971153846153846 0.08653846153846154
0 0.19110576923076922 0.6802884615384616 0.10336538461538461 0.10817307692307693
0 0.5168269230769231 0.06129807692307692 0.125 0.12259615384615384
0 0.14182692307692307 0.9483173076923077 0.07692307692307693 0.08173076923076923