0 0.20192307692307693 0.3942307692307692 0.12259615384615384 0.14423076923076922
0 0.24519230769230768 0.8509615384615384 0.14182692307692307 0.14423076923076922
0 0.3786057692307692 0.9723557692307693 0.11298076923076923 0.055288461538461536
0 0.3858173076923077 0.4362980769230769 0.07692307692307693 0.07451923076923077
0 0.5 0.5276442307692307 0.09375 0.11298076923076923
0 0.5637019230769231 0.18870192307692307 0.11298076923076923 0.13701923076923078
0 0.7307692307692307 0.6466346153846154 0.11057692307692307 0.125
0 0.6358173076923077 0.7824519230769231 0.1346153846153846 0.14903846153846154
0 0.9302884615384616 0.6802884615384616 0.10817307692307693 0.12980769230769232
0 0.5817307692307693 0.9783653846153846 0.057692307692307696 0.04326923076923077
0 0.3701923076923077 0.3786057692307692 0.07692307692307693 0.09134615384615384