0 0.23076923076923078 0.328125 0.052884615384615384 0.11177884615384616
0 0.11658653846153846 0.1875 0.06610576923076923 0.0889423076923077
0 0.33533653846153844 0.38221153846153844 0.04807692307692308 0.11057692307692307
0 0.3918269230769231 0.34134615384615385 0.036057692307692304 0.09014423076923077
0 0.46875 0.39663461538461536 0.042067307692307696 0.09495192307692307
0 0.5649038461538461 0.3894230769230769 0.04927884615384615 0.07572115384615384
0 0.5288461538461539 0.078125 0.05889423076923077 0.08413461538461539
0 0.6875 0.13701923076923078 0.07572115384615384 0.09615384615384616
0 0.8052884615384616 0.14543269230769232 0.04567307692307692 0.12259615384615384
0 0.9110576923076923 0.5492788461538461 0.04927884615384615 0.06009615384615385
0 0.8341346153846154 0.5024038461538461 0.13942307692307693 0.12139423076923077
0 0.9194711538461539 0.6370192307692307 0.08774038461538461 0.10216346153846154
0 0.6862980769230769 0.7860576923076923 0.09375 0.09254807692307693
0 0.5420673076923077 0.7091346153846154 0.08173076923076923 0.12259615384615384
0 0.36658653846153844 0.7896634615384616 0.078125 0.07211538461538461
0 0.35336538461538464 0.8509615384615384 0.06610576923076923 0.0673076923076923
0 0.8822115384615384 0.3425480769230769 0.06610576923076923 0.11658653846153846
0 0.6923076923076923 0.4230769230769231 0.038461538461538464 0.10817307692307693
0 0.7199519230769231 0.6682692307692307 0.04447115384615385 0.08173076923076923
0 0.15985576923076922 0.40865384615384615 0.057692307692307696 0.0889423076923077
0 0.4495192307692308 0.16706730769230768 0.0625 0.12980769230769232