0 0.4831730769230769 0.3125 0.10336538461538461 0.11778846153846154
0 0.40625 0.19471153846153846 0.08653846153846154 0.07451923076923077
0 0.3112980769230769 0.25 0.07451923076923077 0.09615384615384616
0 0.15264423076923078 0.47716346153846156 0.07692307692307693 0.11298076923076923
0 0.2620192307692308 0.5973557692307693 0.10096153846153846 0.11538461538461539
0 0.3641826923076923 0.6370192307692307 0.11057692307692307 0.11778846153846154
0 0.41466346153846156 0.7367788461538461 0.07451923076923077 0.11538461538461539
0 0.484375 0.7536057692307693 0.10576923076923077 0.14423076923076922
0 0.5793269230769231 0.8774038461538461 0.09375 0.125
0 0.7019230769230769 0.3161057692307692 0.09134615384615384 0.07932692307692307
0 0.7331730769230769 0.29086538461538464 0.057692307692307696 0.07451923076923077
0 0.7884615384615384 0.17548076923076922 0.07211538461538461 0.09375
0 0.7079326923076923 0.1466346153846154 0.0889423076923077 0.10096153846153846
0 0.10817307692307693 0.19110576923076922 0.08173076923076923 0.09615384615384616
0 0.11658653846153846 0.10697115384615384 0.038461538461538464 0.0673076923076923
0 0.18389423076923078 0.030048076923076924 0.07451923076923077 0.06009615384615385
0 0.7067307692307693 0.7884615384615384 0.10817307692307693 0.15144230769230768
0 0.21514423076923078 0.8846153846153846 0.09375 0.09375
0 0.05889423076923077 0.26322115384615385 0.028846153846153848 0.055288461538461536