0 0.43028846153846156 0.41466346153846156 0.08653846153846154 0.10576923076923077
0 0.23677884615384615 0.3954326923076923 0.0625 0.07451923076923077
0 0.25721153846153844 0.578125 0.0673076923076923 0.08173076923076923
0 0.16706730769230768 0.6850961538461539 0.06009615384615385 0.07451923076923077
0 0.07451923076923077 0.6766826923076923 0.07211538461538461 0.0673076923076923
0 0.21394230769230768 0.8473557692307693 0.06971153846153846 0.08653846153846154
0 0.0673076923076923 0.9110576923076923 0.04326923076923077 0.0673076923076923
0 0.3233173076923077 0.8473557692307693 0.06971153846153846 0.08173076923076923
0 0.3329326923076923 0.703125 0.0673076923076923 0.07692307692307693
0 0.43509615384615385 0.6382211538461539 0.055288461538461536 0.08413461538461539
0 0.4387019230769231 0.7860576923076923 0.052884615384615384 0.07451923076923077
0 0.6274038461538461 0.7644230769230769 0.06490384615384616 0.0673076923076923
0 0.9002403846153846 0.9158653846153846 0.06971153846153846 0.09615384615384616
0 0.828125 0.8413461538461539 0.06971153846153846 0.03125
0 0.6514423076923077 0.9639423076923077 0.057692307692307696 0.07211538461538461
0 0.6983173076923077 0.6105769230769231 0.0625 0.055288461538461536
0 0.7680288461538461 0.5 0.052884615384615384 0.07692307692307693
0 0.8161057692307693 0.5877403846153846 0.05048076923076923 0.06490384615384616
0 0.8509615384615384 0.5817307692307693 0.04807692307692308 0.055288461538461536
0 0.8882211538461539 0.6081730769230769 0.05048076923076923 0.04567307692307692
0 0.9579326923076923 0.7295673076923077 0.04326923076923077 0.06971153846153846
0 0.9086538461538461 0.7668269230769231 0.038461538461538464 0.06009615384615385
0 0.8653846153846154 0.7956730769230769 0.06490384615384616 0.07932692307692307
0 0.7956730769230769 0.2644230769230769 0.05048076923076923 0.08173076923076923
0 0.40865384615384615 0.15384615384615385 0.07692307692307693 0.06971153846153846
0 0.7175480769230769 0.9771634615384616 0.06971153846153846 0.04567307692307692