0 0.25721153846153844 0.5865384615384616 0.10096153846153846 0.0889423076923077
0 0.2956730769230769 0.7728365384615384 0.08173076923076923 0.09615384615384616
0 0.15985576923076922 0.6983173076923077 0.09375 0.1201923076923077
0 0.17427884615384615 0.8870192307692307 0.08173076923076923 0.10576923076923077
0 0.040865384615384616 0.5528846153846154 0.08173076923076923 0.09615384615384616
0 0.014423076923076924 0.32572115384615385 0.028846153846153848 0.0985576923076923
0 0.23677884615384615 0.2920673076923077 0.07692307692307693 0.07211538461538461
0 0.5817307692307693 0.2776442307692308 0.08173076923076923 0.09615384615384616
0 0.6478365384615384 0.29927884615384615 0.10336538461538461 0.09134615384615384
0 0.6935096153846154 0.38341346153846156 0.08653846153846154 0.0889423076923077
0 0.7403846153846154 0.37740384615384615 0.06971153846153846 0.07692307692307693
0 0.7860576923076923 0.3762019230769231 0.06971153846153846 0.07451923076923077
0 0.8834134615384616 0.5072115384615384 0.0889423076923077 0.11057692307692307
0 0.8305288461538461 0.5649038461538461 0.08653846153846154 0.07932692307692307
0 0.7800480769230769 0.6213942307692307 0.09134615384615384 0.08653846153846154
0 0.7608173076923077 0.6959134615384616 0.09134615384615384 0.10096153846153846
0 0.8425480769230769 0.7560096153846154 0.0985576923076923 0.0985576923076923
0 0.7992788461538461 0.8942307692307693 0.07932692307692307 0.06009615384615385
0 0.5180288461538461 0.6586538461538461 0.09134615384615384 0.10576923076923077
0 0.5793269230769231 0.45913461538461536 0.07932692307692307 0.10096153846153846
0 0.6370192307692307 0.9326923076923077 0.11057692307692307 0.1201923076923077
0 0.5588942307692307 0.9194711538461539 0.08413461538461539 0.08413461538461539
0 0.6346153846153846 0.015625 0.08173076923076923 0.03125