0 0.3293269230769231 0.3798076923076923 0.125 0.1346153846153846
0 0.17548076923076922 0.359375 0.0985576923076923 0.0889423076923077
0 0.15504807692307693 0.47596153846153844 0.09375 0.10817307692307693
0 0.2283653846153846 0.765625 0.10096153846153846 0.12259615384615384
0 0.4050480769230769 0.7632211538461539 0.12259615384615384 0.12980769230769232
0 0.5096153846153846 0.7091346153846154 0.13221153846153846 0.1346153846153846
0 0.6274038461538461 0.7367788461538461 0.09615384615384616 0.12259615384615384
0 0.6923076923076923 0.6935096153846154 0.13221153846153846 0.15865384615384615
0 0.859375 0.7019230769230769 0.11538461538461539 0.13701923076923078
0 0.4879807692307692 0.20432692307692307 0.10336538461538461 0.09615384615384616
0 0.4891826923076923 0.15865384615384615 0.07211538461538461 0.08173076923076923
0 0.4326923076923077 0.042067307692307696 0.09134615384615384 0.08413461538461539
0 0.35336538461538464 0.078125 0.10817307692307693 0.11538461538461539
0 0.8774038461538461 0.5360576923076923 0.13701923076923078 0.1658653846153846
0 0.5973557692307693 0.9747596153846154 0.09375 0.05048076923076923