0 0.4338942307692308 0.42427884615384615 0.1201923076923077 0.1346153846153846
0 0.2283653846153846 0.5 0.08653846153846154 0.09615384615384616
0 0.3389423076923077 0.6766826923076923 0.09375 0.10336538461538461
0 0.3004807692307692 0.828125 0.08413461538461539 0.09615384615384616
0 0.20192307692307693 0.8653846153846154 0.09375 0.09134615384615384
0 0.42788461538461536 0.9567307692307693 0.09615384615384616 0.08653846153846154
0 0.5396634615384616 0.9170673076923077 0.09615384615384616 0.10576923076923077
0 0.47596153846153844 0.765625 0.09134615384615384 0.0985576923076923
0 0.5492788461538461 0.6490384615384616 0.08173076923076923 0.10336538461538461
0 0.625 0.796875 0.07451923076923077 0.09134615384615384
0 0.8040865384615384 0.6838942307692307 0.08653846153846154 0.08653846153846154
0 0.9242788461538461 0.8557692307692307 0.0673076923076923 0.057692307692307696
0 0.8004807692307693 0.49038461538461536 0.07932692307692307 0.07451923076923077
0 0.8185096153846154 0.34615384615384615 0.07692307692307693 0.09375
0 0.9098557692307693 0.40865384615384615 0.06971153846153846 0.08173076923076923
0 0.9411057692307693 0.3870192307692308 0.06490384615384616 0.06971153846153846
0 0.9783653846153846 0.39663461538461536 0.04326923076923077 0.052884615384615384
0 0.7295673076923077 0.09254807692307693 0.07451923076923077 0.09615384615384616
0 0.2824519230769231 0.17307692307692307 0.0985576923076923 0.09375
0 0.9819711538461539 0.8377403846153846 0.036057692307692304 0.040865384615384616