0 0.2776442307692308 0.5192307692307693 0.11057692307692307 0.12980769230769232
0 0.42908653846153844 0.43990384615384615 0.11057692307692307 0.13942307692307693
0 0.5480769230769231 0.2920673076923077 0.10336538461538461 0.11057692307692307
0 0.3473557692307692 0.25841346153846156 0.11538461538461539 0.11057692307692307
0 0.10096153846153846 0.3389423076923077 0.11538461538461539 0.1346153846153846
0 0.015625 0.41225961538461536 0.03125 0.10336538461538461
0 0.15384615384615385 0.13581730769230768 0.07692307692307693 0.06971153846153846
0 0.4254807692307692 0.08413461538461539 0.09134615384615384 0.10336538461538461
0 0.7800480769230769 0.10576923076923077 0.10576923076923077 0.12259615384615384
0 0.9603365384615384 0.37740384615384615 0.07932692307692307 0.10096153846153846
0 0.9735576923076923 0.5649038461538461 0.052884615384615384 0.11538461538461539
0 0.8641826923076923 0.7307692307692307 0.12259615384615384 0.10576923076923077
0 0.7548076923076923 0.75 0.07692307692307693 0.11538461538461539
0 0.6574519230769231 0.6430288461538461 0.11778846153846154 0.12259615384615384
0 0.7043269230769231 0.8353365384615384 0.08653846153846154 0.1201923076923077
0 0.5925480769230769 0.9170673076923077 0.09375 0.11298076923076923
0 0.46153846153846156 0.8653846153846154 0.11298076923076923 0.125
0 0.4098557692307692 0.7680288461538461 0.06971153846153846 0.0889423076923077
0 0.5625 0.796875 0.07932692307692307 0.08173076923076923
0 0.5492788461538461 0.6826923076923077 0.08653846153846154 0.11057692307692307
0 0.12259615384615384 0.7331730769230769 0.07692307692307693 0.10576923076923077
0 0.25240384615384615 0.9795673076923077 0.07692307692307693 0.040865384615384616