0 0.5673076923076923 0.2512019230769231 0.078125 0.07932692307692307
0 0.6370192307692307 0.3581730769230769 0.0625 0.0673076923076923
0 0.7211538461538461 0.2776442307692308 0.04807692307692308 0.08173076923076923
0 0.8725961538461539 0.19230769230769232 0.07091346153846154 0.08533653846153846
0 0.8569711538461539 0.04447115384615385 0.055288461538461536 0.040865384615384616
0 0.4411057692307692 0.12980769230769232 0.06971153846153846 0.078125
0 0.40384615384615385 0.2644230769230769 0.04807692307692308 0.0985576923076923
0 0.3293269230769231 0.296875 0.06370192307692307 0.0733173076923077
0 0.17908653846153846 0.28725961538461536 0.0625 0.0673076923076923
0 0.18870192307692307 0.5048076923076923 0.037259615384615384 0.09134615384615384
0 0.16105769230769232 0.5492788461538461 0.039663461538461536 0.06850961538461539
0 0.05889423076923077 0.5360576923076923 0.040865384615384616 0.06009615384615385
0 0.04927884615384615 0.625 0.04567307692307692 0.07692307692307693
0 0.33052884615384615 0.8653846153846154 0.06610576923076923 0.06610576923076923
0 0.33653846153846156 0.9026442307692307 0.06370192307692307 0.052884615384615384
0 0.42788461538461536 0.7524038461538461 0.06009615384615385 0.06610576923076923
0 0.5637019230769231 0.7776442307692307 0.038461538461538464 0.056490384615384616
0 0.5420673076923077 0.6911057692307693 0.04807692307692308 0.051682692307692304
0 0.46634615384615385 0.9699519230769231 0.05048076923076923 0.051682692307692304
0 0.43990384615384615 0.5024038461538461 0.04927884615384615 0.08413461538461539
0 0.3173076923076923 0.5120192307692307 0.05048076923076923 0.06009615384615385
0 0.265625 0.5384615384615384 0.038461538461538464 0.0673076923076923
0 0.5432692307692307 0.3942307692307692 0.054086538461538464 0.0625
0 0.6430288461538461 0.5588942307692307 0.03485576923076923 0.06850961538461539
0 0.6814903846153846 0.6177884615384616 0.055288461538461536 0.07692307692307693
0 0.7331730769230769 0.5048076923076923 0.03245192307692308 0.06610576923076923
0 0.75 0.5853365384615384 0.04927884615384615 0.06971153846153846
0 0.7716346153846154 0.6658653846153846 0.04807692307692308 0.06850961538461539
0 0.8365384615384616 0.7692307692307693 0.04567307692307692 0.055288461538461536
0 0.8449519230769231 0.6237980769230769 0.03365384615384615 0.07572115384615384
0 0.8112980769230769 0.5024038461538461 0.05889423076923077 0.07932692307692307
0 0.8786057692307693 0.5769230769230769 0.03245192307692308 0.06129807692307692
0 0.9483173076923077 0.5661057692307693 0.056490384615384616 0.0985576923076923
0 0.1658653846153846 0.38461538461538464 0.039663461538461536 0.07091346153846154
0 0.6298076923076923 0.13942307692307693 0.039663461538461536 0.07932692307692307