0 0.4026442307692308 0.49278846153846156 0.07692307692307693 0.07692307692307693
0 0.2932692307692308 0.4795673076923077 0.09134615384615384 0.09375
0 0.35216346153846156 0.3605769230769231 0.07932692307692307 0.08173076923076923
0 0.4495192307692308 0.3557692307692308 0.07692307692307693 0.07692307692307693
0 0.5384615384615384 0.15625 0.11298076923076923 0.11298076923076923
0 0.3858173076923077 0.039663461538461536 0.08413461538461539 0.07932692307692307
0 0.3317307692307692 0.23317307692307693 0.11298076923076923 0.11298076923076923
0 0.22355769230769232 0.2608173076923077 0.08173076923076923 0.08173076923076923
0 0.14783653846153846 0.23076923076923078 0.08173076923076923 0.08413461538461539
0 0.02283653846153846 0.3449519230769231 0.04567307692307692 0.0889423076923077
0 0.06009615384615385 0.4230769230769231 0.07692307692307693 0.07692307692307693
0 0.20673076923076922 0.43509615384615385 0.09375 0.09375
0 0.13581730769230768 0.5925480769230769 0.06009615384615385 0.0625
0 0.1141826923076923 0.6550480769230769 0.08653846153846154 0.08653846153846154
0 0.008413461538461538 0.6033653846153846 0.016826923076923076 0.07692307692307693
0 0.17548076923076922 0.6911057692307693 0.0985576923076923 0.10096153846153846
0 0.12860576923076922 0.75 0.06971153846153846 0.06971153846153846
0 0.20072115384615385 0.7692307692307693 0.06971153846153846 0.07211538461538461
0 0.2776442307692308 0.6670673076923077 0.10336538461538461 0.10576923076923077
0 0.2668269230769231 0.7740384615384616 0.06009615384615385 0.06009615384615385
0 0.30649038461538464 0.8161057692307693 0.08413461538461539 0.08413461538461539
0 0.49399038461538464 0.7259615384615384 0.0889423076923077 0.0889423076923077
0 0.5 0.9795673076923077 0.07692307692307693 0.040865384615384616
0 0.5144230769230769 0.9483173076923077 0.07932692307692307 0.07692307692307693
0 0.6959134615384616 0.9627403846153846 0.07451923076923077 0.07451923076923077
0 0.7055288461538461 0.9807692307692307 0.06009615384615385 0.038461538461538464
0 0.6394230769230769 0.8617788461538461 0.06490384615384616 0.0673076923076923
0 0.7283653846153846 0.7896634615384616 0.10336538461538461 0.10336538461538461
0 0.6911057692307693 0.7019230769230769 0.08413461538461539 0.08413461538461539
0 0.7319711538461539 0.671875 0.07932692307692307 0.08173076923076923
0 0.7836538461538461 0.6670673076923077 0.07211538461538461 0.07211538461538461
0 0.8341346153846154 0.6586538461538461 0.07932692307692307 0.07932692307692307
0 0.8269230769230769 0.5240384615384616 0.09134615384615384 0.09375
0 0.796875 0.4891826923076923 0.07451923076923077 0.07451923076923077
0 0.7752403846153846 0.4675480769230769 0.0673076923076923 0.0673076923076923
0 0.7644230769230769 0.375 0.09134615384615384 0.09134615384615384
0 0.6670673076923077 0.4495192307692308 0.07451923076923077 0.07692307692307693
0 0.5204326923076923 0.8521634615384616 0.08413461538461539 0.08413461538461539
0 0.30649038461538464 0.9326923076923077 0.07692307692307693 0.07692307692307693
0 0.5408653846153846 0.78125 0.08413461538461539 0.08413461538461539
0 0.5576923076923077 0.5372596153846154 0.07211538461538461 0.07211538461538461
0 0.4182692307692308 0.8233173076923077 0.08653846153846154 0.0889423076923077
0 0.8641826923076923 0.1814903846153846 0.055288461538461536 0.055288461538461536
0 0.7367788461538461 0.34134615384615385 0.08173076923076923 0.08173076923076923