0 0.07932692307692307 0.23076923076923078 0.0889423076923077 0.12980769230769232
0 0.20552884615384615 0.28846153846153844 0.07451923076923077 0.0889423076923077
0 0.27283653846153844 0.22355769230769232 0.0625 0.125
0 0.3605769230769231 0.2956730769230769 0.07211538461538461 0.08653846153846154
0 0.46634615384615385 0.27163461538461536 0.08173076923076923 0.10336538461538461
0 0.6189903846153846 0.31009615384615385 0.08173076923076923 0.12740384615384615
0 0.9639423076923077 0.484375 0.07211538461538461 0.10336538461538461
0 0.953125 0.6045673076923077 0.07211538461538461 0.1201923076923077
0 0.8665865384615384 0.5180288461538461 0.10096153846153846 0.10576923076923077
0 0.8521634615384616 0.4182692307692308 0.04567307692307692 0.07211538461538461
0 0.6430288461538461 0.5877403846153846 0.0673076923076923 0.0985576923076923
0 0.4411057692307692 0.6550480769230769 0.09615384615384616 0.125
0 0.5973557692307693 0.7103365384615384 0.09375 0.09134615384615384
0 0.2439903846153846 0.7776442307692307 0.0985576923076923 0.0889423076923077
0 0.23197115384615385 0.8317307692307693 0.0673076923076923 0.08413461538461539
0 0.24879807692307693 0.9807692307692307 0.08413461538461539 0.038461538461538464
0 0.3449519230769231 0.9675480769230769 0.08413461538461539 0.06490384615384616
0 0.9411057692307693 0.7608173076923077 0.07932692307692307 0.0985576923076923
0 0.96875 0.39783653846153844 0.0625 0.13701923076923078
0 0.8293269230769231 0.16346153846153846 0.07451923076923077 0.0985576923076923
0 0.018028846153846152 0.35096153846153844 0.036057692307692304 0.09615384615384616