0 0.7740384615384616 0.25721153846153844 0.038461538461538464 0.055288461538461536
0 0.8269230769230769 0.3076923076923077 0.019230769230769232 0.036057692307692304
0 0.8509615384615384 0.3004807692307692 0.05048076923076923 0.036057692307692304
0 0.8834134615384616 0.31490384615384615 0.05048076923076923 0.03365384615384615
0 0.7560096153846154 0.3389423076923077 0.036057692307692304 0.036057692307692304
0 0.7487980769230769 0.4519230769230769 0.03125 0.04326923076923077
0 0.9098557692307693 0.4362980769230769 0.040865384615384616 0.04326923076923077
0 0.9254807692307693 0.4026442307692308 0.019230769230769232 0.03365384615384615
0 0.9507211538461539 0.3641826923076923 0.03125 0.06009615384615385
0 0.8942307692307693 0.46634615384615385 0.04567307692307692 0.03125
0 0.953125 0.5024038461538461 0.04326923076923077 0.038461538461538464
0 0.9495192307692307 0.5721153846153846 0.03365384615384615 0.05048076923076923
0 0.9278846153846154 0.6850961538461539 0.04807692307692308 0.038461538461538464
0 0.9362980769230769 0.7103365384615384 0.03365384615384615 0.036057692307692304
0 0.8834134615384616 0.6322115384615384 0.040865384615384616 0.052884615384615384
0 0.8064903846153846 0.5805288461538461 0.05048076923076923 0.0625
0 0.8197115384615384 0.6694711538461539 0.04326923076923077 0.038461538461538464
0 0.8125 0.78125 0.036057692307692304 0.05048076923076923
0 0.7608173076923077 0.7211538461538461 0.057692307692307696 0.052884615384615384
0 0.7067307692307693 0.7175480769230769 0.02403846153846154 0.04807692307692308
0 0.6766826923076923 0.7463942307692307 0.028846153846153848 0.04326923076923077
0 0.6310096153846154 0.7644230769230769 0.040865384615384616 0.04807692307692308
0 0.6262019230769231 0.7247596153846154 0.040865384615384616 0.055288461538461536
0 0.6201923076923077 0.6742788461538461 0.03125 0.04567307692307692
0 0.6646634615384616 0.6670673076923077 0.03365384615384615 0.04807692307692308
0 0.6574519230769231 0.8425480769230769 0.04567307692307692 0.06971153846153846
0 0.5709134615384616 0.7391826923076923 0.04567307692307692 0.0625
0 0.578125 0.5612980769230769 0.036057692307692304 0.04807692307692308
0 0.6346153846153846 0.5060096153846154 0.040865384615384616 0.052884615384615384
0 0.5973557692307693 0.41346153846153844 0.040865384615384616 0.07451923076923077
0 0.5564903846153846 0.25841346153846156 0.06009615384615385 0.04807692307692308
0 0.5396634615384616 0.4675480769230769 0.04807692307692308 0.07211538461538461
0 0.5084134615384616 0.5805288461538461 0.04567307692307692 0.055288461538461536
0 0.5516826923076923 0.6875 0.028846153846153848 0.04807692307692308
0 0.4723557692307692 0.7788461538461539 0.03365384615384615 0.04567307692307692
0 0.4735576923076923 0.8509615384615384 0.04567307692307692 0.04807692307692308
0 0.39302884615384615 0.8197115384615384 0.040865384615384616 0.057692307692307696
0 0.421875 0.6454326923076923 0.03365384615384615 0.06490384615384616
0 0.42788461538461536 0.4735576923076923 0.03365384615384615 0.055288461538461536
0 0.46274038461538464 0.40625 0.040865384615384616 0.057692307692307696
0 0.41586538461538464 0.265625 0.04807692307692308 0.036057692307692304
0 0.36778846153846156 0.49158653846153844 0.04326923076923077 0.07451923076923077
0 0.34975961538461536 0.6454326923076923 0.055288461538461536 0.04807692307692308
0 0.3004807692307692 0.6622596153846154 0.04326923076923077 0.06490384615384616
0 0.24879807692307693 0.6358173076923077 0.036057692307692304 0.055288461538461536
0 0.25 0.546875 0.036057692307692304 0.05048076923076923
0 0.2668269230769231 0.4807692307692308 0.038461538461538464 0.06971153846153846
0 0.22716346153846154 0.6622596153846154 0.038461538461538464 0.052884615384615384
0 0.14423076923076922 0.44471153846153844 0.04326923076923077 0.06009615384615385
0 0.11899038461538461 0.28125 0.028846153846153848 0.05048076923076923
0 0.04807692307692308 0.38341346153846156 0.02403846153846154 0.05048076923076923
0 0.06370192307692307 0.4026442307692308 0.028846153846153848 0.036057692307692304
0 0.0673076923076923 0.5841346153846154 0.040865384615384616 0.0673076923076923
0 0.13701923076923078 0.7067307692307693 0.038461538461538464 0.06971153846153846
0 0.3173076923076923 0.8786057692307693 0.052884615384615384 0.04567307692307692
0 0.3173076923076923 0.9158653846153846 0.04326923076923077 0.055288461538461536
0 0.3954326923076923 0.9747596153846154 0.04567307692307692 0.05048076923076923
0 0.34975961538461536 0.9831730769230769 0.055288461538461536 0.03365384615384615
0 0.7391826923076923 0.0985576923076923 0.03365384615384615 0.038461538461538464
0 0.8605769230769231 0.5901442307692307 0.04567307692307692 0.07451923076923077
0 0.15384615384615385 0.640625 0.03125 0.052884615384615384