0 0.42908653846153844 0.5889423076923077 0.06971153846153846 0.07451923076923077
0 0.36538461538461536 0.6814903846153846 0.08173076923076923 0.09375
0 0.2848557692307692 0.5721153846153846 0.07211538461538461 0.07932692307692307
0 0.3245192307692308 0.4807692307692308 0.07932692307692307 0.0673076923076923
0 0.18389423076923078 0.30649038461538464 0.0985576923076923 0.11057692307692307
0 0.020432692307692308 0.38822115384615385 0.040865384615384616 0.07932692307692307
0 0.15745192307692307 0.53125 0.10096153846153846 0.11057692307692307
0 0.1310096153846154 0.6430288461538461 0.07451923076923077 0.08173076923076923
0 0.06971153846153846 0.6983173076923077 0.06971153846153846 0.08413461538461539
0 0.11899038461538461 0.8810096153846154 0.04807692307692308 0.07932692307692307
0 0.20432692307692307 0.8689903846153846 0.0673076923076923 0.07692307692307693
0 0.28365384615384615 0.7391826923076923 0.08413461538461539 0.09134615384615384
0 0.3942307692307692 0.8786057692307693 0.04807692307692308 0.06490384615384616
0 0.4423076923076923 0.9278846153846154 0.08413461538461539 0.08173076923076923
0 0.5036057692307693 0.8870192307692307 0.07932692307692307 0.10576923076923077
0 0.5360576923076923 0.9591346153846154 0.055288461538461536 0.07451923076923077
0 0.5877403846153846 0.9026442307692307 0.06009615384615385 0.07211538461538461
0 0.5300480769230769 0.7836538461538461 0.0889423076923077 0.10336538461538461
0 0.6213942307692307 0.84375 0.052884615384615384 0.057692307692307696
0 0.6802884615384616 0.8257211538461539 0.07932692307692307 0.07932692307692307
0 0.6838942307692307 0.6129807692307693 0.08413461538461539 0.08413461538461539
0 0.9362980769230769 0.7319711538461539 0.06971153846153846 0.07211538461538461
0 0.8978365384615384 0.6983173076923077 0.07932692307692307 0.06971153846153846
0 0.9831730769230769 0.5396634615384616 0.03365384615384615 0.07932692307692307
0 0.8774038461538461 0.5432692307692307 0.06009615384615385 0.06490384615384616
0 0.8509615384615384 0.42788461538461536 0.09375 0.09615384615384616
0 0.7548076923076923 0.41947115384615385 0.08173076923076923 0.07692307692307693
0 0.7451923076923077 0.3701923076923077 0.07211538461538461 0.07932692307692307
0 0.765625 0.31971153846153844 0.06490384615384616 0.06971153846153846
0 0.7824519230769231 0.2692307692307692 0.06971153846153846 0.07932692307692307
0 0.6550480769230769 0.2127403846153846 0.08413461538461539 0.08653846153846154
0 0.6081730769230769 0.2247596153846154 0.0625 0.07692307692307693
0 0.5793269230769231 0.234375 0.06009615384615385 0.06971153846153846
0 0.4879807692307692 0.20072115384615385 0.07932692307692307 0.09134615384615384
0 0.5120192307692307 0.32572115384615385 0.0625 0.07692307692307693
0 0.8125 0.6478365384615384 0.08173076923076923 0.07451923076923077
0 0.7872596153846154 0.8798076923076923 0.0673076923076923 0.07692307692307693
0 0.7572115384615384 0.5961538461538461 0.07451923076923077 0.08173076923076923
0 0.5408653846153846 0.46634615384615385 0.0625 0.06971153846153846
0 0.7391826923076923 0.7271634615384616 0.0673076923076923 0.09615384615384616
0 0.36177884615384615 0.030048076923076924 0.04326923076923077 0.03365384615384615
0 0.44471153846153844 0.21033653846153846 0.0673076923076923 0.08413461538461539