0 0.3233173076923077 0.4831730769230769 0.07692307692307693 0.09375
0 0.24759615384615385 0.5925480769230769 0.09375 0.0985576923076923
0 0.1778846153846154 0.5985576923076923 0.052884615384615384 0.055288461538461536
0 0.0625 0.5805288461538461 0.06971153846153846 0.08653846153846154
0 0.027644230769230768 0.6442307692307693 0.038461538461538464 0.07211538461538461
0 0.30408653846153844 0.32211538461538464 0.09134615384615384 0.09615384615384616
0 0.48677884615384615 0.29927884615384615 0.07932692307692307 0.09615384615384616
0 0.7487980769230769 0.3317307692307692 0.057692307692307696 0.06490384615384616
0 0.7079326923076923 0.3173076923076923 0.06971153846153846 0.07451923076923077
0 0.7824519230769231 0.39302884615384615 0.052884615384615384 0.057692307692307696
0 0.8100961538461539 0.39663461538461536 0.055288461538461536 0.055288461538461536
0 0.8413461538461539 0.4050480769230769 0.052884615384615384 0.052884615384615384
0 0.9014423076923077 0.49759615384615385 0.0625 0.0673076923076923
0 0.8581730769230769 0.5372596153846154 0.06009615384615385 0.06490384615384616
0 0.8173076923076923 0.5721153846153846 0.055288461538461536 0.0625
0 0.7908653846153846 0.6153846153846154 0.06009615384615385 0.0625
0 0.6887019230769231 0.4483173076923077 0.06971153846153846 0.07932692307692307
0 0.625 0.5769230769230769 0.06490384615384616 0.07692307692307693
0 0.4723557692307692 0.5012019230769231 0.0625 0.0625
0 0.3858173076923077 0.5793269230769231 0.057692307692307696 0.0625
0 0.47596153846153844 0.6310096153846154 0.052884615384615384 0.0625
0 0.2860576923076923 0.7175480769230769 0.06490384615384616 0.0625
0 0.16105769230769232 0.8040865384615384 0.055288461538461536 0.06490384615384616
0 0.08774038461538461 0.78125 0.05048076923076923 0.06490384615384616
0 0.16346153846153846 0.9627403846153846 0.0625 0.07451923076923077
0 0.2956730769230769 0.9423076923076923 0.07211538461538461 0.07211538461538461
0 0.30288461538461536 0.8798076923076923 0.05048076923076923 0.06009615384615385
0 0.3581730769230769 0.9146634615384616 0.06971153846153846 0.06490384615384616
0 0.34375 0.9771634615384616 0.057692307692307696 0.04567307692307692
0 0.41346153846153844 0.9591346153846154 0.06009615384615385 0.06971153846153846
0 0.3762019230769231 0.8605769230769231 0.06490384615384616 0.07211538461538461
0 0.4326923076923077 0.8557692307692307 0.06971153846153846 0.07451923076923077
0 0.4567307692307692 0.921875 0.05048076923076923 0.06971153846153846
0 0.5096153846153846 0.9387019230769231 0.06490384615384616 0.0625
0 0.6081730769230769 0.8629807692307693 0.052884615384615384 0.0673076923076923
0 0.6358173076923077 0.7608173076923077 0.07211538461538461 0.057692307692307696
0 0.7007211538461539 0.8245192307692307 0.05048076923076923 0.055288461538461536
0 0.7223557692307693 0.9074519230769231 0.06009615384615385 0.055288461538461536
0 0.7283653846153846 0.9314903846153846 0.06490384615384616 0.04567307692307692
0 0.7932692307692307 0.7728365384615384 0.08653846153846154 0.07211538461538461
0 0.8485576923076923 0.6670673076923077 0.07932692307692307 0.08173076923076923
0 0.8713942307692307 0.8197115384615384 0.0673076923076923 0.09134615384615384
0 0.9002403846153846 0.8353365384615384 0.06009615384615385 0.07692307692307693
0 0.9807692307692307 0.8221153846153846 0.038461538461538464 0.0673076923076923
0 0.9699519230769231 0.7536057692307693 0.052884615384615384 0.0673076923076923
0 0.9495192307692307 0.7367788461538461 0.0625 0.055288461538461536
0 0.6911057692307693 0.7752403846153846 0.07211538461538461 0.07932692307692307
0 0.38100961538461536 0.6935096153846154 0.07211538461538461 0.09375
0 0.7716346153846154 0.109375 0.057692307692307696 0.06971153846153846