0 0.6911057692307693 0.30288461538461536 0.11057692307692307 0.11298076923076923
0 0.6935096153846154 0.43509615384615385 0.09134615384615384 0.09134615384615384
0 0.8112980769230769 0.4110576923076923 0.08653846153846154 0.0985576923076923
0 0.9675480769230769 0.4170673076923077 0.06490384615384616 0.11298076923076923
0 0.6478365384615384 0.12980769230769232 0.10336538461538461 0.10576923076923077
0 0.5420673076923077 0.22716346153846154 0.09615384615384616 0.11298076923076923
0 0.45913461538461536 0.21394230769230768 0.09615384615384616 0.0985576923076923
0 0.33413461538461536 0.12379807692307693 0.09134615384615384 0.09375
0 0.22355769230769232 0.31850961538461536 0.08173076923076923 0.10096153846153846
0 0.17427884615384615 0.3425480769230769 0.07211538461538461 0.08173076923076923
0 0.09375 0.27524038461538464 0.06971153846153846 0.07451923076923077
0 0.038461538461538464 0.34615384615384615 0.07692307692307693 0.09134615384615384
0 0.1502403846153846 0.7103365384615384 0.09375 0.09375
0 0.13581730769230768 0.7451923076923077 0.08413461538461539 0.08173076923076923
0 0.296875 0.6646634615384616 0.0889423076923077 0.09134615384615384
0 0.4026442307692308 0.7608173076923077 0.06490384615384616 0.06971153846153846
0 0.43028846153846156 0.6730769230769231 0.06971153846153846 0.07211538461538461
0 0.21153846153846154 0.875 0.07211538461538461 0.07211538461538461
0 0.44350961538461536 0.453125 0.0889423076923077 0.10096153846153846
0 0.33052884615384615 0.3942307692307692 0.07692307692307693 0.07932692307692307
0 0.27283653846153844 0.3894230769230769 0.06971153846153846 0.07932692307692307
0 0.5925480769230769 0.41466346153846156 0.08173076923076923 0.08413461538461539
0 0.5901442307692307 0.6129807692307693 0.0673076923076923 0.07932692307692307
0 0.5913461538461539 0.6862980769230769 0.09134615384615384 0.09615384615384616
0 0.6971153846153846 0.6153846153846154 0.06490384615384616 0.07692307692307693
0 0.6682692307692307 0.6947115384615384 0.07932692307692307 0.08653846153846154
0 0.6442307692307693 0.7776442307692307 0.07932692307692307 0.08653846153846154
0 0.6430288461538461 0.9014423076923077 0.06971153846153846 0.07211538461538461
0 0.7307692307692307 0.7800480769230769 0.06971153846153846 0.08413461538461539
0 0.7680288461538461 0.6550480769230769 0.09375 0.10096153846153846
0 0.7860576923076923 0.7572115384615384 0.0625 0.07211538461538461
0 0.8521634615384616 0.7848557692307693 0.10336538461538461 0.11778846153846154
0 0.2692307692307692 0.20072115384615385 0.07211538461538461 0.08173076923076923
0 0.8064903846153846 0.2403846153846154 0.07692307692307693 0.09134615384615384