0 0.7163461538461539 0.25841346153846156 0.040865384615384616 0.055288461538461536
0 0.7704326923076923 0.296875 0.021634615384615384 0.036057692307692304
0 0.7908653846153846 0.2860576923076923 0.05048076923076923 0.040865384615384616
0 0.8221153846153846 0.2956730769230769 0.05048076923076923 0.036057692307692304
0 0.7115384615384616 0.33413461538461536 0.038461538461538464 0.036057692307692304
0 0.7175480769230769 0.4362980769230769 0.03365384615384615 0.04326923076923077
0 0.8605769230769231 0.4026442307692308 0.040865384615384616 0.04326923076923077
0 0.8725961538461539 0.36899038461538464 0.021634615384615384 0.03125
0 0.8894230769230769 0.3317307692307692 0.036057692307692304 0.057692307692307696
0 0.8509615384615384 0.43028846153846156 0.04567307692307692 0.03125
0 0.9086538461538461 0.45552884615384615 0.04326923076923077 0.038461538461538464
0 0.9146634615384616 0.5180288461538461 0.038461538461538464 0.05048076923076923
0 0.9783653846153846 0.5384615384615384 0.04326923076923077 0.0625
0 0.9086538461538461 0.6237980769230769 0.04807692307692308 0.040865384615384616
0 0.9194711538461539 0.6454326923076923 0.036057692307692304 0.036057692307692304
0 0.8617788461538461 0.5817307692307693 0.04326923076923077 0.05048076923076923
0 0.7872596153846154 0.5444711538461539 0.052884615384615384 0.0625
0 0.8100961538461539 0.6225961538461539 0.04326923076923077 0.040865384615384616
0 0.8173076923076923 0.7235576923076923 0.038461538461538464 0.04807692307692308
0 0.7632211538461539 0.6754807692307693 0.057692307692307696 0.052884615384615384
0 0.7151442307692307 0.6802884615384616 0.026442307692307692 0.04567307692307692
0 0.6923076923076923 0.7091346153846154 0.03125 0.04326923076923077
0 0.6514423076923077 0.7319711538461539 0.040865384615384616 0.04807692307692308
0 0.6418269230769231 0.6971153846153846 0.04326923076923077 0.055288461538461536
0 0.6322115384615384 0.6526442307692307 0.03365384615384615 0.04567307692307692
0 0.6694711538461539 0.6394230769230769 0.03365384615384615 0.04807692307692308
0 0.6862980769230769 0.7992788461538461 0.05048076923076923 0.0673076923076923
0 0.59375 0.7163461538461539 0.05048076923076923 0.0625
0 0.578125 0.5552884615384616 0.038461538461538464 0.04807692307692308
0 0.6225961538461539 0.4987980769230769 0.04326923076923077 0.052884615384615384
0 0.578125 0.421875 0.04567307692307692 0.07211538461538461
0 0.5216346153846154 0.28725961538461536 0.06009615384615385 0.05048076923076923
0 0.5336538461538461 0.47716346153846156 0.05048076923076923 0.06971153846153846
0 0.5192307692307693 0.5817307692307693 0.04567307692307692 0.055288461538461536
0 0.5721153846153846 0.671875 0.03125 0.04567307692307692
0 0.5108173076923077 0.765625 0.036057692307692304 0.04326923076923077
0 0.5216346153846154 0.8305288461538461 0.04567307692307692 0.04807692307692308
0 0.44591346153846156 0.8125 0.04326923076923077 0.055288461538461536
0 0.4495192307692308 0.6514423076923077 0.038461538461538464 0.0625
0 0.4326923076923077 0.4963942307692308 0.038461538461538464 0.055288461538461536
0 0.45552884615384615 0.43028846153846156 0.04326923076923077 0.055288461538461536
0 0.3954326923076923 0.3112980769230769 0.04567307692307692 0.038461538461538464
0 0.38100961538461536 0.5192307692307693 0.04807692307692308 0.07211538461538461
0 0.38461538461538464 0.6610576923076923 0.055288461538461536 0.04807692307692308
0 0.34134615384615385 0.6814903846153846 0.04567307692307692 0.0625
0 0.2920673076923077 0.6646634615384616 0.038461538461538464 0.052884615384615384
0 0.2824519230769231 0.5853365384615384 0.038461538461538464 0.05048076923076923
0 0.28966346153846156 0.5228365384615384 0.04326923076923077 0.06490384615384616
0 0.27524038461538464 0.6911057692307693 0.040865384615384616 0.052884615384615384
0 0.17427884615384615 0.5060096153846154 0.04567307692307692 0.06009615384615385
0 0.1310096153846154 0.36177884615384615 0.03365384615384615 0.05048076923076923
0 0.08052884615384616 0.46274038461538464 0.028846153846153848 0.04807692307692308
0 0.09735576923076923 0.47836538461538464 0.03125 0.036057692307692304
0 0.013221153846153846 0.47836538461538464 0.026442307692307692 0.0673076923076923
0 0.12379807692307693 0.640625 0.04567307692307692 0.06490384615384616
0 0.20072115384615385 0.7415865384615384 0.04326923076923077 0.06490384615384616
0 0.3858173076923077 0.875 0.052884615384615384 0.04807692307692308
0 0.38822115384615385 0.9074519230769231 0.04567307692307692 0.055288461538461536
0 0.46875 0.9567307692307693 0.05048076923076923 0.0625
0 0.43028846153846156 0.9723557692307693 0.057692307692307696 0.055288461538461536
0 0.6658653846153846 0.11899038461538461 0.036057692307692304 0.038461538461538464
0 0.8365384615384616 0.5456730769230769 0.04807692307692308 0.06971153846153846
0 0.20673076923076922 0.6814903846153846 0.036057692307692304 0.05048076923076923