0 0.25240384615384615 0.054086538461538464 0.078125 0.06610576923076923
0 0.18629807692307693 0.5096153846153846 0.109375 0.10096153846153846
0 0.5048076923076923 0.28846153846153844 0.08052884615384616 0.09615384615384616
0 0.4254807692307692 0.14903846153846154 0.0673076923076923 0.06490384615384616
0 0.6670673076923077 0.47115384615384615 0.06129807692307692 0.08173076923076923
0 0.5528846153846154 0.5540865384615384 0.07091346153846154 0.11538461538461539
0 0.5072115384615384 0.8028846153846154 0.07091346153846154 0.07932692307692307
0 0.44711538461538464 0.7235576923076923 0.04927884615384615 0.0889423076923077
0 0.36778846153846156 0.7415865384615384 0.06129807692307692 0.10336538461538461
0 0.25961538461538464 0.6610576923076923 0.06610576923076923 0.0889423076923077
0 0.6081730769230769 0.8016826923076923 0.052884615384615384 0.08774038461538461
0 0.8197115384615384 0.5552884615384616 0.0733173076923077 0.06850961538461539
0 0.9362980769230769 0.5540865384615384 0.07572115384615384 0.078125
0 0.9495192307692307 0.78125 0.08653846153846154 0.11899038461538461
0 0.7355769230769231 0.8629807692307693 0.07211538461538461 0.08052884615384616
0 0.90625 0.24759615384615385 0.06610576923076923 0.09375
0 0.4182692307692308 0.09134615384615384 0.04927884615384615 0.0829326923076923
0 0.17067307692307693 0.7608173076923077 0.06610576923076923 0.09615384615384616