0 0.09014423076923077 0.1971153846153846 0.0889423076923077 0.125
0 0.040865384615384616 0.6478365384615384 0.06009615384615385 0.10096153846153846
0 0.09735576923076923 0.7427884615384616 0.06971153846153846 0.10817307692307693
0 0.21033653846153846 0.7584134615384616 0.07211538461538461 0.0985576923076923
0 0.34134615384615385 0.8461538461538461 0.09134615384615384 0.13701923076923078
0 0.5841346153846154 0.8088942307692307 0.0889423076923077 0.10576923076923077
0 0.7920673076923077 0.6442307692307693 0.09375 0.11298076923076923
0 0.9146634615384616 0.8040865384615384 0.07932692307692307 0.1201923076923077
0 0.9627403846153846 0.5805288461538461 0.07451923076923077 0.0985576923076923
0 0.7572115384615384 0.4375 0.0889423076923077 0.11057692307692307
0 0.5733173076923077 0.546875 0.10096153846153846 0.12259615384615384
0 0.4338942307692308 0.5084134615384616 0.09375 0.125
0 0.265625 0.4206730769230769 0.08653846153846154 0.12740384615384615
0 0.15625 0.4831730769230769 0.07451923076923077 0.10336538461538461
0 0.8353365384615384 0.1622596153846154 0.11538461538461539 0.11298076923076923
0 0.7439903846153846 0.8341346153846154 0.11298076923076923 0.14182692307692307