0 0.41225961538461536 0.6694711538461539 0.1346153846153846 0.14182692307692307
0 0.546875 0.9206730769230769 0.08653846153846154 0.08653846153846154
0 0.33413461538461536 0.9735576923076923 0.09615384615384616 0.052884615384615384
0 0.20072115384615385 0.8173076923076923 0.14423076923076922 0.1466346153846154
0 0.7524038461538461 0.546875 0.07692307692307693 0.07932692307692307
0 0.7980769230769231 0.5204326923076923 0.10576923076923077 0.11057692307692307
0 0.9002403846153846 0.5829326923076923 0.06490384615384616 0.0625
0 0.9290865384615384 0.5600961538461539 0.08413461538461539 0.08413461538461539
0 0.9651442307692307 0.5408653846153846 0.06971153846153846 0.09134615384615384
0 0.8016826923076923 0.8834134615384616 0.055288461538461536 0.052884615384615384
0 0.8064903846153846 0.7007211538461539 0.10336538461538461 0.10817307692307693
0 0.7055288461538461 0.2608173076923077 0.10576923076923077 0.11057692307692307