0 0.32211538461538464 0.2824519230769231 0.07451923076923077 0.1201923076923077
0 0.4795673076923077 0.31971153846153844 0.07211538461538461 0.078125
0 0.4795673076923077 0.38341346153846156 0.06610576923076923 0.06850961538461539
0 0.5540865384615384 0.5072115384615384 0.07572115384615384 0.08653846153846154
0 0.5865384615384616 0.765625 0.0625 0.10216346153846154
0 0.7680288461538461 0.20192307692307693 0.06971153846153846 0.08774038461538461
0 0.9411057692307693 0.46875 0.030048076923076924 0.038461538461538464
0 0.7067307692307693 0.6875 0.0673076923076923 0.07091346153846154
0 0.8641826923076923 0.7800480769230769 0.06971153846153846 0.06370192307692307
0 0.9747596153846154 0.8052884615384616 0.04927884615384615 0.11298076923076923
0 0.46033653846153844 0.9375 0.056490384615384616 0.08173076923076923
0 0.3858173076923077 0.9543269230769231 0.05048076923076923 0.0889423076923077
0 0.2764423076923077 0.8653846153846154 0.06009615384615385 0.07692307692307693
0 0.21754807692307693 0.703125 0.09014423076923077 0.09615384615384616
0 0.4951923076923077 0.11538461538461539 0.109375 0.13581730769230768
0 0.18269230769230768 0.9555288461538461 0.0673076923076923 0.08413461538461539