0 0.6466346153846154 0.014423076923076924 0.09134615384615384 0.028846153846153848
0 0.27884615384615385 0.2776442307692308 0.15625 0.15625
0 0.6802884615384616 0.33653846153846156 0.12980769230769232 0.13221153846153846
0 0.7199519230769231 0.17067307692307693 0.0985576923076923 0.0985576923076923
0 0.6742788461538461 0.5913461538461539 0.10576923076923077 0.10576923076923077
0 0.5276442307692307 0.5733173076923077 0.13701923076923078 0.13942307692307693
0 0.3137019230769231 0.7331730769230769 0.11298076923076923 0.11298076923076923
0 0.3245192307692308 0.6274038461538461 0.10096153846153846 0.10336538461538461
0 0.25240384615384615 0.5841346153846154 0.1201923076923077 0.12259615384615384
0 0.22596153846153846 0.44711538461538464 0.11298076923076923 0.11538461538461539
0 0.39302884615384615 0.8028846153846154 0.10336538461538461 0.10576923076923077
0 0.7307692307692307 0.7644230769230769 0.10576923076923077 0.10576923076923077
0 0.8173076923076923 0.84375 0.10576923076923077 0.10576923076923077
0 0.6574519230769231 0.9771634615384616 0.12740384615384615 0.04567307692307692
0 0.44711538461538464 0.9411057692307693 0.11298076923076923 0.11298076923076923
0 0.9795673076923077 0.5913461538461539 0.040865384615384616 0.1201923076923077
0 0.7560096153846154 0.12259615384615384 0.09615384615384616 0.0985576923076923
0 0.08774038461538461 0.45913461538461536 0.11778846153846154 0.1201923076923077