0 0.3870192307692308 0.5649038461538461 0.07572115384615384 0.07211538461538461
0 0.32211538461538464 0.7127403846153846 0.040865384615384616 0.07692307692307693
0 0.15985576923076922 0.8004807692307693 0.0889423076923077 0.06370192307692307
0 0.22115384615384615 0.9230769230769231 0.06009615384615385 0.07572115384615384
0 0.07572115384615384 0.7596153846153846 0.028846153846153848 0.09254807692307693
0 0.057692307692307696 0.6550480769230769 0.07692307692307693 0.06370192307692307
0 0.015625 0.8064903846153846 0.03125 0.10336538461538461
0 0.140625 0.36658653846153844 0.07572115384615384 0.10697115384615384
0 0.021634615384615384 0.2764423076923077 0.042067307692307696 0.09375
0 0.13822115384615385 0.18028846153846154 0.07692307692307693 0.07932692307692307
0 0.3786057692307692 0.3125 0.039663461538461536 0.0889423076923077
0 0.4807692307692308 0.13701923076923078 0.05048076923076923 0.10697115384615384
0 0.6274038461538461 0.40625 0.056490384615384616 0.07091346153846154
0 0.6646634615384616 0.35697115384615385 0.057692307692307696 0.05889423076923077
0 0.7127403846153846 0.3016826923076923 0.04927884615384615 0.07692307692307693
0 0.7848557692307693 0.2704326923076923 0.054086538461538464 0.09134615384615384
0 0.7079326923076923 0.12860576923076922 0.0625 0.04567307692307692
0 0.6634615384615384 0.10697115384615384 0.04567307692307692 0.0889423076923077
0 0.6177884615384616 0.09975961538461539 0.06009615384615385 0.06490384615384616
0 0.6237980769230769 0.6189903846153846 0.07451923076923077 0.12860576923076922
0 0.7283653846153846 0.703125 0.042067307692307696 0.11298076923076923
0 0.7740384615384616 0.7271634615384616 0.038461538461538464 0.0985576923076923
0 0.859375 0.6165865384615384 0.05048076923076923 0.06610576923076923
0 0.8894230769230769 0.6346153846153846 0.04927884615384615 0.07211538461538461
0 0.8954326923076923 0.7403846153846154 0.06610576923076923 0.09375
0 0.6971153846153846 0.4831730769230769 0.10096153846153846 0.07091346153846154
0 0.484375 0.7992788461538461 0.07091346153846154 0.055288461538461536
0 0.5096153846153846 0.8557692307692307 0.054086538461538464 0.08173076923076923
0 0.4723557692307692 0.6802884615384616 0.06490384615384616 0.07572115384615384
0 0.46634615384615385 0.5973557692307693 0.07572115384615384 0.10336538461538461