0 0.37740384615384615 0.48677884615384615 0.09014423076923077 0.0625
0 0.5348557692307693 0.5913461538461539 0.09375 0.10576923076923077
0 0.33653846153846156 0.6057692307692307 0.06129807692307692 0.10096153846153846
0 0.09014423076923077 0.6274038461538461 0.07932692307692307 0.08052884615384616
0 0.02283653846153846 0.5360576923076923 0.040865384615384616 0.09375
0 0.025240384615384616 0.36538461538461536 0.04567307692307692 0.08413461538461539
0 0.6694711538461539 0.2692307692307692 0.07932692307692307 0.0829326923076923
0 0.7668269230769231 0.24519230769230768 0.06370192307692307 0.09134615384615384
0 0.7620192307692307 0.43509615384615385 0.06370192307692307 0.0829326923076923
0 0.7439903846153846 0.49038461538461536 0.08653846153846154 0.06370192307692307
0 0.5817307692307693 0.9182692307692307 0.07211538461538461 0.09014423076923077
0 0.47596153846153844 0.9122596153846154 0.057692307692307696 0.08653846153846154
0 0.31971153846153844 0.8725961538461539 0.054086538461538464 0.12259615384615384
0 0.109375 0.9459134615384616 0.057692307692307696 0.08653846153846154
0 0.10697115384615384 0.7115384615384616 0.05048076923076923 0.09735576923076923
0 0.6526442307692307 0.96875 0.039663461538461536 0.05889423076923077
0 0.7271634615384616 0.9423076923076923 0.07211538461538461 0.06850961538461539
0 0.9314903846153846 0.9110576923076923 0.05889423076923077 0.10576923076923077