0 0.36778846153846156 0.23677884615384615 0.0625 0.0625
0 0.03365384615384615 0.453125 0.0673076923076923 0.06971153846153846
0 0.020432692307692308 0.421875 0.040865384615384616 0.06490384615384616
0 0.03125 0.3088942307692308 0.0625 0.0889423076923077
0 0.3557692307692308 0.4098557692307692 0.0673076923076923 0.0673076923076923
0 0.23798076923076922 0.5372596153846154 0.08173076923076923 0.08173076923076923
0 0.11778846153846154 0.6754807692307693 0.07932692307692307 0.07932692307692307
0 0.10817307692307693 0.4795673076923077 0.0985576923076923 0.10096153846153846
0 0.3076923076923077 0.7043269230769231 0.06490384615384616 0.0673076923076923
0 0.2920673076923077 0.7451923076923077 0.06971153846153846 0.06971153846153846
0 0.35336538461538464 0.7403846153846154 0.05048076923076923 0.04807692307692308
0 0.3858173076923077 0.7007211538461539 0.06490384615384616 0.0625
0 0.23918269230769232 0.8064903846153846 0.08653846153846154 0.08653846153846154
0 0.21634615384615385 0.71875 0.07451923076923077 0.07451923076923077
0 0.3317307692307692 0.5360576923076923 0.05048076923076923 0.05048076923076923
0 0.38341346153846156 0.5036057692307693 0.06971153846153846 0.07211538461538461
0 0.45913461538461536 0.49038461538461536 0.0673076923076923 0.06971153846153846
0 0.47596153846153844 0.4050480769230769 0.07451923076923077 0.07451923076923077
0 0.5733173076923077 0.3245192307692308 0.07451923076923077 0.07451923076923077
0 0.5564903846153846 0.22716346153846154 0.04807692307692308 0.05048076923076923
0 0.44350961538461536 0.052884615384615384 0.07932692307692307 0.07932692307692307
0 0.9939903846153846 0.5793269230769231 0.01201923076923077 0.04326923076923077
0 0.9579326923076923 0.5985576923076923 0.04326923076923077 0.04326923076923077
0 0.9254807692307693 0.5961538461538461 0.052884615384615384 0.052884615384615384
0 0.9615384615384616 0.5336538461538461 0.057692307692307696 0.057692307692307696
0 0.8629807692307693 0.5637019230769231 0.0673076923076923 0.06971153846153846
0 0.9122596153846154 0.7199519230769231 0.07451923076923077 0.07451923076923077
0 0.8954326923076923 0.7019230769230769 0.07451923076923077 0.07451923076923077
0 0.8317307692307693 0.6394230769230769 0.06490384615384616 0.06490384615384616
0 0.78125 0.6826923076923077 0.057692307692307696 0.057692307692307696
0 0.8509615384615384 0.8341346153846154 0.052884615384615384 0.055288461538461536
0 0.7223557692307693 0.7548076923076923 0.055288461538461536 0.055288461538461536
0 0.7199519230769231 0.7992788461538461 0.0625 0.0625
0 0.6838942307692307 0.8425480769230769 0.0673076923076923 0.0673076923076923
0 0.7475961538461539 0.9254807692307693 0.055288461538461536 0.055288461538461536
0 0.6598557692307693 0.7788461538461539 0.06009615384615385 0.0625
0 0.6213942307692307 0.8052884615384616 0.06009615384615385 0.06009615384615385
0 0.5889423076923077 0.7463942307692307 0.08413461538461539 0.08413461538461539
0 0.6334134615384616 0.7199519230769231 0.0673076923076923 0.0673076923076923
0 0.6706730769230769 0.6995192307692307 0.07211538461538461 0.07451923076923077
0 0.7451923076923077 0.5901442307692307 0.06971153846153846 0.06971153846153846
0 0.8233173076923077 0.47475961538461536 0.0673076923076923 0.06971153846153846
0 0.7536057692307693 0.44471153846153844 0.06971153846153846 0.06971153846153846
0 0.7463942307692307 0.3798076923076923 0.07211538461538461 0.07211538461538461
0 0.6298076923076923 0.4483173076923077 0.07451923076923077 0.07692307692307693
0 0.5625 0.5168269230769231 0.06490384615384616 0.06490384615384616
0 0.5396634615384616 0.5901442307692307 0.06971153846153846 0.06971153846153846
0 0.4855769230769231 0.6262019230769231 0.052884615384615384 0.055288461538461536
0 0.5673076923076923 0.8605769230769231 0.07692307692307693 0.07692307692307693
0 0.5108173076923077 0.9194711538461539 0.07211538461538461 0.07211538461538461
0 0.48197115384615385 0.9927884615384616 0.06009615384615385 0.014423076923076924
0 0.25841346153846156 0.28725961538461536 0.09134615384615384 0.09375
0 0.7896634615384616 0.5949519230769231 0.08173076923076923 0.08173076923076923
0 0.2608173076923077 0.6057692307692307 0.06490384615384616 0.06490384615384616