0 0.3786057692307692 0.41466346153846156 0.1201923076923077 0.13701923076923078
0 0.6790865384615384 0.18509615384615385 0.12259615384615384 0.12980769230769232
0 0.2668269230769231 0.109375 0.1346153846153846 0.13221153846153846
0 0.12980769230769232 0.34375 0.1778846153846154 0.18269230769230768
0 0.054086538461538464 0.6862980769230769 0.10817307692307693 0.13221153846153846
0 0.3245192307692308 0.9867788461538461 0.11538461538461539 0.026442307692307692
0 0.3125 0.9038461538461539 0.1346153846153846 0.15865384615384615
0 0.42908653846153844 0.8581730769230769 0.1201923076923077 0.11538461538461539
0 0.6430288461538461 0.9314903846153846 0.17067307692307693 0.13701923076923078
0 0.7716346153846154 0.7752403846153846 0.1201923076923077 0.11778846153846154
0 0.9483173076923077 0.7584134615384616 0.10336538461538461 0.10336538461538461
0 0.7836538461538461 0.5697115384615384 0.13942307692307693 0.13942307692307693
0 0.22115384615384615 0.6286057692307693 0.16105769230769232 0.17548076923076922
0 0.5168269230769231 0.9555288461538461 0.10576923076923077 0.0889423076923077
0 0.9350961538461539 0.6478365384615384 0.09375 0.0985576923076923
0 0.8930288461538461 0.5480769230769231 0.1466346153846154 0.15625