0 0.40625 0.6442307692307693 0.1201923076923077 0.15384615384615385
0 0.46875 0.9399038461538461 0.08653846153846154 0.08653846153846154
0 0.23076923076923078 0.9519230769230769 0.09134615384615384 0.09615384615384616
0 0.14783653846153846 0.7331730769230769 0.13942307692307693 0.14903846153846154
0 0.7872596153846154 0.6189903846153846 0.07692307692307693 0.08173076923076923
0 0.8413461538461539 0.6057692307692307 0.0985576923076923 0.11538461538461539
0 0.9278846153846154 0.6983173076923077 0.0625 0.0625
0 0.9603365384615384 0.6850961538461539 0.07932692307692307 0.08653846153846154
0 0.9867788461538461 0.6778846153846154 0.026442307692307692 0.09134615384615384
0 0.796875 0.7920673076923077 0.09375 0.11778846153846154
0 0.8245192307692307 0.31490384615384615 0.09375 0.1201923076923077