0 0.3557692307692308 0.3016826923076923 0.125 0.1346153846153846
0 0.5072115384615384 0.39302884615384615 0.12740384615384615 0.14423076923076922
0 0.6995192307692307 0.4182692307692308 0.11298076923076923 0.11778846153846154
0 0.6225961538461539 0.2247596153846154 0.12259615384615384 0.1201923076923077
0 0.4206730769230769 0.05889423076923077 0.12980769230769232 0.11778846153846154
0 0.2920673076923077 0.020432692307692308 0.10336538461538461 0.040865384615384616
0 0.6213942307692307 0.013221153846153846 0.06971153846153846 0.026442307692307692
0 0.8197115384615384 0.20072115384615385 0.10336538461538461 0.11057692307692307
0 0.9651442307692307 0.5252403846153846 0.06971153846153846 0.12740384615384615
0 0.8449519230769231 0.8329326923076923 0.09615384615384616 0.10576923076923077
0 0.6959134615384616 0.9507211538461539 0.11298076923076923 0.0985576923076923
0 0.4807692307692308 0.9326923076923077 0.12740384615384615 0.11778846153846154
0 0.4050480769230769 0.8461538461538461 0.09375 0.11538461538461539
0 0.44711538461538464 0.7019230769230769 0.12980769230769232 0.13221153846153846
0 0.30288461538461536 0.8461538461538461 0.10096153846153846 0.1201923076923077
0 0.17067307692307693 0.7908653846153846 0.10576923076923077 0.11778846153846154
0 0.1466346153846154 0.6478365384615384 0.125 0.13221153846153846
0 0.20552884615384615 0.5504807692307693 0.07932692307692307 0.09134615384615384
0 0.2608173076923077 0.7019230769230769 0.08653846153846154 0.0889423076923077
0 0.3557692307692308 0.6286057692307693 0.0985576923076923 0.11298076923076923
0 0.0829326923076923 0.2776442307692308 0.0889423076923077 0.10576923076923077