0 0.3293269230769231 0.5985576923076923 0.09615384615384616 0.09375
0 0.27524038461538464 0.7764423076923077 0.057692307692307696 0.09375
0 0.10336538461538461 0.8990384615384616 0.11057692307692307 0.08653846153846154
0 0.1875 0.9915865384615384 0.07692307692307693 0.016826923076923076
0 0.036057692307692304 0.4074519230769231 0.07211538461538461 0.13221153846153846
0 0.020432692307692308 0.19230769230769232 0.040865384615384616 0.10096153846153846
0 0.2824519230769231 0.3112980769230769 0.057692307692307696 0.10576923076923077
0 0.3762019230769231 0.09735576923076923 0.07211538461538461 0.12980769230769232
0 0.5817307692307693 0.38341346153846156 0.07451923076923077 0.0889423076923077
0 0.6165865384615384 0.3233173076923077 0.07451923076923077 0.07692307692307693
0 0.6634615384615384 0.25240384615384615 0.0673076923076923 0.09615384615384616
0 0.7415865384615384 0.20673076923076922 0.07451923076923077 0.11057692307692307
0 0.6346153846153846 0.056490384615384616 0.07692307692307693 0.06009615384615385
0 0.5805288461538461 0.04567307692307692 0.06490384615384616 0.09134615384615384
0 0.5252403846153846 0.038461538461538464 0.07932692307692307 0.07692307692307693
0 0.6057692307692307 0.6262019230769231 0.10336538461538461 0.15625
0 0.7379807692307693 0.7079326923076923 0.0625 0.1346153846153846
0 0.7920673076923077 0.7295673076923077 0.057692307692307696 0.11778846153846154
0 0.875 0.5925480769230769 0.0673076923076923 0.08413461538461539
0 0.9122596153846154 0.6081730769230769 0.0673076923076923 0.0889423076923077
0 0.9338942307692307 0.7259615384615384 0.0889423076923077 0.11778846153846154
0 0.6706730769230769 0.46153846153846156 0.125 0.09615384615384616
0 0.4735576923076923 0.8521634615384616 0.0889423076923077 0.07211538461538461
0 0.5096153846153846 0.9134615384615384 0.07451923076923077 0.10096153846153846
0 0.4423076923076923 0.7175480769230769 0.08413461538461539 0.09615384615384616
0 0.4230769230769231 0.625 0.10096153846153846 0.12740384615384615