0 0.04326923076923077 0.25600961538461536 0.08653846153846154 0.0985576923076923
0 0.23076923076923078 0.6814903846153846 0.14903846153846154 0.1466346153846154
0 0.3798076923076923 0.3173076923076923 0.12259615384615384 0.12740384615384615
0 0.23557692307692307 0.24158653846153846 0.09375 0.09375
0 0.6189903846153846 0.38341346153846156 0.0985576923076923 0.10336538461538461
0 0.5673076923076923 0.5168269230769231 0.125 0.13701923076923078
0 0.6670673076923077 0.7548076923076923 0.10336538461538461 0.10576923076923077
0 0.5709134615384616 0.71875 0.09134615384615384 0.10336538461538461
0 0.5132211538461539 0.7776442307692307 0.10817307692307693 0.12259615384615384
0 0.37740384615384615 0.7704326923076923 0.10576923076923077 0.11298076923076923
0 0.7512019230769231 0.6983173076923077 0.09375 0.10336538461538461
0 0.7956730769230769 0.3701923076923077 0.10096153846153846 0.0985576923076923
0 0.8942307692307693 0.30408653846153844 0.10817307692307693 0.10817307692307693
0 0.9795673076923077 0.49038461538461536 0.040865384615384616 0.14903846153846154
0 0.8942307692307693 0.6790865384615384 0.10576923076923077 0.10817307692307693
0 0.6983173076923077 0.06009615384615385 0.10817307692307693 0.11538461538461539
0 0.19591346153846154 0.1971153846153846 0.08653846153846154 0.0985576923076923
0 0.35697115384615385 0.9038461538461539 0.10817307692307693 0.11778846153846154