0 0.21995192307692307 0.47115384615384615 0.10576923076923077 0.13942307692307693
0 0.4098557692307692 0.4206730769230769 0.10096153846153846 0.15625
0 0.578125 0.28725961538461536 0.10096153846153846 0.11538461538461539
0 0.36538461538461536 0.19951923076923078 0.1201923076923077 0.11057692307692307
0 0.06971153846153846 0.22596153846153846 0.11057692307692307 0.14423076923076922
0 0.49759615384615385 0.039663461538461536 0.08653846153846154 0.07932692307692307
0 0.8870192307692307 0.13942307692307693 0.0985576923076923 0.13221153846153846
0 0.9891826923076923 0.49278846153846156 0.021634615384615384 0.10096153846153846
0 0.9795673076923077 0.7055288461538461 0.040865384615384616 0.12259615384615384
0 0.8197115384615384 0.8569711538461539 0.13221153846153846 0.0985576923076923
0 0.6911057692307693 0.8509615384615384 0.0625 0.1346153846153846
0 0.6105769230769231 0.7067307692307693 0.11778846153846154 0.12740384615384615
0 0.6117788461538461 0.9266826923076923 0.07211538461538461 0.125
0 0.4639423076923077 0.9663461538461539 0.08173076923076923 0.0673076923076923
0 0.33533653846153844 0.9038461538461539 0.11298076923076923 0.13221153846153846
0 0.30408653846153844 0.7824519230769231 0.06490384615384616 0.09615384615384616
0 0.4651442307692308 0.8521634615384616 0.08173076923076923 0.08173076923076923
0 0.4795673076923077 0.7235576923076923 0.07932692307692307 0.1201923076923077