0 0.2512019230769231 0.38461538461538464 0.08173076923076923 0.13221153846153846
0 0.09495192307692307 0.3581730769230769 0.07211538461538461 0.07692307692307693
0 0.006009615384615385 0.38100961538461536 0.01201923076923077 0.09375
0 0.2620192307692308 0.056490384615384616 0.08653846153846154 0.08653846153846154
0 0.3798076923076923 0.03365384615384615 0.10096153846153846 0.06009615384615385
0 0.6514423076923077 0.056490384615384616 0.06490384615384616 0.09375
0 0.8305288461538461 0.15625 0.0625 0.09134615384615384
0 0.6875 0.4987980769230769 0.0625 0.07692307692307693
0 0.6526442307692307 0.625 0.09375 0.0985576923076923
0 0.6478365384615384 0.7427884615384616 0.07451923076923077 0.09615384615384616
0 0.6586538461538461 0.9158653846153846 0.07932692307692307 0.09615384615384616
0 0.5480769230769231 0.6514423076923077 0.08653846153846154 0.14182692307692307
0 0.4855769230769231 0.26322115384615385 0.10096153846153846 0.15384615384615385
0 0.65625 0.2512019230769231 0.07451923076923077 0.125
0 0.7956730769230769 0.515625 0.08653846153846154 0.11778846153846154
0 0.8509615384615384 0.6358173076923077 0.06490384615384616 0.09134615384615384
0 0.7668269230769231 0.6814903846153846 0.06490384615384616 0.125
0 0.9567307692307693 0.6742788461538461 0.08653846153846154 0.10817307692307693
0 0.28365384615384615 0.6971153846153846 0.052884615384615384 0.07692307692307693
0 0.25 0.8353365384615384 0.08413461538461539 0.05048076923076923
0 0.08052884615384616 0.7548076923076923 0.09375 0.11298076923076923
0 0.007211538461538462 0.12980769230769232 0.014423076923076924 0.11057692307692307