0 0.4206730769230769 0.6201923076923077 0.08774038461538461 0.0985576923076923
0 0.4579326923076923 0.7920673076923077 0.09254807692307693 0.11177884615384616
0 0.3245192307692308 0.5745192307692307 0.04927884615384615 0.11057692307692307
0 0.6225961538461539 0.5745192307692307 0.08533653846153846 0.14783653846153846
0 0.7271634615384616 0.3954326923076923 0.09254807692307693 0.0889423076923077
0 0.8052884615384616 0.5396634615384616 0.0625 0.055288461538461536
0 0.7872596153846154 0.6899038461538461 0.08774038461538461 0.051682692307692304
0 0.7908653846153846 0.7475961538461539 0.07932692307692307 0.06850961538461539
0 0.9819711538461539 0.5132211538461539 0.036057692307692304 0.08533653846153846
0 0.7788461538461539 0.1201923076923077 0.06370192307692307 0.06009615384615385
0 0.4951923076923077 0.1310096153846154 0.06009615384615385 0.09495192307692307
0 0.140625 0.16947115384615385 0.07091346153846154 0.11057692307692307
0 0.0733173076923077 0.4026442307692308 0.0625 0.08413461538461539
0 0.054086538461538464 0.5132211538461539 0.09615384615384616 0.06490384615384616
0 0.10336538461538461 0.6225961538461539 0.055288461538461536 0.06129807692307692
0 0.054086538461538464 0.7848557692307693 0.07932692307692307 0.07091346153846154
0 0.23197115384615385 0.6105769230769231 0.05889423076923077 0.07451923076923077
0 0.15865384615384615 0.5108173076923077 0.05889423076923077 0.0625
0 0.22115384615384615 0.4387019230769231 0.052884615384615384 0.08653846153846154
0 0.328125 0.46153846153846156 0.07211538461538461 0.08052884615384616
0 0.30288461538461536 0.19230769230769232 0.0673076923076923 0.09495192307692307
0 0.8052884615384616 0.46634615384615385 0.08173076923076923 0.10096153846153846