0 0.15745192307692307 0.3161057692307692 0.06009615384615385 0.057692307692307696
0 0.27524038461538464 0.3894230769230769 0.036057692307692304 0.06129807692307692
0 0.3329326923076923 0.484375 0.056490384615384616 0.06370192307692307
0 0.08653846153846154 0.6334134615384616 0.07572115384615384 0.057692307692307696
0 0.15144230769230768 0.7524038461538461 0.042067307692307696 0.0673076923076923
0 0.22355769230769232 0.8245192307692307 0.05048076923076923 0.07692307692307693
0 0.27884615384615385 0.8016826923076923 0.040865384615384616 0.0733173076923077
0 0.32091346153846156 0.8725961538461539 0.054086538461538464 0.0733173076923077
0 0.4014423076923077 0.8701923076923077 0.04567307692307692 0.07091346153846154
0 0.46153846153846156 0.6081730769230769 0.052884615384615384 0.09735576923076923
0 0.36538461538461536 0.6887019230769231 0.06490384615384616 0.09134615384615384
0 0.5757211538461539 0.6838942307692307 0.07091346153846154 0.046875
0 0.6778846153846154 0.6947115384615384 0.06370192307692307 0.07451923076923077
0 0.8389423076923077 0.7439903846153846 0.06129807692307692 0.09495192307692307
0 0.6778846153846154 0.8810096153846154 0.0625 0.052884615384615384
0 0.8004807692307693 0.8918269230769231 0.038461538461538464 0.0733173076923077
0 0.9194711538461539 0.8557692307692307 0.0733173076923077 0.052884615384615384
0 0.9615384615384616 0.6862980769230769 0.052884615384615384 0.0673076923076923
0 0.8064903846153846 0.6045673076923077 0.052884615384615384 0.08533653846153846
0 0.8846153846153846 0.4170673076923077 0.07692307692307693 0.07572115384615384
0 0.4831730769230769 0.25 0.052884615384615384 0.09134615384615384
0 0.6213942307692307 0.4483173076923077 0.019230769230769232 0.042067307692307696
0 0.20072115384615385 0.5625 0.025240384615384616 0.051682692307692304
0 0.27884615384615385 0.19831730769230768 0.09615384615384616 0.0985576923076923
0 0.4951923076923077 0.9314903846153846 0.027644230769230768 0.055288461538461536
0 0.06850961538461539 0.8329326923076923 0.04567307692307692 0.08533653846153846