0 0.19471153846153846 0.3473557692307692 0.1201923076923077 0.14423076923076922
0 0.20552884615384615 0.8209134615384616 0.13942307692307693 0.14182692307692307
0 0.3317307692307692 0.9639423076923077 0.11057692307692307 0.07211538461538461
0 0.3798076923076923 0.40384615384615385 0.07692307692307693 0.07211538461538461
0 0.49278846153846156 0.5048076923076923 0.09134615384615384 0.11298076923076923
0 0.5805288461538461 0.1622596153846154 0.11057692307692307 0.13701923076923078
0 0.7199519230769231 0.6454326923076923 0.10817307692307693 0.125
0 0.6129807692307693 0.7776442307692307 0.12980769230769232 0.14903846153846154
0 0.9230769230769231 0.6935096153846154 0.10576923076923077 0.13221153846153846
0 0.5420673076923077 0.9759615384615384 0.06009615384615385 0.04807692307692308
0 0.36899038461538464 0.34375 0.07451923076923077 0.09134615384615384