0 0.4831730769230769 0.390625 0.12740384615384615 0.12980769230769232
0 0.3269230769230769 0.2608173076923077 0.09134615384615384 0.09134615384615384
0 0.23798076923076922 0.43028846153846156 0.0985576923076923 0.10096153846153846
0 0.0985576923076923 0.4699519230769231 0.09134615384615384 0.09134615384615384
0 0.03485576923076923 0.4074519230769231 0.06971153846153846 0.09375
0 0.04807692307692308 0.6346153846153846 0.09615384615384616 0.10576923076923077
0 0.13822115384615385 0.7007211538461539 0.10096153846153846 0.10096153846153846
0 0.23076923076923078 0.5817307692307693 0.09615384615384616 0.09615384615384616
0 0.35697115384615385 0.5853365384615384 0.09375 0.09615384615384616
0 0.27283653846153844 0.7139423076923077 0.08173076923076923 0.08653846153846154
0 0.4483173076923077 0.8052884615384616 0.0889423076923077 0.0889423076923077
0 0.578125 0.9771634615384616 0.06971153846153846 0.04567307692307692
0 0.3545673076923077 0.9735576923076923 0.07932692307692307 0.052884615384615384
0 0.5997596153846154 0.7139423076923077 0.07932692307692307 0.07932692307692307
0 0.7235576923076923 0.6610576923076923 0.08413461538461539 0.08653846153846154
0 0.7139423076923077 0.7632211538461539 0.07451923076923077 0.07692307692307693
0 0.7463942307692307 0.7776442307692307 0.0673076923076923 0.06971153846153846
0 0.7644230769230769 0.8221153846153846 0.06490384615384616 0.06490384615384616
0 0.7487980769230769 0.9627403846153846 0.0625 0.0673076923076923
0 0.6887019230769231 0.9675480769230769 0.06490384615384616 0.06490384615384616
0 0.6334134615384616 0.9615384615384616 0.09375 0.07692307692307693
0 0.8846153846153846 0.4735576923076923 0.08413461538461539 0.0889423076923077
0 0.6141826923076923 0.15264423076923078 0.0985576923076923 0.0985576923076923