0 0.20793269230769232 0.3894230769230769 0.027644230769230768 0.03245192307692308
0 0.21153846153846154 0.41346153846153844 0.015625 0.037259615384615384
0 0.1466346153846154 0.3737980769230769 0.025240384615384616 0.042067307692307696
0 0.125 0.5384615384615384 0.037259615384615384 0.04447115384615385
0 0.15384615384615385 0.6117788461538461 0.028846153846153848 0.03365384615384615
0 0.20072115384615385 0.6502403846153846 0.027644230769230768 0.036057692307692304
0 0.23076923076923078 0.6298076923076923 0.018028846153846152 0.042067307692307696
0 0.2548076923076923 0.6670673076923077 0.03485576923076923 0.03245192307692308
0 0.296875 0.671875 0.03125 0.03485576923076923
0 0.35216346153846156 0.7067307692307693 0.025240384615384616 0.039663461538461536
0 0.31850961538461536 0.5324519230769231 0.036057692307692304 0.027644230769230768
0 0.27403846153846156 0.5709134615384616 0.030048076923076924 0.039663461538461536
0 0.24879807692307693 0.46634615384615385 0.03485576923076923 0.04567307692307692
0 0.3161057692307692 0.33653846153846156 0.026442307692307692 0.06610576923076923
0 0.5372596153846154 0.4110576923076923 0.04807692307692308 0.06610576923076923
0 0.6514423076923077 0.4423076923076923 0.028846153846153848 0.055288461538461536
0 0.6009615384615384 0.5625 0.03245192307692308 0.04567307692307692
0 0.5841346153846154 0.6502403846153846 0.025240384615384616 0.056490384615384616
0 0.5324519230769231 0.5901442307692307 0.025240384615384616 0.052884615384615384
0 0.5132211538461539 0.5228365384615384 0.027644230769230768 0.042067307692307696
0 0.46634615384615385 0.8137019230769231 0.03245192307692308 0.030048076923076924
0 0.5252403846153846 0.7836538461538461 0.03245192307692308 0.04567307692307692
0 0.4831730769230769 0.7680288461538461 0.03245192307692308 0.039663461538461536
0 0.49278846153846156 0.8461538461538461 0.028846153846153848 0.04447115384615385
0 0.5228365384615384 0.8353365384615384 0.021634615384615384 0.039663461538461536
0 0.5588942307692307 0.8521634615384616 0.036057692307692304 0.04567307692307692
0 0.5709134615384616 0.9086538461538461 0.038461538461538464 0.046875
0 0.4266826923076923 0.9170673076923077 0.037259615384615384 0.039663461538461536
0 0.4423076923076923 0.8461538461538461 0.02403846153846154 0.030048076923076924
0 0.41947115384615385 0.8112980769230769 0.04567307692307692 0.06370192307692307
0 0.4254807692307692 0.7764423076923077 0.019230769230769232 0.04807692307692308
0 0.45552884615384615 0.6694711538461539 0.03245192307692308 0.056490384615384616
0 0.5120192307692307 0.6766826923076923 0.03125 0.07091346153846154
0 0.44350961538461536 0.5673076923076923 0.040865384615384616 0.04807692307692308
0 0.38822115384615385 0.5673076923076923 0.039663461538461536 0.042067307692307696
0 0.3245192307692308 0.8161057692307693 0.025240384615384616 0.027644230769230768
0 0.296875 0.8617788461538461 0.030048076923076924 0.028846153846153848
0 0.15865384615384615 0.8389423076923077 0.039663461538461536 0.039663461538461536
0 0.1466346153846154 0.8617788461538461 0.036057692307692304 0.040865384615384616
0 0.12860576923076922 0.9314903846153846 0.02403846153846154 0.06129807692307692
0 0.1778846153846154 0.9278846153846154 0.040865384615384616 0.03365384615384615
0 0.6887019230769231 0.6430288461538461 0.03485576923076923 0.051682692307692304
0 0.6730769230769231 0.7584134615384616 0.039663461538461536 0.046875
0 0.6947115384615384 0.8653846153846154 0.030048076923076924 0.036057692307692304
0 0.6959134615384616 0.8978365384615384 0.03125 0.03245192307692308
0 0.7752403846153846 0.8064903846153846 0.026442307692307692 0.038461538461538464
0 0.8040865384615384 0.8449519230769231 0.02283653846153846 0.046875
0 0.8245192307692307 0.8629807692307693 0.02403846153846154 0.04567307692307692
0 0.8173076923076923 0.7391826923076923 0.038461538461538464 0.04447115384615385
0 0.7932692307692307 0.7079326923076923 0.030048076923076924 0.037259615384615384
0 0.8173076923076923 0.6802884615384616 0.03245192307692308 0.05889423076923077
0 0.8689903846153846 0.5721153846153846 0.021634615384615384 0.04447115384615385
0 0.8846153846153846 0.6454326923076923 0.027644230769230768 0.051682692307692304
0 0.8497596153846154 0.5649038461538461 0.025240384615384616 0.04326923076923077
0 0.8245192307692307 0.5576923076923077 0.027644230769230768 0.04326923076923077
0 0.8209134615384616 0.5120192307692307 0.039663461538461536 0.040865384615384616
0 0.7548076923076923 0.5745192307692307 0.036057692307692304 0.051682692307692304
0 0.7043269230769231 0.7824519230769231 0.037259615384615384 0.057692307692307696
0 0.6298076923076923 0.8233173076923077 0.028846153846153848 0.040865384615384616
0 0.21153846153846154 0.31490384615384615 0.046875 0.039663461538461536
0 0.11538461538461539 0.6538461538461539 0.025240384615384616 0.04567307692307692