0 0.5048076923076923 0.3713942307692308 0.07451923076923077 0.12259615384615384
0 0.8557692307692307 0.4050480769230769 0.08653846153846154 0.10817307692307693
0 0.6237980769230769 0.0829326923076923 0.11057692307692307 0.11538461538461539
0 0.3798076923076923 0.16346153846153846 0.13221153846153846 0.14423076923076922
0 0.07572115384615384 0.3425480769230769 0.12980769230769232 0.1346153846153846
0 0.01201923076923077 0.625 0.02403846153846154 0.09615384615384616
0 0.07451923076923077 0.7548076923076923 0.09134615384615384 0.08653846153846154
0 0.027644230769230768 0.8377403846153846 0.055288461538461536 0.08413461538461539
0 0.1466346153846154 0.6610576923076923 0.07932692307692307 0.1466346153846154
0 0.1466346153846154 0.8557692307692307 0.09615384615384616 0.1346153846153846
0 0.25600961538461536 0.7055288461538461 0.10096153846153846 0.08173076923076923
0 0.34975961538461536 0.8978365384615384 0.14423076923076922 0.11057692307692307
0 0.5420673076923077 0.8653846153846154 0.09375 0.0889423076923077
0 0.6766826923076923 0.96875 0.0985576923076923 0.0625
0 0.6826923076923077 0.7331730769230769 0.10817307692307693 0.10336538461538461
0 0.9242788461538461 0.8569711538461539 0.06009615384615385 0.07692307692307693
0 0.09495192307692307 0.03365384615384615 0.06490384615384616 0.0673076923076923
0 0.2608173076923077 0.41586538461538464 0.10576923076923077 0.15384615384615385
0 0.24519230769230768 0.8377403846153846 0.0673076923076923 0.10576923076923077
0 0.7355769230769231 0.8834134615384616 0.0673076923076923 0.07932692307692307
0 0.7704326923076923 0.7884615384615384 0.10096153846153846 0.12980769230769232