0 0.28365384615384615 0.7644230769230769 0.057692307692307696 0.09254807692307693
0 0.21153846153846154 0.6310096153846154 0.10336538461538461 0.08413461538461539
0 0.2980769230769231 0.2644230769230769 0.06610576923076923 0.12259615384615384
0 0.4362980769230769 0.3076923076923077 0.052884615384615384 0.078125
0 0.4254807692307692 0.34975961538461536 0.054086538461538464 0.04927884615384615
0 0.49038461538461536 0.453125 0.0673076923076923 0.08173076923076923
0 0.6538461538461539 0.18990384615384615 0.05889423076923077 0.08173076923076923
0 0.6201923076923077 0.5961538461538461 0.06610576923076923 0.06129807692307692
0 0.5144230769230769 0.6802884615384616 0.0985576923076923 0.07572115384615384
0 0.4362980769230769 0.8076923076923077 0.056490384615384616 0.0985576923076923
0 0.36538461538461536 0.84375 0.051682692307692304 0.08533653846153846
0 0.48677884615384615 0.8990384615384616 0.04807692307692308 0.07091346153846154
0 0.5721153846153846 0.9050480769230769 0.04927884615384615 0.08653846153846154
0 0.6838942307692307 0.953125 0.04567307692307692 0.07211538461538461
0 0.8677884615384616 0.6899038461538461 0.0625 0.06490384615384616
0 0.7608173076923077 0.6754807692307693 0.0673076923076923 0.05889423076923077
0 0.1971153846153846 0.8425480769230769 0.054086538461538464 0.07692307692307693
0 0.8810096153846154 0.90625 0.057692307692307696 0.09254807692307693