0 0.5961538461538461 0.027644230769230768 0.08653846153846154 0.055288461538461536
0 0.6105769230769231 0.13221153846153846 0.06971153846153846 0.07211538461538461
0 0.65625 0.1658653846153846 0.08173076923076923 0.08653846153846154
0 0.6923076923076923 0.203125 0.10817307692307693 0.11298076923076923
0 0.47716346153846156 0.10216346153846154 0.0985576923076923 0.11057692307692307
0 0.28125 0.23918269230769232 0.10336538461538461 0.11057692307692307
0 0.17908653846153846 0.484375 0.10096153846153846 0.10576923076923077
0 0.051682692307692304 0.5925480769230769 0.0889423076923077 0.09375
0 0.18269230769230768 0.7524038461538461 0.09375 0.08653846153846154
0 0.17427884615384615 0.8016826923076923 0.10096153846153846 0.09375
0 0.203125 0.625 0.09375 0.0985576923076923
0 0.39302884615384615 0.6394230769230769 0.07692307692307693 0.07932692307692307
0 0.5144230769230769 0.5480769230769231 0.10096153846153846 0.10336538461538461
0 0.4723557692307692 0.43149038461538464 0.09615384615384616 0.09375
0 0.5384615384615384 0.40865384615384615 0.08653846153846154 0.09375
0 0.609375 0.38461538461538464 0.07451923076923077 0.08173076923076923
0 0.7019230769230769 0.3762019230769231 0.06971153846153846 0.07692307692307693
0 0.43509615384615385 0.7776442307692307 0.07932692307692307 0.08413461538461539
0 0.4639423076923077 0.8161057692307693 0.07932692307692307 0.09134615384615384
0 0.6009615384615384 0.7596153846153846 0.06490384615384616 0.0673076923076923
0 0.6213942307692307 0.7944711538461539 0.0625 0.06971153846153846
0 0.5865384615384616 0.8918269230769231 0.08413461538461539 0.08653846153846154
0 0.24278846153846154 0.5504807692307693 0.11057692307692307 0.12259615384615384