0 0.18990384615384615 0.3293269230769231 0.028846153846153848 0.02403846153846154
0 0.18990384615384615 0.35096153846153844 0.016826923076923076 0.036057692307692304
0 0.11538461538461539 0.30528846153846156 0.04567307692307692 0.04567307692307692
0 0.09375 0.5024038461538461 0.03125 0.05048076923076923
0 0.12860576923076922 0.5709134615384616 0.040865384615384616 0.038461538461538464
0 0.17908653846153846 0.6117788461538461 0.026442307692307692 0.04807692307692308
0 0.1346153846153846 0.8233173076923077 0.038461538461538464 0.04807692307692308
0 0.125 0.8485576923076923 0.036057692307692304 0.04807692307692308
0 0.10336538461538461 0.9350961538461539 0.038461538461538464 0.04807692307692308
0 0.1502403846153846 0.9242788461538461 0.036057692307692304 0.052884615384615384
0 0.28846153846153844 0.8389423076923077 0.04326923076923077 0.04807692307692308
0 0.22596153846153846 0.7920673076923077 0.03365384615384615 0.04326923076923077
0 0.32091346153846156 0.7908653846153846 0.02403846153846154 0.04567307692307692
0 0.3449519230769231 0.6658653846153846 0.021634615384615384 0.04807692307692308
0 0.28966346153846156 0.6334134615384616 0.036057692307692304 0.055288461538461536
0 0.2403846153846154 0.6370192307692307 0.03365384615384615 0.057692307692307696
0 0.21394230769230768 0.5913461538461539 0.03365384615384615 0.052884615384615384
0 0.23557692307692307 0.4026442307692308 0.038461538461538464 0.055288461538461536
0 0.3076923076923077 0.27283653846153844 0.02403846153846154 0.04807692307692308
0 0.31009615384615385 0.48197115384615385 0.03365384615384615 0.04567307692307692
0 0.25721153846153844 0.5276442307692307 0.038461538461538464 0.06009615384615385
0 0.390625 0.5192307692307693 0.038461538461538464 0.04567307692307692
0 0.4423076923076923 0.5120192307692307 0.03365384615384615 0.04567307692307692
0 0.5192307692307693 0.47115384615384615 0.03125 0.03365384615384615
0 0.5456730769230769 0.3605769230769231 0.04567307692307692 0.055288461538461536
0 0.6658653846153846 0.38461538461538464 0.038461538461538464 0.06009615384615385
0 0.8353365384615384 0.4543269230769231 0.038461538461538464 0.04807692307692308
0 0.8521634615384616 0.5132211538461539 0.028846153846153848 0.036057692307692304
0 0.8737980769230769 0.5108173076923077 0.03365384615384615 0.052884615384615384
0 0.8918269230769231 0.5300480769230769 0.036057692307692304 0.04326923076923077
0 0.9146634615384616 0.6045673076923077 0.028846153846153848 0.038461538461538464
0 0.8737980769230769 0.6237980769230769 0.036057692307692304 0.04326923076923077
0 0.84375 0.6394230769230769 0.040865384615384616 0.03365384615384615
0 0.8497596153846154 0.7055288461538461 0.05048076923076923 0.04567307692307692
0 0.8052884615384616 0.7680288461538461 0.03365384615384615 0.04807692307692308
0 0.7175480769230769 0.8509615384615384 0.03365384615384615 0.02403846153846154
0 0.7199519230769231 0.8701923076923077 0.03365384615384615 0.03125
0 0.6971153846153846 0.7319711538461539 0.03365384615384615 0.04807692307692308
0 0.5997596153846154 0.6117788461538461 0.03125 0.040865384615384616
0 0.6538461538461539 0.8028846153846154 0.036057692307692304 0.038461538461538464
0 0.5721153846153846 0.8221153846153846 0.038461538461538464 0.038461538461538464
0 0.5901442307692307 0.8918269230769231 0.028846153846153848 0.05048076923076923
0 0.5372596153846154 0.8076923076923077 0.02403846153846154 0.052884615384615384
0 0.5348557692307693 0.7572115384615384 0.040865384615384616 0.05048076923076923
0 0.49399038461538464 0.7367788461538461 0.03365384615384615 0.057692307692307696
0 0.4651442307692308 0.78125 0.03365384615384615 0.036057692307692304
0 0.5 0.8257211538461539 0.03125 0.05048076923076923
0 0.4495192307692308 0.8269230769230769 0.036057692307692304 0.04807692307692308
0 0.41947115384615385 0.7896634615384616 0.04807692307692308 0.057692307692307696
0 0.42908653846153844 0.9002403846153846 0.04807692307692308 0.04326923076923077
0 0.6117788461538461 0.5168269230769231 0.026442307692307692 0.04567307692307692
0 0.5348557692307693 0.5492788461538461 0.03365384615384615 0.052884615384615384
0 0.9098557692307693 0.7800480769230769 0.02403846153846154 0.036057692307692304
0 0.921875 0.7956730769230769 0.026442307692307692 0.036057692307692304
0 0.515625 0.6370192307692307 0.03365384615384615 0.052884615384615384
0 0.4483173076923077 0.6298076923076923 0.026442307692307692 0.04807692307692308
0 0.7752403846153846 0.5180288461538461 0.026442307692307692 0.05048076923076923
0 0.9038461538461539 0.31850961538461536 0.026442307692307692 0.07932692307692307
0 0.7319711538461539 0.75 0.04567307692307692 0.06971153846153846
0 0.08653846153846154 0.6153846153846154 0.026442307692307692 0.05048076923076923
0 0.4266826923076923 0.7391826923076923 0.026442307692307692 0.06009615384615385