0 0.16466346153846154 0.6995192307692307 0.10817307692307693 0.11057692307692307
0 0.26322115384615385 0.90625 0.0985576923076923 0.10576923076923077
0 0.4098557692307692 0.9819711538461539 0.08413461538461539 0.036057692307692304
0 0.48677884615384615 0.8677884615384616 0.07692307692307693 0.07932692307692307
0 0.40625 0.5949519230769231 0.09134615384615384 0.0985576923076923
0 0.7512019230769231 0.8990384615384616 0.06971153846153846 0.07211538461538461
0 0.7572115384615384 0.5024038461538461 0.07211538461538461 0.07692307692307693
0 0.8161057692307693 0.5048076923076923 0.10336538461538461 0.09615384615384616
0 0.8894230769230769 0.5661057692307693 0.0673076923076923 0.0673076923076923
0 0.9290865384615384 0.546875 0.07932692307692307 0.07692307692307693
0 0.96875 0.546875 0.0625 0.06971153846153846
0 0.7728365384615384 0.6730769230769231 0.10336538461538461 0.11057692307692307
0 0.7439903846153846 0.19471153846153846 0.10336538461538461 0.11057692307692307