0 0.6502403846153846 0.109375 0.12980769230769232 0.1346153846153846
0 0.8677884615384616 0.2668269230769231 0.0985576923076923 0.11298076923076923
0 0.5108173076923077 0.29927884615384615 0.11057692307692307 0.1201923076923077
0 0.6586538461538461 0.5024038461538461 0.0985576923076923 0.11778846153846154
0 0.47115384615384615 0.5012019230769231 0.08413461538461539 0.09134615384615384
0 0.5288461538461539 0.703125 0.10336538461538461 0.12740384615384615
0 0.7980769230769231 0.7992788461538461 0.11057692307692307 0.125
0 0.28365384615384615 0.3449519230769231 0.11538461538461539 0.125
0 0.171875 0.2692307692307692 0.11057692307692307 0.10336538461538461
0 0.17067307692307693 0.5673076923076923 0.11057692307692307 0.125
0 0.328125 0.6622596153846154 0.11298076923076923 0.13221153846153846