0 0.4891826923076923 0.7283653846153846 0.10336538461538461 0.10576923076923077
0 0.5673076923076923 0.8353365384615384 0.08653846153846154 0.08413461538461539
0 0.6045673076923077 0.8846153846153846 0.10096153846153846 0.10096153846153846
0 0.3581730769230769 0.8569711538461539 0.12740384615384615 0.12740384615384615
0 0.027644230769230768 0.578125 0.055288461538461536 0.12259615384615384
0 0.21033653846153846 0.36899038461538464 0.11298076923076923 0.11538461538461539
0 0.3473557692307692 0.6646634615384616 0.10096153846153846 0.0985576923076923
0 0.24519230769230768 0.12980769230769232 0.10576923076923077 0.11057692307692307
0 0.359375 0.016826923076923076 0.08413461538461539 0.03365384615384615
0 0.6117788461538461 0.06610576923076923 0.0985576923076923 0.10096153846153846
0 0.5564903846153846 0.15504807692307693 0.10817307692307693 0.11057692307692307
0 0.5252403846153846 0.23677884615384615 0.11057692307692307 0.11298076923076923
0 0.5072115384615384 0.32091346153846156 0.0985576923076923 0.10096153846153846
0 0.6189903846153846 0.5420673076923077 0.11057692307692307 0.11298076923076923
0 0.6213942307692307 0.36177884615384615 0.09615384615384616 0.09615384615384616
0 0.7560096153846154 0.5733173076923077 0.10336538461538461 0.10576923076923077
0 0.8112980769230769 0.5901442307692307 0.09134615384615384 0.09375
0 0.8401442307692307 0.4182692307692308 0.09134615384615384 0.09375
0 0.8846153846153846 0.42788461538461536 0.0889423076923077 0.09134615384615384
0 0.9399038461538461 0.5228365384615384 0.07932692307692307 0.08173076923076923
0 0.45072115384615385 0.6502403846153846 0.12259615384615384 0.125