0 0.4891826923076923 0.36899038461538464 0.11057692307692307 0.11057692307692307
0 0.6382211538461539 0.5949519230769231 0.11298076923076923 0.11778846153846154
0 0.9495192307692307 0.3858173076923077 0.08653846153846154 0.08413461538461539
0 0.9639423076923077 0.3545673076923077 0.055288461538461536 0.052884615384615384
0 0.3449519230769231 0.6995192307692307 0.10817307692307693 0.11057692307692307
0 0.17548076923076922 0.65625 0.0985576923076923 0.0985576923076923
0 0.2692307692307692 0.49158653846153844 0.1201923076923077 0.12259615384615384
0 0.054086538461538464 0.45913461538461536 0.09615384615384616 0.10096153846153846
0 0.020432692307692308 0.36778846153846156 0.040865384615384616 0.10096153846153846
0 0.16466346153846154 0.8245192307692307 0.10576923076923077 0.10576923076923077
0 0.3737980769230769 0.9675480769230769 0.10336538461538461 0.06490384615384616
0 0.5985576923076923 0.9459134615384616 0.11057692307692307 0.10817307692307693
0 0.7848557692307693 0.9050480769230769 0.09615384615384616 0.10336538461538461
0 0.02283653846153846 0.7247596153846154 0.04567307692307692 0.06009615384615385