0 0.359375 0.3954326923076923 0.04807692307692308 0.0733173076923077
0 0.25961538461538464 0.4651442307692308 0.06490384615384616 0.07091346153846154
0 0.19831730769230768 0.4483173076923077 0.036057692307692304 0.040865384615384616
0 0.1045673076923077 0.39663461538461536 0.04326923076923077 0.0673076923076923
0 0.040865384615384616 0.4423076923076923 0.04447115384615385 0.06490384615384616
0 0.020432692307692308 0.29447115384615385 0.040865384615384616 0.0673076923076923
0 0.1045673076923077 0.1201923076923077 0.030048076923076924 0.07211538461538461
0 0.39302884615384615 0.2512019230769231 0.0625 0.07091346153846154
0 0.5576923076923077 0.28846153846153844 0.05048076923076923 0.07451923076923077
0 0.7728365384615384 0.39783653846153844 0.038461538461538464 0.04927884615384615
0 0.7427884615384616 0.3737980769230769 0.046875 0.056490384615384616
0 0.7824519230769231 0.46274038461538464 0.037259615384615384 0.042067307692307696
0 0.8052884615384616 0.47475961538461536 0.040865384615384616 0.038461538461538464
0 0.8293269230769231 0.49038461538461536 0.038461538461538464 0.038461538461538464
0 0.8521634615384616 0.5889423076923077 0.042067307692307696 0.04927884615384615
0 0.8016826923076923 0.609375 0.039663461538461536 0.04927884615384615
0 0.7548076923076923 0.6274038461538461 0.037259615384615384 0.046875
0 0.7211538461538461 0.65625 0.040865384615384616 0.04567307692307692
0 0.6838942307692307 0.4795673076923077 0.046875 0.06009615384615385
0 0.5889423076923077 0.5709134615384616 0.040865384615384616 0.05889423076923077
0 0.48197115384615385 0.4579326923076923 0.04567307692307692 0.04326923076923077
0 0.38341346153846156 0.49759615384615385 0.038461538461538464 0.046875
0 0.44471153846153844 0.5709134615384616 0.03485576923076923 0.046875
0 0.2548076923076923 0.5853365384615384 0.04807692307692308 0.042067307692307696
0 0.1201923076923077 0.6213942307692307 0.036057692307692304 0.05048076923076923
0 0.057692307692307696 0.578125 0.04326923076923077 0.052884615384615384
0 0.06971153846153846 0.7632211538461539 0.036057692307692304 0.06850961538461539
0 0.020432692307692308 0.8317307692307693 0.040865384615384616 0.0625
0 0.19110576923076922 0.7824519230769231 0.051682692307692304 0.051682692307692304
0 0.21754807692307693 0.7307692307692307 0.03125 0.046875
0 0.2548076923076923 0.7788461538461539 0.052884615384615384 0.04447115384615385
0 0.21995192307692307 0.8365384615384616 0.038461538461538464 0.04807692307692308
0 0.1875 0.9242788461538461 0.04567307692307692 0.04567307692307692
0 0.28846153846153844 0.8329326923076923 0.038461538461538464 0.052884615384615384
0 0.28725961538461536 0.7367788461538461 0.042067307692307696 0.055288461538461536
0 0.33653846153846156 0.7512019230769231 0.04927884615384615 0.054086538461538464
0 0.33653846153846156 0.8149038461538461 0.028846153846153848 0.057692307692307696
0 0.37740384615384615 0.8461538461538461 0.046875 0.04326923076923077
0 0.4855769230769231 0.8112980769230769 0.03245192307692308 0.052884615384615384
0 0.5408653846153846 0.7331730769230769 0.055288461538461536 0.036057692307692304
0 0.5757211538461539 0.8076923076923077 0.03365384615384615 0.040865384615384616
0 0.5697115384615384 0.8858173076923077 0.04447115384615385 0.037259615384615384
0 0.5673076923076923 0.9074519230769231 0.052884615384615384 0.026442307692307692
0 0.6730769230769231 0.7920673076923077 0.06610576923076923 0.04807692307692308
0 0.7536057692307693 0.71875 0.055288461538461536 0.05889423076923077
0 0.7247596153846154 0.8569711538461539 0.039663461538461536 0.0733173076923077
0 0.7451923076923077 0.8798076923076923 0.036057692307692304 0.06370192307692307
0 0.8257211538461539 0.9026442307692307 0.036057692307692304 0.0625
0 0.8305288461538461 0.8305288461538461 0.03245192307692308 0.052884615384615384
0 0.8185096153846154 0.8100961538461539 0.04807692307692308 0.037259615384615384
0 0.5841346153846154 0.7632211538461539 0.04927884615384615 0.05889423076923077
0 0.34375 0.5949519230769231 0.04447115384615385 0.07451923076923077
0 0.8617788461538461 0.21514423076923078 0.036057692307692304 0.054086538461538464