0 0.3798076923076923 0.40024038461538464 0.06490384615384616 0.09134615384615384
0 0.25600961538461536 0.46634615384615385 0.08413461538461539 0.09134615384615384
0 0.1875 0.4387019230769231 0.04807692307692308 0.05048076923076923
0 0.0889423076923077 0.36538461538461536 0.06009615384615385 0.08413461538461539
0 0.020432692307692308 0.40865384615384615 0.036057692307692304 0.07692307692307693
0 0.12740384615384615 0.051682692307692304 0.04567307692307692 0.08653846153846154
0 0.4375 0.2403846153846154 0.08173076923076923 0.0889423076923077
0 0.6201923076923077 0.30528846153846156 0.0673076923076923 0.09134615384615384
0 0.8497596153846154 0.46153846153846156 0.05048076923076923 0.0625
0 0.8185096153846154 0.42908653846153844 0.0625 0.07211538461538461
0 0.8521634615384616 0.5360576923076923 0.04807692307692308 0.052884615384615384
0 0.8762019230769231 0.5528846153846154 0.052884615384615384 0.05048076923076923
0 0.9014423076923077 0.5745192307692307 0.04807692307692308 0.05048076923076923
0 0.9134615384615384 0.6887019230769231 0.055288461538461536 0.0625
0 0.8533653846153846 0.7067307692307693 0.052884615384615384 0.0625
0 0.7992788461538461 0.7199519230769231 0.05048076923076923 0.06009615384615385
0 0.7548076923076923 0.7475961538461539 0.052884615384615384 0.057692307692307696
0 0.7367788461538461 0.5420673076923077 0.0625 0.07451923076923077
0 0.6165865384615384 0.6334134615384616 0.055288461538461536 0.07451923076923077
0 0.5108173076923077 0.4891826923076923 0.057692307692307696 0.055288461538461536
0 0.3918269230769231 0.5192307692307693 0.05048076923076923 0.057692307692307696
0 0.4519230769230769 0.6117788461538461 0.04567307692307692 0.057692307692307696
0 0.23317307692307693 0.6021634615384616 0.06009615384615385 0.055288461538461536
0 0.07572115384615384 0.6237980769230769 0.04807692307692308 0.0625
0 0.018028846153846152 0.5649038461538461 0.036057692307692304 0.0673076923076923
0 0.010817307692307692 0.7788461538461539 0.021634615384615384 0.08173076923076923
0 0.13341346153846154 0.8185096153846154 0.06490384615384616 0.0673076923076923
0 0.17067307692307693 0.7620192307692307 0.04326923076923077 0.057692307692307696
0 0.20552884615384615 0.8221153846153846 0.06490384615384616 0.057692307692307696
0 0.15865384615384615 0.8846153846153846 0.05048076923076923 0.06009615384615385
0 0.23677884615384615 0.8894230769230769 0.05048076923076923 0.06490384615384616
0 0.24879807692307693 0.7788461538461539 0.057692307692307696 0.06971153846153846
0 0.30288461538461536 0.8028846153846154 0.0625 0.0673076923076923
0 0.2956730769230769 0.875 0.040865384615384616 0.06971153846153846
0 0.33653846153846156 0.9158653846153846 0.06009615384615385 0.055288461538461536
0 0.4651442307692308 0.8918269230769231 0.04326923076923077 0.06490384615384616
0 0.5396634615384616 0.8100961538461539 0.0673076923076923 0.05048076923076923
0 0.5685096153846154 0.9002403846153846 0.04326923076923077 0.05048076923076923
0 0.5492788461538461 0.9819711538461539 0.055288461538461536 0.036057692307692304
0 0.5456730769230769 0.9963942307692307 0.0625 0.007211538461538462
0 0.6814903846153846 0.8966346153846154 0.08173076923076923 0.06490384615384616
0 0.7824519230769231 0.8245192307692307 0.07211538461538461 0.07451923076923077
0 0.7295673076923077 0.9663461538461539 0.055288461538461536 0.0673076923076923
0 0.7512019230769231 0.984375 0.05048076923076923 0.03125
0 0.8557692307692307 0.9627403846153846 0.04326923076923077 0.06490384615384616
0 0.8449519230769231 0.9375 0.06009615384615385 0.05048076923076923
0 0.5841346153846154 0.8509615384615384 0.06490384615384616 0.07451923076923077
0 0.3329326923076923 0.625 0.06009615384615385 0.09134615384615384
0 0.9759615384615384 0.2644230769230769 0.04807692307692308 0.0673076923076923