0 0.3088942307692308 0.054086538461538464 0.06009615384615385 0.09375
0 0.04447115384615385 0.32572115384615385 0.07211538461538461 0.10576923076923077
0 0.09735576923076923 0.41466346153846156 0.0889423076923077 0.12259615384615384
0 0.21033653846153846 0.43028846153846156 0.057692307692307696 0.11298076923076923
0 0.040865384615384616 0.8076923076923077 0.08173076923076923 0.10576923076923077
0 0.15504807692307693 0.9362980769230769 0.07211538461538461 0.07451923076923077
0 0.24759615384615385 0.8125 0.04567307692307692 0.10336538461538461
0 0.35096153846153844 0.5048076923076923 0.06490384615384616 0.1346153846153846
0 0.4855769230769231 0.17307692307692307 0.06971153846153846 0.08413461538461539
0 0.6274038461538461 0.20673076923076922 0.0889423076923077 0.11298076923076923
0 0.8521634615384616 0.28966346153846156 0.0889423076923077 0.125
0 0.8317307692307693 0.07211538461538461 0.07692307692307693 0.09375
0 0.9771634615384616 0.44471153846153844 0.04567307692307692 0.09134615384615384
0 0.7920673076923077 0.4831730769230769 0.07932692307692307 0.09375
0 0.6129807692307693 0.4567307692307692 0.07692307692307693 0.08173076923076923
0 0.5552884615384616 0.7199519230769231 0.06490384615384616 0.09375
0 0.5276442307692307 0.8329326923076923 0.10336538461538461 0.0985576923076923
0 0.6394230769230769 0.8485576923076923 0.07451923076923077 0.09134615384615384
0 0.8233173076923077 0.8016826923076923 0.10096153846153846 0.10336538461538461
0 0.9134615384615384 0.9723557692307693 0.09615384615384616 0.055288461538461536
0 0.7103365384615384 0.9639423076923077 0.09375 0.07211538461538461
0 0.5745192307692307 0.9471153846153846 0.07211538461538461 0.10576923076923077
0 0.8293269230769231 0.9290865384615384 0.0625 0.10336538461538461
0 0.7139423076923077 0.7548076923076923 0.08173076923076923 0.10336538461538461
0 0.17668269230769232 0.15865384615384615 0.06971153846153846 0.08653846153846154