0 0.38221153846153844 0.6081730769230769 0.09134615384615384 0.0889423076923077
0 0.34615384615384615 0.7740384615384616 0.055288461538461536 0.08653846153846154
0 0.1971153846153846 0.8954326923076923 0.10576923076923077 0.08173076923076923
0 0.28365384615384615 0.9819711538461539 0.07692307692307693 0.036057692307692304
0 0.10336538461538461 0.8701923076923077 0.04807692307692308 0.10096153846153846
0 0.07211538461538461 0.7644230769230769 0.07211538461538461 0.07692307692307693
0 0.09134615384615384 0.4543269230769231 0.0985576923076923 0.125
0 0.051682692307692304 0.2644230769230769 0.09375 0.09615384615384616
0 0.3233173076923077 0.35216346153846156 0.06009615384615385 0.0985576923076923
0 0.3942307692307692 0.15144230769230768 0.07211538461538461 0.1201923076923077
0 0.5973557692307693 0.39783653846153844 0.07211538461538461 0.08413461538461539
0 0.6262019230769231 0.34134615384615385 0.06971153846153846 0.07211538461538461
0 0.6646634615384616 0.27283653846153844 0.06490384615384616 0.0889423076923077
0 0.7319711538461539 0.2283653846153846 0.07451923076923077 0.10336538461538461
0 0.625 0.0985576923076923 0.07211538461538461 0.06009615384615385
0 0.5745192307692307 0.08533653846153846 0.06490384615384616 0.10096153846153846
0 0.5276442307692307 0.08653846153846154 0.07451923076923077 0.07932692307692307
0 0.6358173076923077 0.6165865384615384 0.10096153846153846 0.1466346153846154
0 0.7608173076923077 0.6814903846153846 0.06490384615384616 0.125
0 0.8112980769230769 0.6983173076923077 0.057692307692307696 0.10817307692307693
0 0.8774038461538461 0.5673076923076923 0.06490384615384616 0.07932692307692307
0 0.9122596153846154 0.5805288461538461 0.06490384615384616 0.08413461538461539
0 0.9387019230769231 0.6862980769230769 0.08653846153846154 0.10817307692307693
0 0.6838942307692307 0.4639423076923077 0.11778846153846154 0.09375
0 0.5288461538461539 0.8293269230769231 0.08413461538461539 0.06971153846153846
0 0.5661057692307693 0.8822115384615384 0.07211538461538461 0.09375
0 0.49278846153846156 0.7091346153846154 0.08173076923076923 0.0889423076923077
0 0.47115384615384615 0.6262019230769231 0.09615384615384616 0.1201923076923077