0 0.1201923076923077 0.3389423076923077 0.07211538461538461 0.10336538461538461
0 0.03125 0.23317307692307693 0.038461538461538464 0.06129807692307692
0 0.016826923076923076 0.17067307692307693 0.03125 0.057692307692307696
0 0.21995192307692307 0.028846153846153848 0.046875 0.057692307692307696
0 0.018028846153846152 0.703125 0.036057692307692304 0.1045673076923077
0 0.109375 0.7836538461538461 0.054086538461538464 0.0889423076923077
0 0.17427884615384615 0.7427884615384616 0.037259615384615384 0.08533653846153846
0 0.24278846153846154 0.8149038461538461 0.04326923076923077 0.09014423076923077
0 0.3449519230769231 0.8052884615384616 0.04807692307692308 0.07932692307692307
0 0.47596153846153844 0.8557692307692307 0.057692307692307696 0.11177884615384616
0 0.6826923076923077 0.7752403846153846 0.0625 0.0829326923076923
0 0.8305288461538461 0.5877403846153846 0.06610576923076923 0.0889423076923077
0 0.9723557692307693 0.703125 0.052884615384615384 0.0985576923076923
0 0.9699519230769231 0.49759615384615385 0.055288461538461536 0.078125
0 0.7596153846153846 0.41346153846153844 0.06129807692307692 0.08653846153846154
0 0.6201923076923077 0.546875 0.07091346153846154 0.09735576923076923
0 0.49038461538461536 0.5408653846153846 0.06370192307692307 0.10216346153846154
0 0.3245192307692308 0.4987980769230769 0.055288461538461536 0.10697115384615384
0 0.24158653846153846 0.5757211538461539 0.04927884615384615 0.08413461538461539
0 0.7716346153846154 0.15625 0.08653846153846154 0.0829326923076923
0 0.8269230769230769 0.7632211538461539 0.07932692307692307 0.1141826923076923