0 0.3004807692307692 0.10817307692307693 0.10817307692307693 0.0985576923076923
0 0.3954326923076923 0.23197115384615385 0.10576923076923077 0.11778846153846154
0 0.47836538461538464 0.24519230769230768 0.07451923076923077 0.10096153846153846
0 0.5192307692307693 0.35096153846153844 0.10576923076923077 0.11778846153846154
0 0.6201923076923077 0.3918269230769231 0.09375 0.10576923076923077
0 0.7247596153846154 0.5048076923076923 0.09134615384615384 0.1201923076923077
0 0.5721153846153846 0.7271634615384616 0.06971153846153846 0.10576923076923077
0 0.39663461538461536 0.6670673076923077 0.10576923076923077 0.12259615384615384
0 0.1875 0.6526442307692307 0.10336538461538461 0.09615384615384616
0 0.1502403846153846 0.6826923076923077 0.09375 0.09615384615384616
0 0.17067307692307693 0.8353365384615384 0.0985576923076923 0.11538461538461539
0 0.7704326923076923 0.7992788461538461 0.0985576923076923 0.09134615384615384
0 0.8569711538461539 0.8305288461538461 0.0889423076923077 0.10336538461538461
0 0.8653846153846154 0.9194711538461539 0.038461538461538464 0.08173076923076923
0 0.9543269230769231 0.22235576923076922 0.09134615384615384 0.11778846153846154
0 0.18269230769230768 0.1778846153846154 0.11298076923076923 0.13701923076923078
0 0.6742788461538461 0.09495192307692307 0.11298076923076923 0.11538461538461539
0 0.96875 0.5276442307692307 0.0625 0.09375
0 0.9206730769230769 0.7704326923076923 0.052884615384615384 0.0985576923076923
0 0.8305288461538461 0.7259615384615384 0.07692307692307693 0.07932692307692307
0 0.6899038461538461 0.9699519230769231 0.07692307692307693 0.06009615384615385
0 0.7836538461538461 0.890625 0.06490384615384616 0.07932692307692307
0 0.47596153846153844 0.78125 0.08413461538461539 0.08413461538461539