0 0.2848557692307692 0.640625 0.10336538461538461 0.0985576923076923
0 0.3713942307692308 0.8100961538461539 0.09375 0.0985576923076923
0 0.21995192307692307 0.7752403846153846 0.11057692307692307 0.11778846153846154
0 0.28365384615384615 0.9507211538461539 0.09615384615384616 0.0985576923076923
0 0.0625 0.6670673076923077 0.10096153846153846 0.10096153846153846
0 0.1875 0.3629807692307692 0.08173076923076923 0.07932692307692307
0 0.5180288461538461 0.25961538461538464 0.09375 0.0985576923076923
0 0.5877403846153846 0.2620192307692308 0.10576923076923077 0.10096153846153846
0 0.6538461538461539 0.3317307692307692 0.09134615384615384 0.09375
0 0.6971153846153846 0.3137019230769231 0.07692307692307693 0.07932692307692307
0 0.7415865384615384 0.30288461538461536 0.07692307692307693 0.07692307692307693
0 0.8701923076923077 0.4026442307692308 0.10336538461538461 0.11057692307692307
0 0.8329326923076923 0.47115384615384615 0.0889423076923077 0.08653846153846154
0 0.8004807692307693 0.5396634615384616 0.09615384615384616 0.09375
0 0.7992788461538461 0.6165865384615384 0.10096153846153846 0.10336538461538461
0 0.8954326923076923 0.6538461538461539 0.10576923076923077 0.10576923076923077
0 0.890625 0.8004807692307693 0.08173076923076923 0.07692307692307693
0 0.5552884615384616 0.6430288461538461 0.10336538461538461 0.10817307692307693
0 0.5637019230769231 0.43509615384615385 0.09134615384615384 0.0985576923076923
0 0.7451923076923077 0.8786057692307693 0.12259615384615384 0.125
0 0.6622596153846154 0.8858173076923077 0.0889423076923077 0.0889423076923077