0 0.7283653846153846 0.29447115384615385 0.07211538461538461 0.09615384615384616
0 0.7680288461538461 0.057692307692307696 0.06009615384615385 0.07451923076923077
0 0.5733173076923077 0.49759615384615385 0.07932692307692307 0.07932692307692307
0 0.5661057692307693 0.5757211538461539 0.06009615384615385 0.06009615384615385
0 0.6778846153846154 0.8990384615384616 0.06490384615384616 0.07932692307692307
0 0.734375 0.8293269230769231 0.0625 0.0889423076923077
0 0.9387019230769231 0.7247596153846154 0.06971153846153846 0.0889423076923077
0 0.9651442307692307 0.4831730769230769 0.06971153846153846 0.1346153846153846
0 0.34975961538461536 0.8689903846153846 0.07451923076923077 0.055288461538461536
0 0.27884615384615385 0.9783653846153846 0.07692307692307693 0.04326923076923077
0 0.21875 0.28125 0.057692307692307696 0.08653846153846154
0 0.49158653846153844 0.3329326923076923 0.052884615384615384 0.0889423076923077
0 0.5721153846153846 0.21754807692307693 0.07692307692307693 0.08653846153846154
0 0.28846153846153844 0.15985576923076922 0.07211538461538461 0.08173076923076923
0 0.2620192307692308 0.7764423076923077 0.06490384615384616 0.09134615384615384
0 0.13822115384615385 0.2091346153846154 0.0673076923076923 0.0985576923076923
0 0.25961538461538464 0.09254807692307693 0.06971153846153846 0.08173076923076923
0 0.7091346153846154 0.48677884615384615 0.055288461538461536 0.0889423076923077
0 0.7776442307692307 0.37740384615384615 0.06971153846153846 0.06971153846153846
0 0.859375 0.1502403846153846 0.09375 0.09615384615384616
0 0.9362980769230769 0.25 0.052884615384615384 0.10576923076923077
0 0.7199519230769231 0.7560096153846154 0.08173076923076923 0.09375
0 0.6923076923076923 0.8377403846153846 0.055288461538461536 0.10576923076923077
0 0.5288461538461539 0.9098557692307693 0.06009615384615385 0.10576923076923077
0 0.4723557692307692 0.8317307692307693 0.08413461538461539 0.07211538461538461