0 0.3605769230769231 0.22956730769230768 0.037259615384615384 0.03125
0 0.29086538461538464 0.31490384615384615 0.046875 0.040865384615384616
0 0.2247596153846154 0.3173076923076923 0.037259615384615384 0.039663461538461536
0 0.2127403846153846 0.23918269230769232 0.04326923076923077 0.04807692307692308
0 0.24519230769230768 0.15504807692307693 0.03485576923076923 0.040865384615384616
0 0.3004807692307692 0.1310096153846154 0.042067307692307696 0.037259615384615384
0 0.5324519230769231 0.08052884615384616 0.042067307692307696 0.036057692307692304
0 0.4495192307692308 0.15264423076923078 0.06129807692307692 0.037259615384615384
0 0.6310096153846154 0.2247596153846154 0.04567307692307692 0.021634615384615384
0 0.71875 0.27884615384615385 0.06610576923076923 0.05889423076923077
0 0.6610576923076923 0.3016826923076923 0.03245192307692308 0.03485576923076923
0 0.6862980769230769 0.421875 0.03485576923076923 0.021634615384615384
0 0.5264423076923077 0.38461538461538464 0.03125 0.018028846153846152
0 0.5096153846153846 0.4254807692307692 0.036057692307692304 0.039663461538461536
0 0.41947115384615385 0.3918269230769231 0.027644230769230768 0.03125
0 0.4651442307692308 0.4519230769230769 0.037259615384615384 0.051682692307692304
0 0.44350961538461536 0.3389423076923077 0.04807692307692308 0.04567307692307692
0 0.41346153846153844 0.2860576923076923 0.03245192307692308 0.04567307692307692
0 0.32572115384615385 0.3557692307692308 0.028846153846153848 0.03365384615384615
0 0.30288461538461536 0.36658653846153844 0.039663461538461536 0.026442307692307692
0 0.28365384615384615 0.3894230769230769 0.04326923076923077 0.03125
0 0.24278846153846154 0.46875 0.04326923076923077 0.018028846153846152
0 0.15865384615384615 0.4326923076923077 0.040865384615384616 0.03125
0 0.15504807692307693 0.4891826923076923 0.05048076923076923 0.036057692307692304
0 0.16466346153846154 0.5829326923076923 0.046875 0.036057692307692304
0 0.39903846153846156 0.6057692307692307 0.040865384615384616 0.04326923076923077
0 0.4387019230769231 0.71875 0.040865384615384616 0.04447115384615385
0 0.49399038461538464 0.6887019230769231 0.046875 0.05889423076923077
0 0.515625 0.6442307692307693 0.04326923076923077 0.04326923076923077
0 0.5 0.578125 0.046875 0.018028846153846152
0 0.4543269230769231 0.5697115384615384 0.04927884615384615 0.07451923076923077
0 0.5396634615384616 0.5036057692307693 0.03125 0.04447115384615385
0 0.5853365384615384 0.5552884615384616 0.030048076923076924 0.040865384615384616
0 0.6694711538461539 0.5288461538461539 0.03125 0.04326923076923077
0 0.7572115384615384 0.4050480769230769 0.03245192307692308 0.04326923076923077
0 0.8197115384615384 0.7548076923076923 0.0673076923076923 0.03245192307692308
0 0.4963942307692308 0.7692307692307693 0.039663461538461536 0.03125
0 0.125 0.7247596153846154 0.08173076923076923 0.06370192307692307
0 0.08413461538461539 0.671875 0.04927884615384615 0.03125
0 0.06610576923076923 0.4579326923076923 0.03365384615384615 0.04567307692307692
0 0.17067307692307693 0.33774038461538464 0.0625 0.04807692307692308
0 0.09735576923076923 0.796875 0.040865384615384616 0.04326923076923077
0 0.3918269230769231 0.8978365384615384 0.055288461538461536 0.05048076923076923
0 0.6298076923076923 0.640625 0.04927884615384615 0.04326923076923077
0 0.7644230769230769 0.5384615384615384 0.038461538461538464 0.027644230769230768
0 0.7331730769230769 0.49158653846153844 0.051682692307692304 0.020432692307692308
0 0.23557692307692307 0.10096153846153846 0.078125 0.03485576923076923
0 0.07451923076923077 0.30408653846153844 0.039663461538461536 0.02403846153846154
0 0.12860576923076922 0.32091346153846156 0.036057692307692304 0.057692307692307696
0 0.9423076923076923 0.7560096153846154 0.07091346153846154 0.05048076923076923
0 0.3701923076923077 0.5336538461538461 0.05048076923076923 0.036057692307692304
0 0.8545673076923077 0.2644230769230769 0.021634615384615384 0.04447115384615385
0 0.02403846153846154 0.7283653846153846 0.03365384615384615 0.06370192307692307
0 0.026442307692307692 0.7908653846153846 0.04567307692307692 0.04326923076923077
0 0.43990384615384615 0.9675480769230769 0.04447115384615385 0.036057692307692304
0 0.3629807692307692 0.9567307692307693 0.030048076923076924 0.056490384615384616
0 0.7259615384615384 0.5949519230769231 0.026442307692307692 0.040865384615384616
0 0.6298076923076923 0.5612980769230769 0.03485576923076923 0.055288461538461536
0 0.6009615384615384 0.44471153846153844 0.03245192307692308 0.030048076923076924
0 0.5853365384615384 0.4639423076923077 0.021634615384615384 0.03365384615384615
0 0.08533653846153846 0.8521634615384616 0.039663461538461536 0.039663461538461536