0 0.09134615384615384 0.1466346153846154 0.04567307692307692 0.06370192307692307
0 0.040865384615384616 0.21514423076923078 0.02283653846153846 0.03125
0 0.018028846153846152 0.25721153846153844 0.036057692307692304 0.04927884615384615
0 0.15504807692307693 0.12980769230769232 0.04927884615384615 0.039663461538461536
0 0.16706730769230768 0.07451923076923077 0.04447115384615385 0.056490384615384616
0 0.34975961538461536 0.0625 0.036057692307692304 0.051682692307692304
0 0.5360576923076923 0.12740384615384615 0.05048076923076923 0.056490384615384616
0 0.5853365384615384 0.10817307692307693 0.03365384615384615 0.07091346153846154
0 0.6478365384615384 0.1778846153846154 0.05889423076923077 0.05889423076923077
0 0.765625 0.171875 0.051682692307692304 0.06610576923076923
0 0.8088942307692307 0.09375 0.04326923076923077 0.07211538461538461
0 0.8798076923076923 0.09615384615384616 0.04927884615384615 0.04447115384615385
0 0.9242788461538461 0.0829326923076923 0.06490384615384616 0.04326923076923077
0 0.9110576923076923 0.042067307692307696 0.038461538461538464 0.06610576923076923
0 0.8774038461538461 0.019230769230769232 0.04927884615384615 0.027644230769230768
0 0.6658653846153846 0.026442307692307692 0.06009615384615385 0.04447115384615385
0 0.44711538461538464 0.4387019230769231 0.056490384615384616 0.04927884615384615
0 0.5132211538461539 0.49158653846153844 0.06370192307692307 0.054086538461538464
0 0.48677884615384615 0.578125 0.03485576923076923 0.07211538461538461
0 0.4026442307692308 0.6634615384615384 0.0673076923076923 0.039663461538461536
0 0.4423076923076923 0.8822115384615384 0.06009615384615385 0.078125
0 0.39302884615384615 0.9567307692307693 0.06490384615384616 0.04326923076923077
0 0.1466346153846154 0.9110576923076923 0.06009615384615385 0.06129807692307692
0 0.1622596153846154 0.5504807692307693 0.05048076923076923 0.0889423076923077
0 0.12139423076923077 0.3016826923076923 0.03365384615384615 0.0673076923076923
0 0.056490384615384616 0.3786057692307692 0.056490384615384616 0.056490384615384616
0 0.6153846153846154 0.6454326923076923 0.06370192307692307 0.09014423076923077
0 0.7043269230769231 0.5456730769230769 0.037259615384615384 0.042067307692307696
0 0.7560096153846154 0.5432692307692307 0.04567307692307692 0.040865384615384616
0 0.7584134615384616 0.39302884615384615 0.04326923076923077 0.052884615384615384
0 0.6009615384615384 0.4254807692307692 0.04447115384615385 0.055288461538461536
0 0.7668269230769231 0.7055288461538461 0.057692307692307696 0.0889423076923077
0 0.8461538461538461 0.5901442307692307 0.04567307692307692 0.06370192307692307
0 0.921875 0.6766826923076923 0.04567307692307692 0.06610576923076923
0 0.8413461538461539 0.7211538461538461 0.03485576923076923 0.05889423076923077
0 0.8858173076923077 0.8581730769230769 0.04447115384615385 0.05889423076923077
0 0.8533653846153846 0.8629807692307693 0.036057692307692304 0.06971153846153846
0 0.8329326923076923 0.8701923076923077 0.054086538461538464 0.06370192307692307
0 0.9038461538461539 0.9675480769230769 0.028846153846153848 0.025240384615384616
0 0.9879807692307693 0.578125 0.02403846153846154 0.02403846153846154
0 0.9699519230769231 0.40625 0.040865384615384616 0.030048076923076924
0 0.9278846153846154 0.38822115384615385 0.0673076923076923 0.046875
0 0.9603365384615384 0.27524038461538464 0.026442307692307692 0.0625
0 0.9915865384615384 0.25721153846153844 0.016826923076923076 0.052884615384615384