0 0.3293269230769231 0.42908653846153844 0.040865384615384616 0.04326923076923077
0 0.28966346153846156 0.4074519230769231 0.03365384615384615 0.026442307692307692
0 0.3125 0.4639423076923077 0.04326923076923077 0.052884615384615384
0 0.3762019230769231 0.5504807692307693 0.04326923076923077 0.036057692307692304
0 0.32572115384615385 0.5997596153846154 0.04807692307692308 0.05048076923076923
0 0.2692307692307692 0.7439903846153846 0.038461538461538464 0.04326923076923077
0 0.24639423076923078 0.8016826923076923 0.06490384615384616 0.06009615384615385
0 0.34375 0.8689903846153846 0.04567307692307692 0.04807692307692308
0 0.3581730769230769 0.7824519230769231 0.04567307692307692 0.057692307692307696
0 0.4206730769230769 0.7932692307692307 0.04326923076923077 0.038461538461538464
0 0.42788461538461536 0.7295673076923077 0.04567307692307692 0.04567307692307692
0 0.4723557692307692 0.6634615384615384 0.04807692307692308 0.06009615384615385
0 0.5637019230769231 0.7247596153846154 0.04326923076923077 0.05048076923076923
0 0.5420673076923077 0.43149038461538464 0.04807692307692308 0.055288461538461536
0 0.6165865384615384 0.5420673076923077 0.052884615384615384 0.06490384615384616
0 0.6646634615384616 0.6634615384615384 0.036057692307692304 0.038461538461538464
0 0.6610576923076923 0.734375 0.03125 0.03125
0 0.6923076923076923 0.7716346153846154 0.04807692307692308 0.057692307692307696
0 0.5985576923076923 0.8689903846153846 0.052884615384615384 0.04807692307692308
0 0.11658653846153846 0.4266826923076923 0.038461538461538464 0.04807692307692308
0 0.30288461538461536 0.6826923076923077 0.04567307692307692 0.04807692307692308
0 0.31490384615384615 0.7403846153846154 0.03125 0.03125
0 0.7427884615384616 0.7764423076923077 0.038461538461538464 0.040865384615384616
0 0.5012019230769231 0.8605769230769231 0.06009615384615385 0.06490384615384616
0 0.42427884615384615 0.04807692307692308 0.040865384615384616 0.04326923076923077
0 0.36899038461538464 0.3317307692307692 0.036057692307692304 0.04326923076923077
0 0.36778846153846156 0.4362980769230769 0.03365384615384615 0.03365384615384615
0 0.16826923076923078 0.44471153846153844 0.040865384615384616 0.04807692307692308
0 0.016826923076923076 0.4014423076923077 0.03365384615384615 0.04807692307692308
0 0.38822115384615385 0.9939903846153846 0.03125 0.01201923076923077
0 0.4362980769230769 0.9086538461538461 0.04567307692307692 0.04807692307692308
0 0.3918269230769231 0.078125 0.05048076923076923 0.052884615384615384
0 0.7403846153846154 0.4543269230769231 0.057692307692307696 0.0673076923076923
0 0.7980769230769231 0.44471153846153844 0.057692307692307696 0.0673076923076923
0 0.43149038461538464 0.47836538461538464 0.04807692307692308 0.05048076923076923
0 0.46274038461538464 0.4266826923076923 0.0625 0.06490384615384616
0 0.4891826923076923 0.3942307692307692 0.052884615384615384 0.0625
0 0.5108173076923077 0.34615384615384615 0.07451923076923077 0.08413461538461539
0 0.19591346153846154 0.6262019230769231 0.06009615384615385 0.06490384615384616
0 0.32091346153846156 0.9543269230769231 0.040865384615384616 0.04326923076923077
0 0.3425480769230769 0.9807692307692307 0.040865384615384616 0.038461538461538464
0 0.41346153846153844 0.9290865384615384 0.04567307692307692 0.05048076923076923
0 0.421875 0.5985576923076923 0.052884615384615384 0.055288461538461536
0 0.3737980769230769 0.6634615384615384 0.055288461538461536 0.057692307692307696
0 0.41466346153846156 0.6935096153846154 0.04567307692307692 0.04567307692307692
0 0.30649038461538464 0.6298076923076923 0.057692307692307696 0.06971153846153846
0 0.27283653846153844 0.6418269230769231 0.052884615384615384 0.055288461538461536
0 0.2704326923076923 0.5733173076923077 0.04326923076923077 0.04567307692307692
0 0.3088942307692308 0.7728365384615384 0.04807692307692308 0.057692307692307696
0 0.1141826923076923 0.47596153846153844 0.0625 0.06971153846153846
0 0.1622596153846154 0.296875 0.055288461538461536 0.06009615384615385
0 0.046875 0.4014423076923077 0.03125 0.036057692307692304
0 0.7536057692307693 0.7091346153846154 0.036057692307692304 0.040865384615384616
0 0.8930288461538461 0.6682692307692307 0.057692307692307696 0.06009615384615385
0 0.8966346153846154 0.7043269230769231 0.040865384615384616 0.05048076923076923
0 0.8737980769230769 0.7055288461538461 0.04807692307692308 0.057692307692307696
0 0.8028846153846154 0.8185096153846154 0.057692307692307696 0.06490384615384616
0 0.38341346153846156 0.7896634615384616 0.04567307692307692 0.052884615384615384
0 0.4206730769230769 0.8257211538461539 0.03365384615384615 0.036057692307692304
0 0.4519230769230769 0.8377403846153846 0.03365384615384615 0.038461538461538464
0 0.5408653846153846 0.6646634615384616 0.038461538461538464 0.04326923076923077
0 0.421875 0.5072115384615384 0.04807692307692308 0.05048076923076923