0 0.5384615384615384 0.6286057692307693 0.05048076923076923 0.052884615384615384
0 0.6346153846153846 0.6478365384615384 0.055288461538461536 0.08173076923076923
0 0.4326923076923077 0.18028846153846154 0.040865384615384616 0.07932692307692307
0 0.7091346153846154 0.06610576923076923 0.06971153846153846 0.07451923076923077
0 0.9158653846153846 0.46875 0.04567307692307692 0.052884615384615384
0 0.8521634615384616 0.5733173076923077 0.04326923076923077 0.0985576923076923
0 0.8966346153846154 0.6850961538461539 0.036057692307692304 0.06009615384615385
0 0.890625 0.8233173076923077 0.03365384615384615 0.0673076923076923
0 0.9338942307692307 0.8269230769230769 0.040865384615384616 0.036057692307692304
0 0.9350961538461539 0.36778846153846156 0.04807692307692308 0.06009615384615385
0 0.7091346153846154 0.18870192307692307 0.055288461538461536 0.07211538461538461
0 0.5612980769230769 0.14903846153846154 0.040865384615384616 0.052884615384615384
0 0.5408653846153846 0.19831730769230768 0.04807692307692308 0.055288461538461536
0 0.3605769230769231 0.40024038461538464 0.038461538461538464 0.06490384615384616
0 0.4651442307692308 0.9002403846153846 0.04807692307692308 0.052884615384615384
0 0.4326923076923077 0.9807692307692307 0.04807692307692308 0.038461538461538464
0 0.6899038461538461 0.9254807692307693 0.038461538461538464 0.08413461538461539
0 0.6442307692307693 0.5925480769230769 0.03125 0.052884615384615384
0 0.6358173076923077 0.36177884615384615 0.052884615384615384 0.05048076923076923
0 0.7944711538461539 0.7283653846153846 0.05048076923076923 0.0625
0 0.8377403846153846 0.7896634615384616 0.04567307692307692 0.052884615384615384
0 0.15144230769230768 0.3545673076923077 0.04807692307692308 0.057692307692307696
0 0.14302884615384615 0.41346153846153844 0.04807692307692308 0.06490384615384616
0 0.22716346153846154 0.32091346153846156 0.04807692307692308 0.052884615384615384
0 0.25 0.28365384615384615 0.03365384615384615 0.06971153846153846
0 0.33533653846153844 0.14783653846153846 0.052884615384615384 0.06009615384615385
0 0.32211538461538464 0.2860576923076923 0.05048076923076923 0.052884615384615384
0 0.3605769230769231 0.2980769230769231 0.04807692307692308 0.0625
0 0.34134615384615385 0.5120192307692307 0.04326923076923077 0.08413461538461539
0 0.36899038461538464 0.5456730769230769 0.057692307692307696 0.07932692307692307
0 0.5564903846153846 0.7800480769230769 0.0673076923076923 0.0889423076923077
0 0.5637019230769231 0.8605769230769231 0.04326923076923077 0.08173076923076923
0 0.578125 0.9338942307692307 0.06971153846153846 0.0673076923076923
0 0.4963942307692308 0.9591346153846154 0.055288461538461536 0.08173076923076923
0 0.6899038461538461 0.7536057692307693 0.10096153846153846 0.11298076923076923
0 0.7596153846153846 0.6382211538461539 0.057692307692307696 0.11298076923076923
0 0.7475961538461539 0.5180288461538461 0.04807692307692308 0.07692307692307693
0 0.9915865384615384 0.5036057692307693 0.016826923076923076 0.06490384615384616
0 0.8076923076923077 0.078125 0.05048076923076923 0.06971153846153846
0 0.5360576923076923 0.4963942307692308 0.07451923076923077 0.0889423076923077