0 0.28846153846153844 0.16105769230769232 0.0625 0.08653846153846154
0 0.32572115384615385 0.14783653846153846 0.040865384615384616 0.05048076923076923
0 0.35096153846153844 0.09254807692307693 0.07451923076923077 0.08413461538461539
0 0.5168269230769231 0.15745192307692307 0.07692307692307693 0.07211538461538461
0 0.5637019230769231 0.2980769230769231 0.06490384615384616 0.09615384615384616
0 0.5612980769230769 0.4074519230769231 0.057692307692307696 0.0673076923076923
0 0.5805288461538461 0.4567307692307692 0.06971153846153846 0.07451923076923077
0 0.46634615384615385 0.37259615384615385 0.09134615384615384 0.0889423076923077
0 0.42788461538461536 0.5360576923076923 0.08413461538461539 0.11057692307692307
0 0.3317307692307692 0.3942307692307692 0.0673076923076923 0.07451923076923077
0 0.2704326923076923 0.5192307692307693 0.057692307692307696 0.0889423076923077
0 0.2704326923076923 0.7271634615384616 0.06009615384615385 0.06971153846153846
0 0.28365384615384615 0.8197115384615384 0.08413461538461539 0.10096153846153846
0 0.3293269230769231 0.7223557692307693 0.04807692307692308 0.057692307692307696
0 0.44471153846153844 0.7512019230769231 0.07932692307692307 0.07211538461538461
0 0.6790865384615384 0.30528846153846156 0.07692307692307693 0.10336538461538461
0 0.7451923076923077 0.3545673076923077 0.06971153846153846 0.09134615384615384
0 0.7512019230769231 0.23677884615384615 0.07692307692307693 0.125
0 0.8076923076923077 0.2548076923076923 0.0625 0.09134615384615384
0 0.8233173076923077 0.3605769230769231 0.09134615384615384 0.11538461538461539
0 0.8930288461538461 0.38100961538461536 0.04807692307692308 0.07932692307692307
0 0.7548076923076923 0.04807692307692308 0.06971153846153846 0.08653846153846154
0 0.9663461538461539 0.6742788461538461 0.0673076923076923 0.10817307692307693