0 0.19591346153846154 0.44591346153846156 0.0889423076923077 0.0889423076923077
0 0.057692307692307696 0.5985576923076923 0.07932692307692307 0.07932692307692307
0 0.11658653846153846 0.5829326923076923 0.0889423076923077 0.0889423076923077
0 0.21033653846153846 0.6466346153846154 0.06490384615384616 0.06490384615384616
0 0.2536057692307692 0.7103365384615384 0.07932692307692307 0.07932692307692307
0 0.3004807692307692 0.6622596153846154 0.08173076923076923 0.08173076923076923
0 0.3389423076923077 0.7235576923076923 0.07932692307692307 0.07932692307692307
0 0.4050480769230769 0.6177884615384616 0.09134615384615384 0.09134615384615384
0 0.4170673076923077 0.5432692307692307 0.08653846153846154 0.0889423076923077
0 0.25240384615384615 0.5444711538461539 0.07932692307692307 0.07932692307692307
0 0.13221153846153846 0.4699519230769231 0.057692307692307696 0.057692307692307696
0 0.35336538461538464 0.3954326923076923 0.0625 0.0625
0 0.39783653846153844 0.4098557692307692 0.07211538461538461 0.07211538461538461
0 0.48677884615384615 0.38100961538461536 0.09375 0.09375
0 0.4519230769230769 0.3245192307692308 0.07932692307692307 0.08173076923076923
0 0.3317307692307692 0.2536057692307692 0.07932692307692307 0.07692307692307693
0 0.28725961538461536 0.3076923076923077 0.07211538461538461 0.07211538461538461
0 0.15264423076923078 0.31009615384615385 0.06490384615384616 0.0673076923076923
0 0.3713942307692308 0.0985576923076923 0.10576923076923077 0.10576923076923077
0 0.4387019230769231 0.0625 0.07211538461538461 0.07211538461538461
0 0.5012019230769231 0.26322115384615385 0.06009615384615385 0.06009615384615385
0 0.6802884615384616 0.40625 0.10576923076923077 0.10576923076923077
0 0.6430288461538461 0.5300480769230769 0.10336538461538461 0.10336538461538461
0 0.5252403846153846 0.6177884615384616 0.0625 0.06490384615384616
0 0.5973557692307693 0.7331730769230769 0.07932692307692307 0.07932692307692307
0 0.5552884615384616 0.8004807692307693 0.0985576923076923 0.0985576923076923
0 0.35697115384615385 0.9543269230769231 0.07451923076923077 0.07692307692307693
0 0.46634615384615385 0.9495192307692307 0.1201923076923077 0.10096153846153846
0 0.5949519230769231 0.9314903846153846 0.07451923076923077 0.07451923076923077
0 0.7596153846153846 0.6430288461538461 0.11538461538461539 0.11538461538461539
0 0.7668269230769231 0.5661057692307693 0.10096153846153846 0.10096153846153846
0 0.13942307692307693 0.1814903846153846 0.0673076923076923 0.0673076923076923
0 0.014423076923076924 0.32572115384615385 0.028846153846153848 0.07932692307692307
0 0.25721153846153844 0.9471153846153846 0.08173076923076923 0.08413461538461539
0 0.6971153846153846 0.8978365384615384 0.07211538461538461 0.07211538461538461
0 0.5829326923076923 0.21033653846153846 0.08413461538461539 0.08653846153846154
0 0.6838942307692307 0.2091346153846154 0.10817307692307693 0.10817307692307693
0 0.8245192307692307 0.3329326923076923 0.0889423076923077 0.0889423076923077
0 0.8449519230769231 0.25841346153846156 0.10336538461538461 0.10336538461538461
0 0.9387019230769231 0.2548076923076923 0.06971153846153846 0.06971153846153846
0 0.6117788461538461 0.07451923076923077 0.08653846153846154 0.0889423076923077
0 0.25841346153846156 0.08173076923076923 0.057692307692307696 0.057692307692307696
0 0.2776442307692308 0.25721153846153844 0.07211538461538461 0.07211538461538461
0 0.41586538461538464 0.23798076923076922 0.10817307692307693 0.10817307692307693
0 0.40024038461538464 0.5709134615384616 0.0673076923076923 0.0673076923076923
0 0.5576923076923077 0.14543269230769232 0.07451923076923077 0.07451923076923077
0 0.5180288461538461 0.10336538461538461 0.06490384615384616 0.06490384615384616
0 0.7800480769230769 0.8329326923076923 0.12259615384615384 0.125
0 0.7319711538461539 0.9591346153846154 0.038461538461538464 0.036057692307692304