0 0.36899038461538464 0.4411057692307692 0.04807692307692308 0.05048076923076923
0 0.37740384615384615 0.40384615384615385 0.057692307692307696 0.057692307692307696
0 0.4567307692307692 0.5180288461538461 0.0625 0.0625
0 0.41466346153846156 0.5721153846153846 0.05048076923076923 0.05048076923076923
0 0.4206730769230769 0.6706730769230769 0.038461538461538464 0.038461538461538464
0 0.5120192307692307 0.5612980769230769 0.040865384615384616 0.040865384615384616
0 0.4855769230769231 0.46634615384615385 0.052884615384615384 0.052884615384615384
0 0.21634615384615385 0.453125 0.055288461538461536 0.055288461538461536
0 0.28725961538461536 0.6382211538461539 0.055288461538461536 0.055288461538461536
0 0.390625 0.7391826923076923 0.04567307692307692 0.04567307692307692
0 0.43990384615384615 0.7235576923076923 0.040865384615384616 0.040865384615384616
0 0.6838942307692307 0.6490384615384616 0.06009615384615385 0.06009615384615385
0 0.8257211538461539 0.6622596153846154 0.06490384615384616 0.06490384615384616
0 0.5492788461538461 0.6766826923076923 0.052884615384615384 0.052884615384615384
0 0.4891826923076923 0.6262019230769231 0.06971153846153846 0.06971153846153846
0 0.5492788461538461 0.734375 0.052884615384615384 0.052884615384615384
0 0.5180288461538461 0.7487980769230769 0.03125 0.03125
0 0.5588942307692307 0.7740384615384616 0.038461538461538464 0.038461538461538464
0 0.6478365384615384 0.7920673076923077 0.06490384615384616 0.0673076923076923
0 0.59375 0.8557692307692307 0.057692307692307696 0.057692307692307696
0 0.4230769230769231 0.4098557692307692 0.03125 0.03125
0 0.484375 0.43028846153846156 0.038461538461538464 0.038461538461538464
0 0.5036057692307693 0.3713942307692308 0.07692307692307693 0.07932692307692307
0 0.5288461538461539 0.33533653846153844 0.052884615384615384 0.052884615384615384
0 0.15985576923076922 0.44591346153846156 0.05048076923076923 0.052884615384615384
0 0.39302884615384615 0.009615384615384616 0.04567307692307692 0.019230769230769232
0 0.16466346153846154 0.4879807692307692 0.055288461538461536 0.055288461538461536
0 0.5240384615384616 0.953125 0.036057692307692304 0.03365384615384615
0 0.5913461538461539 0.9771634615384616 0.04807692307692308 0.04567307692307692
0 0.9519230769230769 0.6971153846153846 0.04807692307692308 0.04807692307692308
0 0.3762019230769231 0.7872596153846154 0.040865384615384616 0.040865384615384616
0 0.5901442307692307 0.6117788461538461 0.04807692307692308 0.05048076923076923
0 0.3737980769230769 0.6322115384615384 0.036057692307692304 0.036057692307692304
0 0.40024038461538464 0.6129807692307693 0.03125 0.03125
0 0.5444711538461539 0.9807692307692307 0.036057692307692304 0.038461538461538464
0 0.6983173076923077 0.46274038461538464 0.07211538461538461 0.07211538461538461
0 0.7668269230769231 0.5612980769230769 0.055288461538461536 0.055288461538461536
0 0.7800480769230769 0.6370192307692307 0.052884615384615384 0.052884615384615384
0 0.7512019230769231 0.7848557692307693 0.052884615384615384 0.052884615384615384
0 0.49038461538461536 0.9254807692307693 0.06490384615384616 0.06490384615384616
0 0.49399038461538464 0.8377403846153846 0.06490384615384616 0.0673076923076923
0 0.43990384615384615 0.75 0.057692307692307696 0.06009615384615385
0 0.48677884615384615 0.7512019230769231 0.04807692307692308 0.04807692307692308
0 0.3918269230769231 0.2980769230769231 0.04807692307692308 0.04807692307692308
0 0.36899038461538464 0.036057692307692304 0.057692307692307696 0.057692307692307696
0 0.8497596153846154 0.31490384615384615 0.057692307692307696 0.057692307692307696
0 0.8689903846153846 0.34375 0.055288461538461536 0.055288461538461536
0 0.7944711538461539 0.2980769230769231 0.055288461538461536 0.055288461538461536
0 0.7992788461538461 0.3449519230769231 0.06009615384615385 0.06009615384615385
0 0.9855769230769231 0.5204326923076923 0.028846153846153848 0.04567307692307692
0 0.9915865384615384 0.5564903846153846 0.016826923076923076 0.04567307692307692
0 0.875 0.6598557692307693 0.06490384615384616 0.06490384615384616
0 0.5829326923076923 0.8774038461538461 0.040865384615384616 0.040865384615384616