0 0.43149038461538464 0.20072115384615385 0.04326923076923077 0.038461538461538464
0 0.3425480769230769 0.26802884615384615 0.055288461538461536 0.05048076923076923
0 0.2764423076923077 0.2536057692307692 0.04567307692307692 0.04807692307692308
0 0.2848557692307692 0.17548076923076922 0.052884615384615384 0.057692307692307696
0 0.33653846153846156 0.09975961538461539 0.04326923076923077 0.04807692307692308
0 0.39663461538461536 0.09134615384615384 0.05048076923076923 0.04567307692307692
0 0.6346153846153846 0.09735576923076923 0.05048076923076923 0.04567307692307692
0 0.5360576923076923 0.14783653846153846 0.0673076923076923 0.05048076923076923
0 0.6959134615384616 0.2620192307692308 0.05048076923076923 0.03125
0 0.7680288461538461 0.33653846153846156 0.07932692307692307 0.07451923076923077
0 0.7055288461538461 0.3449519230769231 0.040865384615384616 0.040865384615384616
0 0.7019230769230769 0.4675480769230769 0.038461538461538464 0.028846153846153848
0 0.5552884615384616 0.39302884615384615 0.03365384615384615 0.02403846153846154
0 0.5288461538461539 0.42788461538461536 0.04567307692307692 0.04807692307692308
0 0.4495192307692308 0.3737980769230769 0.03365384615384615 0.036057692307692304
0 0.4795673076923077 0.44350961538461536 0.04807692307692308 0.06009615384615385
0 0.4855769230769231 0.3293269230769231 0.057692307692307696 0.055288461538461536
0 0.46875 0.2692307692307692 0.04326923076923077 0.052884615384615384
0 0.36658653846153844 0.3161057692307692 0.036057692307692304 0.038461538461538464
0 0.34134615384615385 0.32091346153846156 0.04567307692307692 0.036057692307692304
0 0.3173076923076923 0.3389423076923077 0.05048076923076923 0.040865384615384616
0 0.25721153846153844 0.4050480769230769 0.04807692307692308 0.028846153846153848
0 0.18389423076923078 0.35096153846153844 0.04807692307692308 0.040865384615384616
0 0.16706730769230768 0.4050480769230769 0.057692307692307696 0.04807692307692308
0 0.15384615384615385 0.4987980769230769 0.055288461538461536 0.04567307692307692
0 0.3762019230769231 0.5769230769230769 0.05048076923076923 0.052884615384615384
0 0.3870192307692308 0.6971153846153846 0.05048076923076923 0.052884615384615384
0 0.4483173076923077 0.6814903846153846 0.06009615384615385 0.0673076923076923
0 0.4807692307692308 0.6442307692307693 0.052884615384615384 0.052884615384615384
0 0.48197115384615385 0.5757211538461539 0.05048076923076923 0.028846153846153848
0 0.43990384615384615 0.5552884615384616 0.0673076923076923 0.08653846153846154
0 0.5396634615384616 0.5120192307692307 0.04326923076923077 0.05048076923076923
0 0.5709134615384616 0.5745192307692307 0.038461538461538464 0.04807692307692308
0 0.6598557692307693 0.5685096153846154 0.040865384615384616 0.05048076923076923
0 0.7752403846153846 0.4699519230769231 0.04326923076923077 0.05048076923076923
0 0.75 0.8245192307692307 0.07211538461538461 0.04807692307692308
0 0.43149038461538464 0.7608173076923077 0.04567307692307692 0.040865384615384616
0 0.07932692307692307 0.6262019230769231 0.09375 0.08173076923076923
0 0.054086538461538464 0.5661057692307693 0.055288461538461536 0.04326923076923077
0 0.08774038461538461 0.35216346153846156 0.04326923076923077 0.052884615384615384
0 0.21875 0.2608173076923077 0.07451923076923077 0.0625
0 0.036057692307692304 0.6899038461538461 0.05048076923076923 0.052884615384615384
0 0.2980769230769231 0.8605769230769231 0.0673076923076923 0.0625
0 0.59375 0.6670673076923077 0.057692307692307696 0.052884615384615384
0 0.7487980769230769 0.6009615384615384 0.04326923076923077 0.038461538461538464
0 0.7307692307692307 0.546875 0.055288461538461536 0.03125
0 0.3401442307692308 0.046875 0.08653846153846154 0.052884615384615384
0 0.13221153846153846 0.20432692307692307 0.04326923076923077 0.03365384615384615
0 0.18269230769230768 0.23317307692307693 0.04807692307692308 0.06490384615384616
0 0.8689903846153846 0.8557692307692307 0.08173076923076923 0.0673076923076923
0 0.36538461538461536 0.5 0.057692307692307696 0.04807692307692308
0 0.9038461538461539 0.3557692307692308 0.03125 0.05048076923076923
0 0.328125 0.9399038461538461 0.052884615384615384 0.04567307692307692
0 0.25600961538461536 0.9110576923076923 0.04326923076923077 0.0625
0 0.6983173076923077 0.6454326923076923 0.036057692307692304 0.04567307692307692
0 0.6129807692307693 0.5901442307692307 0.04807692307692308 0.0625
0 0.6129807692307693 0.4699519230769231 0.038461538461538464 0.038461538461538464
0 0.5925480769230769 0.484375 0.028846153846153848 0.038461538461538464
0 0.016826923076923076 0.7403846153846154 0.03365384615384615 0.04807692307692308