0 0.09615384615384616 0.2127403846153846 0.04326923076923077 0.07692307692307693
0 0.0673076923076923 0.20793269230769232 0.055288461538461536 0.055288461538461536
0 0.003605769230769231 0.20432692307692307 0.007211538461538462 0.03365384615384615
0 0.009615384615384616 0.2439903846153846 0.019230769230769232 0.04567307692307692
0 0.14423076923076922 0.29927884615384615 0.04326923076923077 0.038461538461538464
0 0.16706730769230768 0.38461538461538464 0.04567307692307692 0.04567307692307692
0 0.19110576923076922 0.4795673076923077 0.04326923076923077 0.08173076923076923
0 0.234375 0.49278846153846156 0.040865384615384616 0.03125
0 0.2439903846153846 0.5480769230769231 0.05048076923076923 0.055288461538461536
0 0.24278846153846154 0.5973557692307693 0.040865384615384616 0.055288461538461536
0 0.19591346153846154 0.5372596153846154 0.03125 0.04567307692307692
0 0.14903846153846154 0.5228365384615384 0.052884615384615384 0.055288461538461536
0 0.16826923076923078 0.5817307692307693 0.038461538461538464 0.04567307692307692
0 0.19471153846153846 0.6165865384615384 0.038461538461538464 0.03125
0 0.18269230769230768 0.6550480769230769 0.04326923076923077 0.055288461538461536
0 0.22115384615384615 0.7247596153846154 0.04326923076923077 0.0625
0 0.2512019230769231 0.7992788461538461 0.05048076923076923 0.06971153846153846
0 0.29927884615384615 0.7632211538461539 0.038461538461538464 0.057692307692307696
0 0.2860576923076923 0.8786057692307693 0.04326923076923077 0.08173076923076923
0 0.24639423076923078 0.9242788461538461 0.03365384615384615 0.040865384615384616
0 0.23317307692307693 0.9567307692307693 0.040865384615384616 0.036057692307692304
0 0.1875 0.8209134615384616 0.036057692307692304 0.0625
0 0.16466346153846154 0.8245192307692307 0.03125 0.07211538461538461
0 0.11298076923076923 0.6790865384615384 0.036057692307692304 0.06490384615384616
0 0.3629807692307692 0.9110576923076923 0.04807692307692308 0.057692307692307696
0 0.39903846153846156 0.8798076923076923 0.026442307692307692 0.04326923076923077
0 0.4254807692307692 0.8966346153846154 0.040865384615384616 0.04567307692307692
0 0.4519230769230769 0.9278846153846154 0.03365384615384615 0.040865384615384616
0 0.4807692307692308 0.9555288461538461 0.05048076923076923 0.06490384615384616
0 0.34975961538461536 0.4891826923076923 0.040865384615384616 0.04567307692307692
0 0.31971153846153844 0.32572115384615385 0.040865384615384616 0.03365384615384615
0 0.3137019230769231 0.2091346153846154 0.038461538461538464 0.05048076923076923
0 0.3389423076923077 0.24639423076923078 0.040865384615384616 0.057692307692307696
0 0.34615384615384615 0.15985576923076922 0.040865384615384616 0.04807692307692308
0 0.40865384615384615 0.1045673076923077 0.038461538461538464 0.05048076923076923
0 0.5949519230769231 0.1658653846153846 0.038461538461538464 0.038461538461538464
0 0.6009615384615384 0.09495192307692307 0.040865384615384616 0.05048076923076923
0 0.5709134615384616 0.17548076923076922 0.04326923076923077 0.06009615384615385
0 0.5288461538461539 0.23076923076923078 0.04326923076923077 0.08173076923076923
0 0.4651442307692308 0.3245192307692308 0.036057692307692304 0.04326923076923077
0 0.45072115384615385 0.3954326923076923 0.03365384615384615 0.05048076923076923
0 0.46274038461538464 0.46033653846153844 0.038461538461538464 0.052884615384615384
0 0.4519230769230769 0.5528846153846154 0.040865384615384616 0.06490384615384616
0 0.40384615384615385 0.625 0.05048076923076923 0.055288461538461536
0 0.4362980769230769 0.7524038461538461 0.04807692307692308 0.0889423076923077
0 0.5348557692307693 0.7956730769230769 0.04567307692307692 0.0625
0 0.7680288461538461 0.8858173076923077 0.06009615384615385 0.06971153846153846
0 0.6153846153846154 0.8581730769230769 0.038461538461538464 0.06009615384615385
0 0.5637019230769231 0.8737980769230769 0.028846153846153848 0.04326923076923077
0 0.5637019230769231 0.90625 0.03365384615384615 0.038461538461538464
0 0.5588942307692307 0.9242788461538461 0.036057692307692304 0.04326923076923077
0 0.6430288461538461 0.5216346153846154 0.03365384615384615 0.0625
0 0.6454326923076923 0.6514423076923077 0.052884615384615384 0.07451923076923077
0 0.5264423076923077 0.5192307692307693 0.03365384615384615 0.055288461538461536
0 0.5012019230769231 0.6189903846153846 0.04807692307692308 0.0673076923076923
0 0.6862980769230769 0.2704326923076923 0.055288461538461536 0.0673076923076923
0 0.30649038461538464 0.2800480769230769 0.040865384615384616 0.04326923076923077
0 0.41947115384615385 0.2800480769230769 0.038461538461538464 0.057692307692307696
0 0.2860576923076923 0.12860576923076922 0.04807692307692308 0.06009615384615385
0 0.296875 0.390625 0.04567307692307692 0.055288461538461536
0 0.6730769230769231 0.12860576923076922 0.07932692307692307 0.09134615384615384