0 0.5961538461538461 0.5096153846153846 0.08653846153846154 0.07211538461538461
0 0.7079326923076923 0.17427884615384615 0.09134615384615384 0.0625
0 0.8269230769230769 0.17067307692307693 0.11538461538461539 0.12259615384615384
0 0.953125 0.33413461538461536 0.09375 0.11057692307692307
0 0.8810096153846154 0.3449519230769231 0.0625 0.06490384615384616
0 0.8401442307692307 0.3088942307692308 0.057692307692307696 0.08173076923076923
0 0.8028846153846154 0.6081730769230769 0.08653846153846154 0.07932692307692307
0 0.75 0.6766826923076923 0.07932692307692307 0.052884615384615384
0 0.6322115384615384 0.7391826923076923 0.07451923076923077 0.04567307692307692
0 0.43509615384615385 0.7415865384615384 0.0889423076923077 0.11057692307692307
0 0.9002403846153846 0.9050480769230769 0.05048076923076923 0.08413461538461539
0 0.8100961538461539 0.9435096153846154 0.05048076923076923 0.055288461538461536
0 0.5480769230769231 0.8209134615384616 0.13942307692307693 0.10576923076923077
0 0.28966346153846156 0.8569711538461539 0.09615384615384616 0.08653846153846154
0 0.1875 0.036057692307692304 0.07692307692307693 0.0625
0 0.16947115384615385 0.3173076923076923 0.06971153846153846 0.08413461538461539
0 0.7163461538461539 0.4675480769230769 0.07932692307692307 0.11298076923076923
0 0.6550480769230769 0.4879807692307692 0.06009615384615385 0.08653846153846154
0 0.6586538461538461 0.19951923076923078 0.05048076923076923 0.0889423076923077
0 0.40384615384615385 0.9459134615384616 0.0673076923076923 0.0889423076923077
0 0.7824519230769231 0.9735576923076923 0.07932692307692307 0.052884615384615384
0 0.8677884615384616 0.9783653846153846 0.0673076923076923 0.04326923076923077