0 0.23798076923076922 0.32211538461538464 0.08173076923076923 0.08173076923076923
0 0.09615384615384616 0.5 0.07932692307692307 0.08173076923076923
0 0.18028846153846154 0.5889423076923077 0.09134615384615384 0.09375
0 0.26802884615384615 0.5588942307692307 0.10096153846153846 0.0985576923076923
0 0.2536057692307692 0.41466346153846156 0.0985576923076923 0.10096153846153846
0 0.013221153846153846 0.5396634615384616 0.026442307692307692 0.08413461538461539
0 0.34975961538461536 0.7235576923076923 0.07451923076923077 0.06971153846153846
0 0.6021634615384616 0.7151442307692307 0.07932692307692307 0.08413461538461539
0 0.9158653846153846 0.6634615384615384 0.10336538461538461 0.10576923076923077
0 0.9158653846153846 0.3137019230769231 0.10336538461538461 0.10096153846153846
0 0.6706730769230769 0.5144230769230769 0.12980769230769232 0.12259615384615384
0 0.6286057692307693 0.48197115384615385 0.08653846153846154 0.08413461538461539