0 0.7127403846153846 0.6274038461538461 0.06009615384615385 0.0733173076923077
0 0.5649038461538461 0.4206730769230769 0.05889423076923077 0.07572115384615384
0 0.5024038461538461 0.44471153846153844 0.054086538461538464 0.08653846153846154
0 0.37740384615384615 0.32211538461538464 0.051682692307692304 0.08533653846153846
0 0.28725961538461536 0.15625 0.06009615384615385 0.07211538461538461
0 0.20072115384615385 0.3557692307692308 0.06610576923076923 0.06850961538461539
0 0.30288461538461536 0.7884615384615384 0.06009615384615385 0.055288461538461536
0 0.47475961538461536 0.7800480769230769 0.055288461538461536 0.08533653846153846
0 0.5336538461538461 0.7451923076923077 0.04927884615384615 0.05889423076923077
0 0.8004807692307693 0.4963942307692308 0.05889423076923077 0.07451923076923077
0 0.8353365384615384 0.32211538461538464 0.036057692307692304 0.09615384615384616
0 0.6838942307692307 0.19951923076923078 0.0673076923076923 0.06370192307692307
0 0.9110576923076923 0.109375 0.06490384615384616 0.06490384615384616
0 0.9735576923076923 0.17067307692307693 0.027644230769230768 0.09014423076923077
0 0.09615384615384616 0.47115384615384615 0.055288461538461536 0.06850961538461539
0 0.16706730769230768 0.28966346153846156 0.05889423076923077 0.057692307692307696
0 0.47716346153846156 0.07451923076923077 0.07091346153846154 0.0829326923076923
0 0.19831730769230768 0.5360576923076923 0.057692307692307696 0.06009615384615385
0 0.25240384615384615 0.7367788461538461 0.056490384615384616 0.09975961538461539
0 0.2403846153846154 0.8569711538461539 0.07451923076923077 0.16346153846153846
0 0.8990384615384616 0.625 0.08052884615384616 0.07932692307692307
0 0.39903846153846156 0.04326923076923077 0.05048076923076923 0.08173076923076923
0 0.06490384615384616 0.20552884615384615 0.05048076923076923 0.11177884615384616