0 0.28365384615384615 0.3942307692307692 0.09134615384615384 0.09615384615384616
0 0.3317307692307692 0.46875 0.0889423076923077 0.08413461538461539
0 0.18269230769230768 0.7860576923076923 0.06971153846153846 0.08173076923076923
0 0.22115384615384615 0.7572115384615384 0.06490384615384616 0.0673076923076923
0 0.5228365384615384 0.484375 0.10336538461538461 0.08173076923076923
0 0.5336538461538461 0.5480769230769231 0.08413461538461539 0.09615384615384616
0 0.5685096153846154 0.6478365384615384 0.08653846153846154 0.08173076923076923
0 0.46033653846153844 0.5793269230769231 0.0625 0.0673076923076923
0 0.5985576923076923 0.8088942307692307 0.09375 0.09615384615384616
0 0.6923076923076923 0.9194711538461539 0.08653846153846154 0.09375
0 0.35216346153846156 0.1502403846153846 0.06009615384615385 0.052884615384615384
0 0.5036057692307693 0.040865384615384616 0.0889423076923077 0.08173076923076923
0 0.8100961538461539 0.6778846153846154 0.0985576923076923 0.10817307692307693
0 0.9182692307692307 0.7704326923076923 0.0889423076923077 0.0985576923076923
0 0.9795673076923077 0.44711538461538464 0.040865384615384616 0.09615384615384616
0 0.8822115384615384 0.18629807692307693 0.0625 0.08173076923076923
0 0.8425480769230769 0.11057692307692307 0.06971153846153846 0.0889423076923077