0 0.4879807692307692 0.45552884615384615 0.052884615384615384 0.08653846153846154
0 0.47716346153846156 0.3713942307692308 0.06009615384615385 0.055288461538461536
0 0.6069711538461539 0.390625 0.040865384615384616 0.06009615384615385
0 0.5997596153846154 0.4579326923076923 0.03365384615384615 0.04567307692307692
0 0.6658653846153846 0.4338942307692308 0.052884615384615384 0.06009615384615385
0 0.8137019230769231 0.2776442307692308 0.05048076923076923 0.057692307692307696
0 0.7788461538461539 0.11177884615384616 0.038461538461538464 0.0673076923076923
0 0.6706730769230769 0.11298076923076923 0.057692307692307696 0.07451923076923077
0 0.5192307692307693 0.24879807692307693 0.052884615384615384 0.06971153846153846
0 0.3269230769230769 0.054086538461538464 0.040865384615384616 0.08173076923076923
0 0.24158653846153846 0.008413461538461538 0.06009615384615385 0.016826923076923076
0 0.10817307692307693 0.013221153846153846 0.04807692307692308 0.026442307692307692
0 0.027644230769230768 0.7463942307692307 0.040865384615384616 0.038461538461538464
0 0.006009615384615385 0.8257211538461539 0.01201923076923077 0.04567307692307692
0 0.019230769230769232 0.8762019230769231 0.036057692307692304 0.036057692307692304
0 0.4338942307692308 0.8269230769230769 0.038461538461538464 0.06009615384615385
0 0.5168269230769231 0.8233173076923077 0.04326923076923077 0.04807692307692308
0 0.7427884615384616 0.890625 0.05048076923076923 0.07932692307692307
0 0.7175480769230769 0.9831730769230769 0.055288461538461536 0.03365384615384615
0 0.8846153846153846 0.8185096153846154 0.06971153846153846 0.08413461538461539
0 0.8209134615384616 0.6153846153846154 0.036057692307692304 0.0673076923076923
0 0.8293269230769231 0.5048076923076923 0.06971153846153846 0.08653846153846154
0 0.7487980769230769 0.5420673076923077 0.04326923076923077 0.0889423076923077
0 0.8473557692307693 0.35697115384615385 0.057692307692307696 0.055288461538461536
0 0.8774038461538461 0.11298076923076923 0.04326923076923077 0.07451923076923077
0 0.6045673076923077 0.15264423076923078 0.04567307692307692 0.0673076923076923
0 0.5120192307692307 0.9699519230769231 0.057692307692307696 0.06009615384615385
0 0.4026442307692308 0.7319711538461539 0.038461538461538464 0.06971153846153846
0 0.3112980769230769 0.3173076923076923 0.055288461538461536 0.08413461538461539
0 0.42788461538461536 0.16466346153846154 0.0673076923076923 0.0985576923076923
0 0.17548076923076922 0.23677884615384615 0.0625 0.07211538461538461
0 0.026442307692307692 0.6598557692307693 0.04807692307692308 0.0673076923076923
0 0.3870192307692308 0.8701923076923077 0.06490384615384616 0.0985576923076923
0 0.3125 0.7884615384615384 0.055288461538461536 0.06009615384615385
0 0.5048076923076923 0.9230769230769231 0.04326923076923077 0.052884615384615384
0 0.4879807692307692 0.890625 0.04807692307692308 0.04326923076923077
0 0.6550480769230769 0.9663461538461539 0.05048076923076923 0.0673076923076923
0 0.9447115384615384 0.2860576923076923 0.04567307692307692 0.08173076923076923
0 0.9098557692307693 0.3016826923076923 0.04807692307692308 0.07451923076923077
0 0.984375 0.21153846153846154 0.03125 0.08173076923076923
0 0.8293269230769231 0.1971153846153846 0.06490384615384616 0.07211538461538461
0 0.6382211538461539 0.06370192307692307 0.055288461538461536 0.0625
0 0.38822115384615385 0.34975961538461536 0.05048076923076923 0.08173076923076923
0 0.38822115384615385 0.0889423076923077 0.0673076923076923 0.10096153846153846
0 0.765625 0.9711538461538461 0.06490384615384616 0.057692307692307696
0 0.8605769230769231 0.9362980769230769 0.0673076923076923 0.06490384615384616
0 0.9302884615384616 0.8653846153846154 0.028846153846153848 0.07211538461538461
0 0.9951923076923077 0.5132211538461539 0.009615384615384616 0.06971153846153846
0 0.5901442307692307 0.5793269230769231 0.036057692307692304 0.07211538461538461
0 0.6634615384615384 0.5144230769230769 0.04567307692307692 0.07211538461538461
0 0.6814903846153846 0.5649038461538461 0.052884615384615384 0.057692307692307696
0 0.7932692307692307 0.33774038461538464 0.05048076923076923 0.06490384615384616
0 0.8822115384615384 0.40865384615384615 0.0673076923076923 0.06971153846153846