0 0.32572115384615385 0.41466346153846156 0.021634615384615384 0.038461538461538464
0 0.2920673076923077 0.3317307692307692 0.016826923076923076 0.03365384615384615
0 0.25721153846153844 0.31850961538461536 0.028846153846153848 0.019230769230769232
0 0.23798076923076922 0.3161057692307692 0.016826923076923076 0.04326923076923077
0 0.2439903846153846 0.2620192307692308 0.02403846153846154 0.04567307692307692
0 0.26322115384615385 0.24759615384615385 0.014423076923076924 0.036057692307692304
0 0.23317307692307693 0.21394230769230768 0.03365384615384615 0.052884615384615384
0 0.25721153846153844 0.17067307692307693 0.019230769230769232 0.038461538461538464
0 0.2824519230769231 0.4266826923076923 0.03365384615384615 0.055288461538461536
0 0.30528846153846156 0.4951923076923077 0.026442307692307692 0.03125
0 0.2776442307692308 0.4987980769230769 0.019230769230769232 0.03125
0 0.25961538461538464 0.5216346153846154 0.007211538461538462 0.03125
0 0.24879807692307693 0.5036057692307693 0.021634615384615384 0.04567307692307692
0 0.2247596153846154 0.5180288461538461 0.026442307692307692 0.019230769230769232
0 0.21634615384615385 0.5504807692307693 0.028846153846153848 0.028846153846153848
0 0.20673076923076922 0.5612980769230769 0.021634615384615384 0.021634615384615384
0 0.19110576923076922 0.6237980769230769 0.021634615384615384 0.02403846153846154
0 0.21153846153846154 0.6586538461538461 0.028846153846153848 0.021634615384615384
0 0.24879807692307693 0.6670673076923077 0.026442307692307692 0.021634615384615384
0 0.23317307692307693 0.6935096153846154 0.021634615384615384 0.026442307692307692
0 0.20072115384615385 0.6959134615384616 0.021634615384615384 0.040865384615384616
0 0.22716346153846154 0.7487980769230769 0.016826923076923076 0.04326923076923077
0 0.23918269230769232 0.8269230769230769 0.019230769230769232 0.02403846153846154
0 0.2403846153846154 0.875 0.021634615384615384 0.04326923076923077
0 0.1971153846153846 0.9134615384615384 0.03125 0.03125
0 0.20072115384615385 0.9278846153846154 0.021634615384615384 0.038461538461538464
0 0.19471153846153846 0.8185096153846154 0.021634615384615384 0.028846153846153848
0 0.2692307692307692 0.9879807692307693 0.03365384615384615 0.01201923076923077
0 0.3485576923076923 0.9194711538461539 0.026442307692307692 0.036057692307692304
0 0.3737980769230769 0.9122596153846154 0.016826923076923076 0.038461538461538464
0 0.40384615384615385 0.9266826923076923 0.019230769230769232 0.038461538461538464
0 0.4266826923076923 0.9711538461538461 0.019230769230769232 0.038461538461538464
0 0.4723557692307692 0.953125 0.016826923076923076 0.04326923076923077
0 0.47475961538461536 0.8834134615384616 0.021634615384615384 0.036057692307692304
0 0.5288461538461539 0.8930288461538461 0.028846153846153848 0.036057692307692304
0 0.5528846153846154 0.9206730769230769 0.03365384615384615 0.03365384615384615
0 0.5348557692307693 0.9567307692307693 0.026442307692307692 0.036057692307692304
0 0.3293269230769231 0.7103365384615384 0.03125 0.036057692307692304
0 0.3389423076923077 0.6298076923076923 0.02403846153846154 0.04807692307692308
0 0.3173076923076923 0.5697115384615384 0.026442307692307692 0.04326923076923077
0 0.27403846153846156 0.5625 0.021634615384615384 0.038461538461538464
0 0.35697115384615385 0.5180288461538461 0.021634615384615384 0.028846153846153848
0 0.34375 0.4387019230769231 0.019230769230769232 0.040865384615384616
0 0.35096153846153844 0.3581730769230769 0.019230769230769232 0.040865384615384616
0 0.3737980769230769 0.3701923076923077 0.01201923076923077 0.036057692307692304
0 0.3918269230769231 0.39302884615384615 0.026442307692307692 0.040865384615384616
0 0.421875 0.3954326923076923 0.019230769230769232 0.03125
0 0.41346153846153844 0.4182692307692308 0.019230769230769232 0.036057692307692304
0 0.4170673076923077 0.2692307692307692 0.02403846153846154 0.036057692307692304
0 0.43990384615384615 0.25841346153846156 0.026442307692307692 0.026442307692307692
0 0.4170673076923077 0.21995192307692307 0.02403846153846154 0.03125
0 0.5144230769230769 0.14182692307692307 0.016826923076923076 0.038461538461538464
0 0.5372596153846154 0.16105769230769232 0.03125 0.03365384615384615
0 0.4855769230769231 0.2403846153846154 0.016826923076923076 0.0625
0 0.4699519230769231 0.3016826923076923 0.02403846153846154 0.036057692307692304
0 0.5108173076923077 0.3317307692307692 0.019230769230769232 0.040865384615384616
0 0.5204326923076923 0.30528846153846156 0.021634615384615384 0.036057692307692304
0 0.5372596153846154 0.2548076923076923 0.019230769230769232 0.026442307692307692
0 0.5288461538461539 0.23197115384615385 0.021634615384615384 0.040865384615384616
0 0.6430288461538461 0.20793269230769232 0.028846153846153848 0.05048076923076923
0 0.6069711538461539 0.2548076923076923 0.028846153846153848 0.038461538461538464
0 0.5673076923076923 0.3485576923076923 0.02403846153846154 0.040865384615384616
0 0.6105769230769231 0.38822115384615385 0.019230769230769232 0.03365384615384615
0 0.6069711538461539 0.43028846153846156 0.02403846153846154 0.028846153846153848
0 0.5348557692307693 0.4098557692307692 0.02403846153846154 0.028846153846153848
0 0.5108173076923077 0.47716346153846156 0.019230769230769232 0.038461538461538464
0 0.5300480769230769 0.4963942307692308 0.026442307692307692 0.040865384615384616
0 0.5204326923076923 0.6177884615384616 0.01201923076923077 0.036057692307692304
0 0.49759615384615385 0.6730769230769231 0.028846153846153848 0.04326923076923077
0 0.4879807692307692 0.5805288461538461 0.021634615384615384 0.03365384615384615
0 0.4423076923076923 0.515625 0.02403846153846154 0.03365384615384615
0 0.4254807692307692 0.4891826923076923 0.021634615384615384 0.04326923076923077
0 0.5721153846153846 0.6177884615384616 0.028846153846153848 0.04326923076923077
0 0.5961538461538461 0.5336538461538461 0.02403846153846154 0.028846153846153848
0 0.6370192307692307 0.6430288461538461 0.026442307692307692 0.057692307692307696
0 0.6899038461538461 0.37259615384615385 0.019230769230769232 0.052884615384615384
0 0.6850961538461539 0.3605769230769231 0.028846153846153848 0.038461538461538464
0 0.6730769230769231 0.34134615384615385 0.021634615384615384 0.03125
0 0.7175480769230769 0.24639423076923078 0.03125 0.06009615384615385
0 0.7716346153846154 0.22596153846153846 0.02403846153846154 0.06490384615384616
0 0.6995192307692307 0.109375 0.02403846153846154 0.055288461538461536
0 0.7932692307692307 0.5985576923076923 0.03125 0.08173076923076923
0 0.7439903846153846 0.5745192307692307 0.03125 0.038461538461538464
0 0.8028846153846154 0.7175480769230769 0.028846153846153848 0.052884615384615384
0 0.8076923076923077 0.8088942307692307 0.019230769230769232 0.03125
0 0.7716346153846154 0.9194711538461539 0.03125 0.04807692307692308
0 0.8533653846153846 0.9387019230769231 0.028846153846153848 0.055288461538461536