0 0.015625 0.3786057692307692 0.03125 0.08413461538461539
0 0.11298076923076923 0.3425480769230769 0.06490384615384616 0.0673076923076923
0 0.15504807692307693 0.3786057692307692 0.04807692307692308 0.052884615384615384
0 0.2692307692307692 0.47836538461538464 0.06971153846153846 0.07932692307692307
0 0.2536057692307692 0.49399038461538464 0.052884615384615384 0.0625
0 0.14182692307692307 0.5925480769230769 0.0673076923076923 0.07451923076923077
0 0.1346153846153846 0.6069711538461539 0.04567307692307692 0.052884615384615384
0 0.1141826923076923 0.6069711538461539 0.06009615384615385 0.06971153846153846
0 0.08774038461538461 0.6334134615384616 0.0625 0.06009615384615385
0 0.12740384615384615 0.6923076923076923 0.07211538461538461 0.07932692307692307
0 0.010817307692307692 0.6274038461538461 0.021634615384615384 0.0625
0 0.29927884615384615 0.6971153846153846 0.06971153846153846 0.07932692307692307
0 0.20552884615384615 0.7151442307692307 0.04807692307692308 0.04807692307692308
0 0.3293269230769231 0.9735576923076923 0.07692307692307693 0.052884615384615384
0 0.4543269230769231 0.9879807692307693 0.0673076923076923 0.02403846153846154
0 0.5985576923076923 0.8737980769230769 0.07211538461538461 0.07451923076923077
0 0.6009615384615384 0.7908653846153846 0.07692307692307693 0.07692307692307693
0 0.5673076923076923 0.7055288461538461 0.08173076923076923 0.08413461538461539
0 0.4735576923076923 0.703125 0.06971153846153846 0.0625
0 0.4639423076923077 0.5757211538461539 0.0673076923076923 0.07932692307692307
0 0.36899038461538464 0.4891826923076923 0.06971153846153846 0.07692307692307693
0 0.35697115384615385 0.5228365384615384 0.05048076923076923 0.052884615384615384
0 0.40024038461538464 0.4026442307692308 0.06971153846153846 0.07932692307692307
0 0.2536057692307692 0.22235576923076922 0.0673076923076923 0.06971153846153846
0 0.32211538461538464 0.0733173076923077 0.0673076923076923 0.07932692307692307
0 0.3762019230769231 0.19471153846153846 0.0673076923076923 0.07692307692307693
0 0.3641826923076923 0.2692307692307692 0.06971153846153846 0.07932692307692307
0 0.4495192307692308 0.32091346153846156 0.052884615384615384 0.057692307692307696
0 0.4579326923076923 0.36778846153846156 0.06971153846153846 0.07692307692307693
0 0.4519230769230769 0.13221153846153846 0.07692307692307693 0.08653846153846154
0 0.5348557692307693 0.23677884615384615 0.09375 0.10096153846153846
0 0.6418269230769231 0.40024038461538464 0.06490384615384616 0.06971153846153846
0 0.6526442307692307 0.4543269230769231 0.07451923076923077 0.07932692307692307
0 0.6490384615384616 0.5120192307692307 0.06490384615384616 0.0625
0 0.7079326923076923 0.5084134615384616 0.07211538461538461 0.07451923076923077
0 0.7896634615384616 0.44471153846153844 0.09375 0.10096153846153846
0 0.6850961538461539 0.16706730769230768 0.07211538461538461 0.08653846153846154
0 0.09975961538461539 0.7355769230769231 0.09134615384615384 0.09615384615384616