0 0.28846153846153844 0.33413461538461536 0.055288461538461536 0.06490384615384616
0 0.1971153846153846 0.19471153846153846 0.06490384615384616 0.07692307692307693
0 0.4026442307692308 0.7884615384615384 0.057692307692307696 0.07451923076923077
0 0.3894230769230769 0.9158653846153846 0.055288461538461536 0.08173076923076923
0 0.5564903846153846 0.8774038461538461 0.04326923076923077 0.09375
0 0.6201923076923077 0.9591346153846154 0.0625 0.0625
0 0.5300480769230769 0.9603365384615384 0.057692307692307696 0.0673076923076923
0 0.8185096153846154 0.8209134615384616 0.057692307692307696 0.06490384615384616
0 0.9254807692307693 0.6201923076923077 0.04567307692307692 0.09615384615384616
0 0.6983173076923077 0.5516826923076923 0.06490384615384616 0.06971153846153846
0 0.5985576923076923 0.578125 0.052884615384615384 0.06971153846153846
0 0.8197115384615384 0.5997596153846154 0.06009615384615385 0.08173076923076923
0 0.8245192307692307 0.2403846153846154 0.040865384615384616 0.08653846153846154
0 0.5961538461538461 0.2247596153846154 0.0625 0.06971153846153846
0 0.06129807692307692 0.47836538461538464 0.06490384615384616 0.07211538461538461
0 0.4831730769230769 0.6514423076923077 0.0673076923076923 0.07211538461538461
0 0.7608173076923077 0.09014423076923077 0.06009615384615385 0.0673076923076923
0 0.6009615384615384 0.14783653846153846 0.04807692307692308 0.07211538461538461
0 0.8377403846153846 0.9290865384615384 0.06490384615384616 0.06971153846153846
0 0.20673076923076922 0.6694711538461539 0.0673076923076923 0.0889423076923077
0 0.2920673076923077 0.71875 0.08413461538461539 0.0889423076923077
0 0.6658653846153846 0.47475961538461536 0.05048076923076923 0.06009615384615385
0 0.7163461538461539 0.39663461538461536 0.06009615384615385 0.08173076923076923
0 0.6935096153846154 0.20432692307692307 0.055288461538461536 0.10576923076923077
0 0.6514423076923077 0.18870192307692307 0.055288461538461536 0.07211538461538461
0 0.9254807692307693 0.41466346153846156 0.08173076923076923 0.11057692307692307
0 0.9783653846153846 0.5925480769230769 0.038461538461538464 0.09375
0 0.8473557692307693 0.7391826923076923 0.06009615384615385 0.07451923076923077
0 0.7800480769230769 0.8798076923076923 0.057692307692307696 0.08173076923076923
0 0.390625 0.5132211538461539 0.0625 0.11298076923076923
0 0.3581730769230769 0.390625 0.0673076923076923 0.08173076923076923
0 0.484375 0.3137019230769231 0.052884615384615384 0.1201923076923077
0 0.6983173076923077 0.9266826923076923 0.055288461538461536 0.10336538461538461
0 0.8701923076923077 0.9855769230769231 0.057692307692307696 0.028846153846153848