0 0.5588942307692307 0.09254807692307693 0.04567307692307692 0.04326923076923077
0 0.5372596153846154 0.12740384615384615 0.0625 0.0625
0 0.39663461538461536 0.04807692307692308 0.055288461538461536 0.06009615384615385
0 0.3894230769230769 0.08533653846153846 0.055288461538461536 0.06009615384615385
0 0.2956730769230769 0.046875 0.04807692307692308 0.05048076923076923
0 0.29447115384615385 0.07692307692307693 0.036057692307692304 0.036057692307692304
0 0.36177884615384615 0.1875 0.0625 0.057692307692307696
0 0.25 0.234375 0.06490384615384616 0.06971153846153846
0 0.20673076923076922 0.3245192307692308 0.0625 0.0625
0 0.15865384615384615 0.33533653846153844 0.07451923076923077 0.07451923076923077
0 0.10576923076923077 0.34375 0.07692307692307693 0.08173076923076923
0 0.054086538461538464 0.33653846153846156 0.06009615384615385 0.06490384615384616
0 0.04927884615384615 0.5721153846153846 0.07932692307692307 0.08653846153846154
0 0.22355769230769232 0.5036057692307693 0.055288461538461536 0.055288461538461536
0 0.39783653846153844 0.33413461538461536 0.055288461538461536 0.055288461538461536
0 0.4567307692307692 0.21754807692307693 0.04567307692307692 0.04807692307692308
0 0.5192307692307693 0.2620192307692308 0.06971153846153846 0.07211538461538461
0 0.6237980769230769 0.2800480769230769 0.10336538461538461 0.10336538461538461
0 0.6983173076923077 0.16947115384615385 0.0625 0.0625
0 0.6310096153846154 0.33413461538461536 0.057692307692307696 0.0625
0 0.6766826923076923 0.34134615384615385 0.0673076923076923 0.06971153846153846
0 0.5697115384615384 0.4110576923076923 0.07451923076923077 0.07451923076923077
0 0.5889423076923077 0.46875 0.06490384615384616 0.07211538461538461
0 0.6586538461538461 0.42788461538461536 0.0673076923076923 0.06971153846153846
0 0.7319711538461539 0.3786057692307692 0.06490384615384616 0.07211538461538461
0 0.8365384615384616 0.28966346153846156 0.052884615384615384 0.052884615384615384
0 0.6947115384615384 0.46274038461538464 0.07692307692307693 0.07692307692307693
0 0.6430288461538461 0.515625 0.055288461538461536 0.057692307692307696
0 0.47596153846153844 0.6742788461538461 0.0625 0.0625
0 0.4326923076923077 0.6033653846153846 0.08173076923076923 0.08413461538461539
0 0.33413461538461536 0.5757211538461539 0.0625 0.0673076923076923
0 0.18509615384615385 0.7151442307692307 0.052884615384615384 0.055288461538461536
0 0.29086538461538464 0.71875 0.0673076923076923 0.07211538461538461
0 0.1971153846153846 0.8689903846153846 0.057692307692307696 0.06009615384615385
0 0.34134615384615385 0.8401442307692307 0.0673076923076923 0.07211538461538461
0 0.3798076923076923 0.8930288461538461 0.052884615384615384 0.055288461538461536
0 0.6225961538461539 0.7896634615384616 0.0673076923076923 0.07211538461538461
0 0.6021634615384616 0.7067307692307693 0.0889423076923077 0.09134615384615384
0 0.7836538461538461 0.5432692307692307 0.0673076923076923 0.07451923076923077
0 0.8834134615384616 0.4831730769230769 0.055288461538461536 0.055288461538461536
0 0.875 0.5949519230769231 0.0673076923076923 0.06971153846153846
0 0.9771634615384616 0.6310096153846154 0.04567307692307692 0.07451923076923077
0 0.7596153846153846 0.9639423076923077 0.055288461538461536 0.0625
0 0.6634615384615384 0.984375 0.07211538461538461 0.03125
0 0.6814903846153846 0.9110576923076923 0.07932692307692307 0.08653846153846154
0 0.6358173076923077 0.9014423076923077 0.0673076923076923 0.07211538461538461
0 0.6622596153846154 0.8269230769230769 0.07932692307692307 0.08413461538461539
0 0.5024038461538461 0.96875 0.08173076923076923 0.0625
0 0.39783653846153844 0.9915865384615384 0.07451923076923077 0.016826923076923076
0 0.4026442307692308 0.2608173076923077 0.09134615384615384 0.09615384615384616