0 0.3870192307692308 0.5600961538461539 0.10817307692307693 0.10576923076923077
0 0.48677884615384615 0.6850961538461539 0.10576923076923077 0.10576923076923077
0 0.7908653846153846 0.7079326923076923 0.0889423076923077 0.08653846153846154
0 0.6177884615384616 0.9891826923076923 0.10096153846153846 0.021634615384615384
0 0.8737980769230769 0.20793269230769232 0.09375 0.0985576923076923
0 0.5348557692307693 0.16826923076923078 0.10096153846153846 0.10096153846153846
0 0.4891826923076923 0.35697115384615385 0.09615384615384616 0.0889423076923077
0 0.31850961538461536 0.4519230769230769 0.10576923076923077 0.10817307692307693
0 0.40865384615384615 0.84375 0.09134615384615384 0.08653846153846154
0 0.4831730769230769 0.8774038461538461 0.0985576923076923 0.0985576923076923
0 0.9831730769230769 0.23918269230769232 0.03365384615384615 0.055288461538461536
0 0.8834134615384616 0.4807692307692308 0.07932692307692307 0.07451923076923077
0 0.7211538461538461 0.4723557692307692 0.08173076923076923 0.09134615384615384
0 0.16947115384615385 0.5456730769230769 0.11057692307692307 0.11298076923076923
0 0.020432692307692308 0.6394230769230769 0.040865384615384616 0.11538461538461539
0 0.3485576923076923 0.6706730769230769 0.08413461538461539 0.09615384615384616
0 0.7560096153846154 0.6117788461538461 0.09134615384615384 0.10576923076923077
0 0.9567307692307693 0.515625 0.08653846153846154 0.12740384615384615
0 0.6923076923076923 0.125 0.13221153846153846 0.13701923076923078
0 0.5096153846153846 0.28125 0.09375 0.10576923076923077
0 0.7379807692307693 0.33413461538461536 0.10096153846153846 0.10817307692307693
0 0.8449519230769231 0.7560096153846154 0.12980769230769232 0.14423076923076922
0 0.6826923076923077 0.9194711538461539 0.10336538461538461 0.11538461538461539
0 0.4519230769230769 0.5985576923076923 0.11298076923076923 0.12259615384615384
0 0.8064903846153846 0.6634615384615384 0.10576923076923077 0.0985576923076923