0 0.019230769230769232 0.6430288461538461 0.038461538461538464 0.0889423076923077
0 0.21754807692307693 0.3161057692307692 0.0673076923076923 0.0673076923076923
0 0.2776442307692308 0.28725961538461536 0.06971153846153846 0.06971153846153846
0 0.30288461538461536 0.3173076923076923 0.0673076923076923 0.0625
0 0.14783653846153846 0.49278846153846156 0.10817307692307693 0.11057692307692307
0 0.042067307692307696 0.4098557692307692 0.08413461538461539 0.08413461538461539
0 0.37259615384615385 0.5036057692307693 0.08653846153846154 0.0889423076923077
0 0.4230769230769231 0.5865384615384616 0.07932692307692307 0.08173076923076923
0 0.5661057692307693 0.6334134615384616 0.1201923076923077 0.1201923076923077
0 0.38100961538461536 0.7151442307692307 0.08413461538461539 0.08413461538461539
0 0.09134615384615384 0.5132211538461539 0.06971153846153846 0.07451923076923077
0 0.35697115384615385 0.30288461538461536 0.09615384615384616 0.0985576923076923
0 0.40865384615384615 0.4326923076923077 0.07451923076923077 0.07211538461538461
0 0.45913461538461536 0.3004807692307692 0.06971153846153846 0.06971153846153846
0 0.5600961538461539 0.36538461538461536 0.07692307692307693 0.07692307692307693
0 0.6141826923076923 0.5012019230769231 0.07451923076923077 0.07451923076923077
0 0.7379807692307693 0.39663461538461536 0.08653846153846154 0.0889423076923077
0 0.7536057692307693 0.5132211538461539 0.07211538461538461 0.07692307692307693
0 0.8810096153846154 0.4495192307692308 0.0889423076923077 0.08653846153846154
0 0.9338942307692307 0.49158653846153844 0.0673076923076923 0.06490384615384616
0 0.9615384615384616 0.640625 0.07692307692307693 0.10336538461538461
0 0.9182692307692307 0.6670673076923077 0.0889423076923077 0.09134615384615384
0 0.8665865384615384 0.7908653846153846 0.0985576923076923 0.0985576923076923
0 0.6129807692307693 0.13581730769230768 0.08173076923076923 0.07932692307692307
0 0.6622596153846154 0.1814903846153846 0.06490384615384616 0.06971153846153846
0 0.7475961538461539 0.2439903846153846 0.10576923076923077 0.10336538461538461
0 0.5913461538461539 0.016826923076923076 0.09134615384615384 0.03365384615384615
0 0.4891826923076923 0.03245192307692308 0.10336538461538461 0.06490384615384616
0 0.3762019230769231 0.06129807692307692 0.11057692307692307 0.11298076923076923
0 0.44350961538461536 0.056490384615384616 0.10096153846153846 0.10817307692307693