0 0.6237980769230769 0.4651442307692308 0.125 0.125
0 0.421875 0.3942307692307692 0.12740384615384615 0.125
0 0.3449519230769231 0.22716346153846154 0.09134615384615384 0.09134615384615384
0 0.5360576923076923 0.171875 0.07932692307692307 0.08173076923076923
0 0.7163461538461539 0.328125 0.08653846153846154 0.0889423076923077
0 0.4891826923076923 0.5889423076923077 0.10096153846153846 0.0985576923076923
0 0.2848557692307692 0.5673076923076923 0.11057692307692307 0.10336538461538461
0 0.21033653846153846 0.4266826923076923 0.10096153846153846 0.10336538461538461
0 0.13341346153846154 0.23677884615384615 0.10096153846153846 0.0985576923076923
0 0.17548076923076922 0.7764423076923077 0.0889423076923077 0.09375
0 0.6875 0.9759615384615384 0.11538461538461539 0.04807692307692308
0 0.8461538461538461 0.7331730769230769 0.15625 0.15625
0 0.056490384615384616 0.6454326923076923 0.11298076923076923 0.11778846153846154
0 0.3581730769230769 0.3016826923076923 0.09134615384615384 0.09375
0 0.36778846153846156 0.3605769230769231 0.0889423076923077 0.09375
0 0.4879807692307692 0.08653846153846154 0.07932692307692307 0.07692307692307693
0 0.4483173076923077 0.1502403846153846 0.07932692307692307 0.08413461538461539
0 0.43028846153846156 0.04807692307692308 0.08173076923076923 0.0889423076923077
0 0.3942307692307692 0.03245192307692308 0.11057692307692307 0.06490384615384616
0 0.7920673076923077 0.4182692307692308 0.0985576923076923 0.10096153846153846
0 0.8990384615384616 0.37740384615384615 0.09375 0.10096153846153846
0 0.6550480769230769 0.5733173076923077 0.09375 0.09375
0 0.5757211538461539 0.5516826923076923 0.09615384615384616 0.09615384615384616
0 0.3473557692307692 0.8137019230769231 0.11298076923076923 0.11298076923076923
0 0.24519230769230768 0.8629807692307693 0.14423076923076922 0.1466346153846154
0 0.3401442307692308 0.9338942307692307 0.0889423076923077 0.09134615384615384