0 0.06610576923076923 0.6177884615384616 0.08173076923076923 0.07692307692307693
0 0.10096153846153846 0.6959134615384616 0.07451923076923077 0.07692307692307693
0 0.12139423076923077 0.8040865384615384 0.06490384615384616 0.0673076923076923
0 0.1814903846153846 0.7319711538461539 0.06009615384615385 0.057692307692307696
0 0.18990384615384615 0.6177884615384616 0.07451923076923077 0.07211538461538461
0 0.0829326923076923 0.328125 0.052884615384615384 0.055288461538461536
0 0.3762019230769231 0.47596153846153844 0.052884615384615384 0.052884615384615384
0 0.35096153846153844 0.6875 0.057692307692307696 0.057692307692307696
0 0.22235576923076922 0.8389423076923077 0.0985576923076923 0.0985576923076923
0 0.30649038461538464 0.8269230769230769 0.08173076923076923 0.08413461538461539
0 0.4182692307692308 0.7067307692307693 0.06971153846153846 0.0673076923076923
0 0.39903846153846156 0.3317307692307692 0.0889423076923077 0.09375
0 0.32211538461538464 0.16947115384615385 0.0985576923076923 0.10336538461538461
0 0.234375 0.2644230769230769 0.04807692307692308 0.04807692307692308
0 0.20793269230769232 0.3605769230769231 0.0889423076923077 0.08653846153846154
0 0.06490384615384616 0.3786057692307692 0.0625 0.0625
0 0.15985576923076922 0.49158653846153844 0.09615384615384616 0.09375
0 0.6778846153846154 0.15625 0.0625 0.06490384615384616
0 0.59375 0.3485576923076923 0.07451923076923077 0.07692307692307693
0 0.4879807692307692 0.234375 0.07692307692307693 0.07692307692307693
0 0.484375 0.5552884615384616 0.07692307692307693 0.08173076923076923
0 0.31850961538461536 0.7608173076923077 0.07932692307692307 0.07932692307692307
0 0.9795673076923077 0.5649038461538461 0.040865384615384616 0.09134615384615384
0 0.4855769230769231 0.3293269230769231 0.07211538461538461 0.07211538461538461
0 0.4375 0.4519230769230769 0.09375 0.09615384615384616
0 0.6502403846153846 0.4026442307692308 0.08173076923076923 0.08173076923076923
0 0.5576923076923077 0.4338942307692308 0.055288461538461536 0.052884615384615384
0 0.5925480769230769 0.43028846153846156 0.0625 0.06009615384615385
0 0.7043269230769231 0.5528846153846154 0.055288461538461536 0.06009615384615385
0 0.7632211538461539 0.5192307692307693 0.06971153846153846 0.07451923076923077
0 0.8425480769230769 0.6057692307692307 0.057692307692307696 0.06009615384615385
0 0.8509615384615384 0.7067307692307693 0.06490384615384616 0.06971153846153846
0 0.8509615384615384 0.7632211538461539 0.057692307692307696 0.06009615384615385
0 0.8221153846153846 0.7908653846153846 0.06971153846153846 0.06971153846153846
0 0.7596153846153846 0.3137019230769231 0.06009615384615385 0.06009615384615385