0 0.4735576923076923 0.5144230769230769 0.07451923076923077 0.08173076923076923
0 0.3545673076923077 0.453125 0.06009615384615385 0.08653846153846154
0 0.22355769230769232 0.17427884615384615 0.028846153846153848 0.0673076923076923
0 0.14543269230769232 0.19471153846153846 0.026442307692307692 0.052884615384615384
0 0.11899038461538461 0.19471153846153846 0.038461538461538464 0.019230769230769232
0 0.15504807692307693 0.2920673076923077 0.04807692307692308 0.04807692307692308
0 0.09254807692307693 0.5721153846153846 0.038461538461538464 0.06009615384615385
0 0.41346153846153844 0.18990384615384615 0.040865384615384616 0.08173076923076923
0 0.49759615384615385 0.13341346153846154 0.04326923076923077 0.052884615384615384
0 0.515625 0.30528846153846156 0.05048076923076923 0.08173076923076923
0 0.6069711538461539 0.18870192307692307 0.04326923076923077 0.07451923076923077
0 0.6778846153846154 0.19110576923076922 0.04567307692307692 0.052884615384615384
0 0.8197115384615384 0.1971153846153846 0.040865384615384616 0.06490384615384616
0 0.7584134615384616 0.2824519230769231 0.04567307692307692 0.0625
0 0.8413461538461539 0.4362980769230769 0.04326923076923077 0.07451923076923077
0 0.8882211538461539 0.5420673076923077 0.028846153846153848 0.0625
0 0.8846153846153846 0.5913461538461539 0.038461538461538464 0.03365384615384615
0 0.7524038461538461 0.6971153846153846 0.03125 0.06490384615384616
0 0.9591346153846154 0.6358173076923077 0.04326923076923077 0.08173076923076923
0 0.9675480769230769 0.11899038461538461 0.038461538461538464 0.06971153846153846
0 0.9278846153846154 0.03125 0.03365384615384615 0.0625
0 0.8810096153846154 0.04927884615384615 0.038461538461538464 0.07211538461538461
0 0.31850961538461536 0.7548076923076923 0.038461538461538464 0.052884615384615384
0 0.8870192307692307 0.765625 0.06971153846153846 0.11538461538461539