0 0.18389423076923078 0.296875 0.08653846153846154 0.08653846153846154
0 0.26322115384615385 0.4483173076923077 0.0889423076923077 0.0889423076923077
0 0.140625 0.421875 0.07451923076923077 0.09615384615384616
0 0.28365384615384615 0.6899038461538461 0.07451923076923077 0.07451923076923077
0 0.3389423076923077 0.7800480769230769 0.06971153846153846 0.07211538461538461
0 0.39903846153846156 0.8317307692307693 0.06490384615384616 0.0673076923076923
0 0.4963942307692308 0.9867788461538461 0.06490384615384616 0.026442307692307692
0 0.28846153846153844 0.9723557692307693 0.0673076923076923 0.055288461538461536
0 0.15504807692307693 0.7175480769230769 0.06009615384615385 0.07692307692307693
0 0.4230769230769231 0.5901442307692307 0.06971153846153846 0.07211538461538461
0 0.3449519230769231 0.6141826923076923 0.08653846153846154 0.0985576923076923
0 0.38100961538461536 0.7007211538461539 0.055288461538461536 0.06971153846153846
0 0.4795673076923077 0.7860576923076923 0.08173076923076923 0.11057692307692307
0 0.4675480769230769 0.6899038461538461 0.08173076923076923 0.09615384615384616
0 0.6286057692307693 0.5516826923076923 0.07451923076923077 0.08413461538461539
0 0.6634615384615384 0.671875 0.09134615384615384 0.10096153846153846
0 0.7668269230769231 0.7824519230769231 0.0673076923076923 0.08173076923076923
0 0.49759615384615385 0.390625 0.08653846153846154 0.07932692307692307
0 0.49759615384615385 0.27163461538461536 0.0625 0.07692307692307693
0 0.4639423076923077 0.18269230769230768 0.0889423076923077 0.10817307692307693
0 0.453125 0.06490384615384616 0.06490384615384616 0.0673076923076923
0 0.5048076923076923 0.11778846153846154 0.0625 0.06490384615384616
0 0.7884615384615384 0.19230769230769232 0.07211538461538461 0.08173076923076923
0 0.7668269230769231 0.35336538461538464 0.06490384615384616 0.07692307692307693
0 0.8076923076923077 0.4519230769230769 0.0625 0.08173076923076923
0 0.96875 0.5456730769230769 0.0625 0.09134615384615384
0 0.8377403846153846 0.6442307692307693 0.055288461538461536 0.06971153846153846
0 0.953125 0.7451923076923077 0.07451923076923077 0.08653846153846154
0 0.39663461538461536 0.9182692307692307 0.08173076923076923 0.09375
0 0.6754807692307693 0.14903846153846154 0.11298076923076923 0.1346153846153846