0 0.22956730769230768 0.3473557692307692 0.10096153846153846 0.08653846153846154
0 0.21514423076923078 0.41225961538461536 0.07692307692307693 0.08173076923076923
0 0.22716346153846154 0.5288461538461539 0.10336538461538461 0.09134615384615384
0 0.05048076923076923 0.2800480769230769 0.10096153846153846 0.0985576923076923
0 0.18629807692307693 0.703125 0.10336538461538461 0.11298076923076923
0 0.24158653846153846 0.8497596153846154 0.07932692307692307 0.08173076923076923
0 0.44711538461538464 0.6201923076923077 0.08413461538461539 0.09615384615384616
0 0.5300480769230769 0.7560096153846154 0.09615384615384616 0.09375
0 0.7259615384615384 0.44711538461538464 0.1201923076923077 0.1346153846153846
0 0.6766826923076923 0.06370192307692307 0.07211538461538461 0.0889423076923077
0 0.6971153846153846 0.15745192307692307 0.08413461538461539 0.07692307692307693
0 0.78125 0.234375 0.06971153846153846 0.0889423076923077
0 0.8930288461538461 0.15865384615384615 0.057692307692307696 0.08653846153846154
0 0.8834134615384616 0.35697115384615385 0.0625 0.09134615384615384
0 0.9495192307692307 0.3557692307692308 0.0625 0.0625
0 0.9110576923076923 0.4182692307692308 0.0625 0.06490384615384616
0 0.8569711538461539 0.41225961538461536 0.07211538461538461 0.0673076923076923
0 0.8305288461538461 0.359375 0.05048076923076923 0.0625
0 0.8125 0.5612980769230769 0.0673076923076923 0.06490384615384616
0 0.8100961538461539 0.640625 0.07451923076923077 0.10096153846153846
0 0.8846153846153846 0.6730769230769231 0.06490384615384616 0.07692307692307693