0 0.06610576923076923 0.109375 0.036057692307692304 0.052884615384615384
0 0.15144230769230768 0.054086538461538464 0.04326923076923077 0.038461538461538464
0 0.18509615384615385 0.16826923076923078 0.026442307692307692 0.051682692307692304
0 0.21033653846153846 0.21514423076923078 0.054086538461538464 0.03365384615384615
0 0.03365384615384615 0.23076923076923078 0.05889423076923077 0.09495192307692307
0 0.08413461538461539 0.3954326923076923 0.046875 0.0625
0 0.038461538461538464 0.5288461538461539 0.06009615384615385 0.08774038461538461
0 0.15384615384615385 0.5817307692307693 0.06129807692307692 0.04326923076923077
0 0.15384615384615385 0.35096153846153844 0.04807692307692308 0.06129807692307692
0 0.24278846153846154 0.41346153846153844 0.051682692307692304 0.037259615384615384
0 0.29086538461538464 0.5276442307692307 0.040865384615384616 0.06129807692307692
0 0.3545673076923077 0.5228365384615384 0.054086538461538464 0.06610576923076923
0 0.13701923076923078 0.8233173076923077 0.07211538461538461 0.018028846153846152
0 0.0673076923076923 0.8966346153846154 0.08533653846153846 0.052884615384615384
0 0.016826923076923076 0.7788461538461539 0.03365384615384615 0.07211538461538461
0 0.3786057692307692 0.15144230769230768 0.051682692307692304 0.042067307692307696
0 0.4110576923076923 0.06129807692307692 0.05048076923076923 0.07091346153846154
0 0.4362980769230769 0.09495192307692307 0.026442307692307692 0.057692307692307696
0 0.5228365384615384 0.14903846153846154 0.04807692307692308 0.06490384615384616
0 0.5877403846153846 0.12259615384615384 0.054086538461538464 0.051682692307692304
0 0.7295673076923077 0.1622596153846154 0.04326923076923077 0.06850961538461539
0 0.7319711538461539 0.25721153846153844 0.05048076923076923 0.08413461538461539
0 0.7872596153846154 0.23317307692307693 0.037259615384615384 0.05889423076923077
0 0.8894230769230769 0.12379807692307693 0.037259615384615384 0.06129807692307692
0 0.9014423076923077 0.2439903846153846 0.055288461538461536 0.052884615384615384
0 0.90625 0.3954326923076923 0.056490384615384616 0.04567307692307692
0 0.9447115384615384 0.44471153846153844 0.05048076923076923 0.056490384615384616
0 0.8161057692307693 0.5588942307692307 0.040865384615384616 0.07451923076923077
0 0.71875 0.46875 0.06009615384615385 0.07451923076923077
0 0.6117788461538461 0.4362980769230769 0.04807692307692308 0.078125
0 0.5456730769230769 0.42788461538461536 0.06490384615384616 0.01201923076923077
0 0.5324519230769231 0.4026442307692308 0.06129807692307692 0.039663461538461536
0 0.47115384615384615 0.41346153846153844 0.056490384615384616 0.08774038461538461
0 0.5949519230769231 0.6165865384615384 0.051682692307692304 0.07451923076923077
0 0.6322115384615384 0.7091346153846154 0.06009615384615385 0.06850961538461539
0 0.5721153846153846 0.8052884615384616 0.04326923076923077 0.06971153846153846
0 0.640625 0.5649038461538461 0.04447115384615385 0.06490384615384616
0 0.8521634615384616 0.7019230769230769 0.06009615384615385 0.08413461538461539
0 0.7692307692307693 0.8016826923076923 0.08413461538461539 0.10216346153846154
0 0.9855769230769231 0.7439903846153846 0.028846153846153848 0.055288461538461536
0 0.9759615384615384 0.6418269230769231 0.04807692307692308 0.04447115384615385