0 0.15144230769230768 0.46634615384615385 0.06971153846153846 0.07211538461538461
0 0.018028846153846152 0.4723557692307692 0.036057692307692304 0.09375
0 0.056490384615384616 0.37740384615384615 0.04807692307692308 0.06490384615384616
0 0.2512019230769231 0.23918269230769232 0.0673076923076923 0.0889423076923077
0 0.3233173076923077 0.3293269230769231 0.04807692307692308 0.07211538461538461
0 0.4651442307692308 0.28365384615384615 0.04326923076923077 0.05048076923076923
0 0.7223557692307693 0.5276442307692307 0.055288461538461536 0.06009615384615385
0 0.7487980769230769 0.5661057692307693 0.052884615384615384 0.040865384615384616
0 0.8401442307692307 0.3786057692307692 0.0625 0.0673076923076923
0 0.6862980769230769 0.25961538461538464 0.0673076923076923 0.08173076923076923
0 0.5961538461538461 0.3425480769230769 0.06009615384615385 0.08173076923076923
0 0.5997596153846154 0.5853365384615384 0.06490384615384616 0.07211538461538461
0 0.5865384615384616 0.6646634615384616 0.0673076923076923 0.08173076923076923
0 0.5576923076923077 0.8389423076923077 0.055288461538461536 0.07932692307692307
0 0.4483173076923077 0.5685096153846154 0.0673076923076923 0.08653846153846154
0 0.4266826923076923 0.7451923076923077 0.04807692307692308 0.04807692307692308
0 0.33533653846153844 0.8846153846153846 0.04567307692307692 0.055288461538461536
0 0.3798076923076923 0.5192307692307693 0.06009615384615385 0.05048076923076923
0 0.36538461538461536 0.22235576923076922 0.057692307692307696 0.055288461538461536
0 0.46634615384615385 0.11658653846153846 0.057692307692307696 0.07211538461538461
0 0.8016826923076923 0.12139423076923077 0.05048076923076923 0.08413461538461539
0 0.8149038461538461 0.6382211538461539 0.052884615384615384 0.0625
0 0.41586538461538464 0.9651442307692307 0.052884615384615384 0.06490384615384616
0 0.056490384615384616 0.6959134615384616 0.052884615384615384 0.0673076923076923
0 0.5192307692307693 0.9723557692307693 0.0673076923076923 0.055288461538461536
0 0.4026442307692308 0.6850961538461539 0.0673076923076923 0.07692307692307693
0 0.2776442307692308 0.5492788461538461 0.0673076923076923 0.055288461538461536
0 0.21394230769230768 0.48677884615384615 0.055288461538461536 0.0673076923076923
0 0.19110576923076922 0.5228365384615384 0.06009615384615385 0.07451923076923077
0 0.21394230769230768 0.6634615384615384 0.06009615384615385 0.07211538461538461
0 0.2548076923076923 0.7247596153846154 0.052884615384615384 0.06490384615384616
0 0.42788461538461536 0.38221153846153844 0.04807692307692308 0.07932692307692307
0 0.46875 0.41225961538461536 0.052884615384615384 0.0673076923076923
0 0.3954326923076923 0.4026442307692308 0.0625 0.07932692307692307
0 0.421875 0.06370192307692307 0.07692307692307693 0.09615384615384616
0 0.26322115384615385 0.09375 0.057692307692307696 0.055288461538461536
0 0.9290865384615384 0.3737980769230769 0.08653846153846154 0.13701923076923078
0 0.7632211538461539 0.6069711538461539 0.07692307692307693 0.08413461538461539
0 0.036057692307692304 0.53125 0.06490384615384616 0.06490384615384616
0 0.5204326923076923 0.4891826923076923 0.07692307692307693 0.10096153846153846