0 0.1875 0.1658653846153846 0.0673076923076923 0.06971153846153846
0 0.10576923076923077 0.19831730769230768 0.06009615384615385 0.0673076923076923
0 0.16947115384615385 0.2548076923076923 0.04326923076923077 0.04567307692307692
0 0.14182692307692307 0.28966346153846156 0.06009615384615385 0.052884615384615384
0 0.23798076923076922 0.36177884615384615 0.057692307692307696 0.0625
0 0.3016826923076923 0.35096153846153844 0.06490384615384616 0.057692307692307696
0 0.39302884615384615 0.32211538461538464 0.06971153846153846 0.07451923076923077
0 0.3786057692307692 0.24639423076923078 0.07211538461538461 0.07451923076923077
0 0.2956730769230769 0.21033653846153846 0.06971153846153846 0.07692307692307693
0 0.3125 0.1658653846153846 0.07451923076923077 0.08413461538461539
0 0.25841346153846156 0.10817307692307693 0.06490384615384616 0.0673076923076923
0 0.38822115384615385 0.08052884615384616 0.04807692307692308 0.055288461538461536
0 0.421875 0.08653846153846154 0.055288461538461536 0.06490384615384616
0 0.38221153846153844 0.019230769230769232 0.057692307692307696 0.038461538461538464
0 0.5877403846153846 0.09735576923076923 0.07692307692307693 0.07692307692307693
0 0.7475961538461539 0.07211538461538461 0.052884615384615384 0.055288461538461536
0 0.7007211538461539 0.18269230769230768 0.06490384615384616 0.06490384615384616
0 0.7584134615384616 0.30408653846153844 0.07211538461538461 0.07451923076923077
0 0.7079326923076923 0.34134615384615385 0.0625 0.0673076923076923
0 0.5252403846153846 0.27163461538461536 0.07692307692307693 0.07932692307692307
0 0.5348557692307693 0.2403846153846154 0.052884615384615384 0.055288461538461536
0 0.5528846153846154 0.3016826923076923 0.057692307692307696 0.0673076923076923
0 0.5132211538461539 0.36177884615384615 0.07932692307692307 0.08413461538461539
0 0.5456730769230769 0.5276442307692307 0.0673076923076923 0.06490384615384616
0 0.6790865384615384 0.5048076923076923 0.08413461538461539 0.08173076923076923
0 0.6418269230769231 0.6694711538461539 0.07692307692307693 0.07451923076923077
0 0.515625 0.6706730769230769 0.08653846153846154 0.08653846153846154
0 0.40384615384615385 0.6442307692307693 0.07211538461538461 0.07932692307692307
0 0.27524038461538464 0.6105769230769231 0.07211538461538461 0.07451923076923077
0 0.3137019230769231 0.6225961538461539 0.0673076923076923 0.0673076923076923
0 0.8798076923076923 0.6971153846153846 0.10336538461538461 0.11778846153846154
0 0.8004807692307693 0.8293269230769231 0.1201923076923077 0.13221153846153846
0 0.9615384615384616 0.6057692307692307 0.07692307692307693 0.09134615384615384
0 0.9795673076923077 0.48677884615384615 0.040865384615384616 0.06009615384615385
0 0.26322115384615385 0.875 0.0889423076923077 0.09615384615384616
0 0.15384615384615385 0.71875 0.07692307692307693 0.08413461538461539
0 0.016826923076923076 0.484375 0.03365384615384615 0.05048076923076923
0 0.2848557692307692 0.6899038461538461 0.07692307692307693 0.08653846153846154