0 0.39903846153846156 0.37259615384615385 0.04447115384615385 0.07692307692307693
0 0.27884615384615385 0.4254807692307692 0.054086538461538464 0.078125
0 0.27403846153846156 0.2644230769230769 0.04807692307692308 0.08413461538461539
0 0.26322115384615385 0.04567307692307692 0.046875 0.04927884615384615
0 0.3713942307692308 0.046875 0.06370192307692307 0.05889423076923077
0 0.09134615384615384 0.14302884615384615 0.04447115384615385 0.08653846153846154
0 0.1310096153846154 0.4170673076923077 0.036057692307692304 0.07451923076923077
0 0.16826923076923078 0.4050480769230769 0.025240384615384616 0.07572115384615384
0 0.23197115384615385 0.6454326923076923 0.05048076923076923 0.036057692307692304
0 0.19471153846153846 0.6814903846153846 0.06370192307692307 0.07572115384615384
0 0.16466346153846154 0.8004807692307693 0.057692307692307696 0.06129807692307692
0 0.24519230769230768 0.8112980769230769 0.05048076923076923 0.03125
0 0.2824519230769231 0.7896634615384616 0.03365384615384615 0.06610576923076923
0 0.31971153846153844 0.5973557692307693 0.040865384615384616 0.08173076923076923
0 0.43509615384615385 0.6935096153846154 0.040865384615384616 0.08413461538461539
0 0.5192307692307693 0.6394230769230769 0.04567307692307692 0.06610576923076923
0 0.59375 0.7524038461538461 0.03485576923076923 0.0625
0 0.625 0.8305288461538461 0.03365384615384615 0.054086538461538464
0 0.6454326923076923 0.4362980769230769 0.03485576923076923 0.054086538461538464
0 0.6322115384615384 0.20432692307692307 0.046875 0.05889423076923077
0 0.5973557692307693 0.05048076923076923 0.054086538461538464 0.0625
0 0.7620192307692307 0.11658653846153846 0.05048076923076923 0.07451923076923077
0 0.8197115384615384 0.25240384615384615 0.051682692307692304 0.07091346153846154
0 0.9278846153846154 0.057692307692307696 0.042067307692307696 0.09975961538461539
0 0.9591346153846154 0.6610576923076923 0.036057692307692304 0.055288461538461536
0 0.9194711538461539 0.7103365384615384 0.038461538461538464 0.07211538461538461
0 0.8100961538461539 0.7331730769230769 0.02283653846153846 0.05889423076923077
0 0.7980769230769231 0.7692307692307693 0.039663461538461536 0.051682692307692304
0 0.7668269230769231 0.8100961538461539 0.042067307692307696 0.055288461538461536
0 0.7932692307692307 0.5901442307692307 0.06850961538461539 0.07451923076923077
0 0.34615384615384615 0.44591346153846156 0.07572115384615384 0.1201923076923077
0 0.2247596153846154 0.10817307692307693 0.04447115384615385 0.0673076923076923
0 0.5625 0.6983173076923077 0.054086538461538464 0.07932692307692307