0 0.3894230769230769 0.009615384615384616 0.052884615384615384 0.019230769230769232
0 0.3894230769230769 0.04447115384615385 0.0673076923076923 0.06009615384615385
0 0.17307692307692307 0.13701923076923078 0.07692307692307693 0.08173076923076923
0 0.078125 0.24278846153846154 0.057692307692307696 0.08413461538461539
0 0.1310096153846154 0.34375 0.07932692307692307 0.07451923076923077
0 0.2608173076923077 0.13701923076923078 0.07692307692307693 0.08173076923076923
0 0.30408653846153844 0.24158653846153846 0.0673076923076923 0.0625
0 0.2848557692307692 0.3713942307692308 0.07211538461538461 0.07692307692307693
0 0.34375 0.4026442307692308 0.08653846153846154 0.0889423076923077
0 0.008413461538461538 0.5504807692307693 0.016826923076923076 0.057692307692307696
0 0.5745192307692307 0.0829326923076923 0.06971153846153846 0.0673076923076923
0 0.6466346153846154 0.03245192307692308 0.07211538461538461 0.06490384615384616
0 0.6586538461538461 0.06490384615384616 0.055288461538461536 0.0673076923076923
0 0.7055288461538461 0.16105769230769232 0.07932692307692307 0.08413461538461539
0 0.7800480769230769 0.17427884615384615 0.07692307692307693 0.07692307692307693
0 0.8834134615384616 0.28966346153846156 0.07692307692307693 0.08653846153846154
0 0.8329326923076923 0.3762019230769231 0.09375 0.10336538461538461
0 0.8954326923076923 0.3858173076923077 0.0673076923076923 0.07451923076923077
0 0.9759615384615384 0.46033653846153844 0.04807692307692308 0.07932692307692307
0 0.9122596153846154 0.5997596153846154 0.07692307692307693 0.07451923076923077
0 0.9194711538461539 0.6646634615384616 0.07692307692307693 0.07932692307692307
0 0.7379807692307693 0.6947115384615384 0.07692307692307693 0.0889423076923077
0 0.7019230769230769 0.5600961538461539 0.09615384615384616 0.10096153846153846
0 0.6237980769230769 0.4699519230769231 0.08653846153846154 0.09615384615384616
0 0.5709134615384616 0.4254807692307692 0.06490384615384616 0.04807692307692308
0 0.5721153846153846 0.3942307692307692 0.07692307692307693 0.06971153846153846
0 0.5096153846153846 0.3701923076923077 0.0985576923076923 0.11057692307692307
0 0.5084134615384616 0.6225961538461539 0.08653846153846154 0.09375
0 0.4891826923076923 0.7271634615384616 0.09375 0.09615384615384616
0 0.38100961538461536 0.7788461538461539 0.07932692307692307 0.08653846153846154
0 0.578125 0.6009615384615384 0.07692307692307693 0.08413461538461539
0 0.6911057692307693 0.84375 0.10096153846153846 0.11057692307692307
0 0.5600961538461539 0.8858173076923077 0.1346153846153846 0.13942307692307693
0 0.7872596153846154 0.9543269230769231 0.057692307692307696 0.06490384615384616
0 0.8353365384615384 0.8581730769230769 0.0673076923076923 0.06490384615384616