0 0.6334134615384616 0.6141826923076923 0.0985576923076923 0.125
0 0.3870192307692308 0.6237980769230769 0.08653846153846154 0.0673076923076923
0 0.4254807692307692 0.5492788461538461 0.09134615384615384 0.057692307692307696
0 0.36177884615384615 0.4879807692307692 0.07692307692307693 0.06971153846153846
0 0.12379807692307693 0.3918269230769231 0.10817307692307693 0.0985576923076923
0 0.390625 0.2800480769230769 0.057692307692307696 0.040865384615384616
0 0.4375 0.21995192307692307 0.06009615384615385 0.06971153846153846
0 0.3605769230769231 0.171875 0.07932692307692307 0.07692307692307693
0 0.42788461538461536 0.12980769230769232 0.06971153846153846 0.07451923076923077
0 0.5709134615384616 0.039663461538461536 0.06971153846153846 0.057692307692307696
0 0.6899038461538461 0.16947115384615385 0.08173076923076923 0.10096153846153846
0 0.8161057692307693 0.17307692307692307 0.09615384615384616 0.0889423076923077
0 0.8112980769230769 0.29086538461538464 0.0985576923076923 0.10096153846153846
0 0.5324519230769231 0.3125 0.0625 0.07451923076923077
0 0.5540865384615384 0.41466346153846156 0.06009615384615385 0.07932692307692307
0 0.6418269230769231 0.43990384615384615 0.06009615384615385 0.06490384615384616
0 0.7367788461538461 0.4579326923076923 0.07211538461538461 0.07932692307692307
0 0.7896634615384616 0.5072115384615384 0.057692307692307696 0.08413461538461539
0 0.53125 0.7944711538461539 0.11298076923076923 0.10336538461538461
0 0.43028846153846156 0.8016826923076923 0.055288461538461536 0.057692307692307696
0 0.25 0.6298076923076923 0.0889423076923077 0.0889423076923077
0 0.07932692307692307 0.7439903846153846 0.07692307692307693 0.11057692307692307
0 0.078125 0.2932692307692308 0.06009615384615385 0.057692307692307696
0 0.14783653846153846 0.25841346153846156 0.07211538461538461 0.0673076923076923
0 0.28365384615384615 0.09375 0.05048076923076923 0.07211538461538461
0 0.1971153846153846 0.1045673076923077 0.06009615384615385 0.055288461538461536
0 0.46033653846153844 0.921875 0.08413461538461539 0.07692307692307693
0 0.8185096153846154 0.02403846153846154 0.06490384615384616 0.04807692307692308
0 0.9350961538461539 0.2704326923076923 0.0673076923076923 0.12740384615384615
0 0.8822115384615384 0.5829326923076923 0.09134615384615384 0.07211538461538461
0 0.38221153846153844 0.05889423076923077 0.07211538461538461 0.08173076923076923
0 0.03365384615384615 0.2536057692307692 0.05048076923076923 0.0625
0 0.4254807692307692 0.8533653846153846 0.07211538461538461 0.07692307692307693
0 0.47115384615384615 0.9663461538461539 0.0673076923076923 0.0673076923076923
0 0.5336538461538461 0.9711538461538461 0.08173076923076923 0.057692307692307696
0 0.3245192307692308 0.1971153846153846 0.040865384615384616 0.05048076923076923
0 0.609375 0.28846153846153844 0.07932692307692307 0.10576923076923077
0 0.5721153846153846 0.30288461538461536 0.057692307692307696 0.08653846153846154