0 0.6947115384615384 0.6622596153846154 0.0625 0.06490384615384616
0 0.5865384615384616 0.5384615384615384 0.06009615384615385 0.0625
0 0.5504807692307693 0.5324519230769231 0.0625 0.0625
0 0.6274038461538461 0.35336538461538464 0.052884615384615384 0.055288461538461536
0 0.5817307692307693 0.4651442307692308 0.0625 0.0625
0 0.5 0.48677884615384615 0.06971153846153846 0.06971153846153846
0 0.3858173076923077 0.31009615384615385 0.06971153846153846 0.07211538461538461
0 0.4951923076923077 0.027644230769230768 0.0625 0.055288461538461536
0 0.5721153846153846 0.07211538461538461 0.07451923076923077 0.07451923076923077
0 0.20072115384615385 0.41586538461538464 0.0625 0.0625
0 0.20552884615384615 0.3076923076923077 0.0673076923076923 0.06971153846153846
0 0.29447115384615385 0.12259615384615384 0.055288461538461536 0.055288461538461536
0 0.6598557692307693 0.25961538461538464 0.07211538461538461 0.07211538461538461
0 0.8545673076923077 0.3016826923076923 0.06490384615384616 0.0673076923076923
0 0.7704326923076923 0.4230769230769231 0.07451923076923077 0.07692307692307693
0 0.7007211538461539 0.47115384615384615 0.07211538461538461 0.07451923076923077
0 0.8064903846153846 0.5252403846153846 0.09134615384615384 0.09375
0 0.9435096153846154 0.4855769230769231 0.06971153846153846 0.06971153846153846
0 0.9447115384615384 0.31850961538461536 0.08173076923076923 0.07692307692307693
0 0.7307692307692307 0.13581730769230768 0.08173076923076923 0.08173076923076923
0 0.7379807692307693 0.09134615384615384 0.055288461538461536 0.052884615384615384
0 0.5877403846153846 0.25600961538461536 0.055288461538461536 0.057692307692307696
0 0.4266826923076923 0.1346153846153846 0.06490384615384616 0.06490384615384616
0 0.28725961538461536 0.4699519230769231 0.0673076923076923 0.0673076923076923
0 0.13701923076923078 0.5336538461538461 0.10336538461538461 0.10336538461538461
0 0.3016826923076923 0.6995192307692307 0.08173076923076923 0.08413461538461539
0 0.38221153846153844 0.7367788461538461 0.09375 0.09615384615384616
0 0.46153846153846156 0.7692307692307693 0.08653846153846154 0.0889423076923077
0 0.6201923076923077 0.7908653846153846 0.07451923076923077 0.07692307692307693
0 0.5576923076923077 0.9110576923076923 0.0889423076923077 0.0889423076923077
0 0.4182692307692308 0.8569711538461539 0.08413461538461539 0.08653846153846154
0 0.22716346153846154 0.6790865384615384 0.0625 0.06490384615384616
0 0.11538461538461539 0.7956730769230769 0.0673076923076923 0.06490384615384616
0 0.171875 0.8533653846153846 0.05048076923076923 0.05048076923076923
0 0.1466346153846154 0.8269230769230769 0.04807692307692308 0.04807692307692308
0 0.9615384615384616 0.6141826923076923 0.07451923076923077 0.07692307692307693
0 0.7608173076923077 0.6346153846153846 0.0625 0.06490384615384616
0 0.7079326923076923 0.8028846153846154 0.07692307692307693 0.07932692307692307
0 0.48197115384615385 0.33533653846153844 0.06009615384615385 0.06009615384615385
0 0.6826923076923077 0.8822115384615384 0.06009615384615385 0.057692307692307696
0 0.42908653846153844 0.3425480769230769 0.0889423076923077 0.09134615384615384
0 0.41466346153846156 0.32091346153846156 0.0673076923076923 0.07211538461538461
0 0.5060096153846154 0.4338942307692308 0.07932692307692307 0.08413461538461539