0 0.13822115384615385 0.17307692307692307 0.05048076923076923 0.038461538461538464
0 0.3076923076923077 0.11298076923076923 0.0625 0.057692307692307696
0 0.5024038461538461 0.234375 0.06490384615384616 0.04326923076923077
0 0.26802884615384615 0.3233173076923077 0.039663461538461536 0.0625
0 0.36538461538461536 0.5252403846153846 0.07451923076923077 0.09495192307692307
0 0.06370192307692307 0.3798076923076923 0.07091346153846154 0.06610576923076923
0 0.8569711538461539 0.4026442307692308 0.052884615384615384 0.07451923076923077
0 0.45552884615384615 0.6069711538461539 0.0889423076923077 0.051682692307692304
0 0.25841346153846156 0.6153846153846154 0.09375 0.06971153846153846
0 0.26322115384615385 0.7560096153846154 0.08173076923076923 0.06610576923076923
0 0.052884615384615384 0.6069711538461539 0.06610576923076923 0.0733173076923077
0 0.6069711538461539 0.09495192307692307 0.04567307692307692 0.0625
0 0.8004807692307693 0.171875 0.056490384615384616 0.038461538461538464
0 0.5492788461538461 0.3401442307692308 0.051682692307692304 0.051682692307692304
0 0.5228365384615384 0.47475961538461536 0.04927884615384615 0.05048076923076923
0 0.7379807692307693 0.6454326923076923 0.06370192307692307 0.06370192307692307
0 0.6382211538461539 0.6826923076923077 0.056490384615384616 0.055288461538461536
0 0.546875 0.8016826923076923 0.07211538461538461 0.07091346153846154
0 0.3076923076923077 0.8341346153846154 0.06610576923076923 0.042067307692307696
0 0.9254807692307693 0.25721153846153844 0.04567307692307692 0.055288461538461536
0 0.9338942307692307 0.06610576923076923 0.06490384615384616 0.052884615384615384
0 0.5709134615384616 0.6754807692307693 0.054086538461538464 0.042067307692307696
0 0.14783653846153846 0.4987980769230769 0.04567307692307692 0.04567307692307692
0 0.8557692307692307 0.23076923076923078 0.04326923076923077 0.056490384615384616
0 0.38341346153846156 0.8521634615384616 0.06009615384615385 0.04807692307692308
0 0.375 0.8942307692307693 0.05889423076923077 0.036057692307692304
0 0.5024038461538461 0.8810096153846154 0.046875 0.06490384615384616
0 0.9459134615384616 0.5480769230769231 0.052884615384615384 0.07451923076923077
0 0.9543269230769231 0.3112980769230769 0.05048076923076923 0.07692307692307693
0 0.6875 0.17548076923076922 0.06490384615384616 0.057692307692307696
0 0.38822115384615385 0.35096153846153844 0.055288461538461536 0.07091346153846154
0 0.0673076923076923 0.7103365384615384 0.04447115384615385 0.07572115384615384
0 0.23197115384615385 0.9278846153846154 0.04326923076923077 0.0625
0 0.7608173076923077 0.11658653846153846 0.04447115384615385 0.054086538461538464
0 0.07932692307692307 0.8413461538461539 0.04927884615384615 0.056490384615384616
0 0.125 0.8677884615384616 0.052884615384615384 0.06850961538461539
0 0.04326923076923077 0.9615384615384616 0.05048076923076923 0.05889423076923077
0 0.6310096153846154 0.9122596153846154 0.0625 0.078125
0 0.5721153846153846 0.9627403846153846 0.06971153846153846 0.057692307692307696
0 0.7043269230769231 0.9831730769230769 0.055288461538461536 0.027644230769230768
0 0.8161057692307693 0.9819711538461539 0.03125 0.03125
0 0.4651442307692308 0.9807692307692307 0.057692307692307696 0.030048076923076924
0 0.9471153846153846 0.8161057692307693 0.040865384615384616 0.0625
0 0.8653846153846154 0.7680288461538461 0.07932692307692307 0.055288461538461536
0 0.8689903846153846 0.8581730769230769 0.025240384615384616 0.0673076923076923
0 0.10096153846153846 0.48197115384615385 0.04447115384615385 0.06850961538461539
0 0.5072115384615384 0.6838942307692307 0.040865384615384616 0.057692307692307696
0 0.5132211538461539 0.640625 0.05889423076923077 0.040865384615384616
0 0.7752403846153846 0.2956730769230769 0.05889423076923077 0.05889423076923077