0 0.1814903846153846 0.18269230769230768 0.052884615384615384 0.07211538461538461
0 0.27283653846153844 0.25 0.037259615384615384 0.0673076923076923
0 0.3317307692307692 0.11658653846153846 0.03245192307692308 0.07091346153846154
0 0.44350961538461536 0.12379807692307693 0.05048076923076923 0.04807692307692308
0 0.4375 0.19591346153846154 0.052884615384615384 0.05889423076923077
0 0.4050480769230769 0.36177884615384615 0.04326923076923077 0.09735576923076923
0 0.296875 0.5540865384615384 0.05889423076923077 0.06971153846153846
0 0.18870192307692307 0.609375 0.056490384615384616 0.0733173076923077
0 0.4014423076923077 0.6682692307692307 0.03365384615384615 0.040865384615384616
0 0.31490384615384615 0.8557692307692307 0.04807692307692308 0.06129807692307692
0 0.5132211538461539 0.47475961538461536 0.055288461538461536 0.06370192307692307
0 0.5144230769230769 0.36658653846153844 0.04326923076923077 0.08533653846153846
0 0.5384615384615384 0.28125 0.05048076923076923 0.06009615384615385
0 0.7391826923076923 0.27403846153846156 0.052884615384615384 0.07211538461538461
0 0.7908653846153846 0.2860576923076923 0.039663461538461536 0.07091346153846154
0 0.7992788461538461 0.18389423076923078 0.03365384615384615 0.0829326923076923
0 0.8798076923076923 0.052884615384615384 0.056490384615384616 0.05048076923076923
0 0.9014423076923077 0.1045673076923077 0.04447115384615385 0.052884615384615384
0 0.8341346153846154 0.5757211538461539 0.054086538461538464 0.0625
0 0.8870192307692307 0.6045673076923077 0.038461538461538464 0.0733173076923077
0 0.9795673076923077 0.7487980769230769 0.03365384615384615 0.07692307692307693
0 0.8112980769230769 0.9399038461538461 0.07211538461538461 0.07572115384615384
0 0.6778846153846154 0.625 0.06490384615384616 0.0625
0 0.6875 0.4879807692307692 0.054086538461538464 0.0625