0 0.5600961538461539 0.4495192307692308 0.06009615384615385 0.10697115384615384
0 0.43509615384615385 0.38100961538461536 0.038461538461538464 0.06971153846153846
0 0.28846153846153844 0.3112980769230769 0.07572115384615384 0.0625
0 0.23798076923076922 0.5264423076923077 0.039663461538461536 0.06490384615384616
0 0.18269230769230768 0.5108173076923077 0.04567307692307692 0.07211538461538461
0 0.13221153846153846 0.48197115384615385 0.042067307692307696 0.0673076923076923
0 0.10096153846153846 0.37740384615384615 0.02403846153846154 0.0625
0 0.17668269230769232 0.18509615384615385 0.05889423076923077 0.04326923076923077
0 0.2439903846153846 0.14182692307692307 0.056490384615384616 0.04927884615384615
0 0.4110576923076923 0.23076923076923078 0.042067307692307696 0.078125
0 0.7752403846153846 0.3004807692307692 0.05889423076923077 0.056490384615384616
0 0.6923076923076923 0.6550480769230769 0.027644230769230768 0.056490384615384616
0 0.5252403846153846 0.5576923076923077 0.0625 0.06490384615384616
0 0.15745192307692307 0.7475961538461539 0.06370192307692307 0.08052884615384616
0 0.12379807692307693 0.17668269230769232 0.03125 0.04326923076923077
0 0.020432692307692308 0.09254807692307693 0.038461538461538464 0.055288461538461536
0 0.46634615384615385 0.8221153846153846 0.06971153846153846 0.042067307692307696
0 0.3004807692307692 0.44591346153846156 0.04326923076923077 0.056490384615384616
0 0.06610576923076923 0.4074519230769231 0.028846153846153848 0.05048076923076923
0 0.17067307692307693 0.05889423076923077 0.046875 0.046875
0 0.31490384615384615 0.7319711538461539 0.06009615384615385 0.10576923076923077
0 0.13942307692307693 0.2704326923076923 0.0673076923076923 0.07692307692307693
0 0.2536057692307692 0.6598557692307693 0.042067307692307696 0.07572115384615384
0 0.23317307692307693 0.6177884615384616 0.04807692307692308 0.055288461538461536
0 0.19951923076923078 0.5973557692307693 0.046875 0.06370192307692307
0 0.020432692307692308 0.3425480769230769 0.028846153846153848 0.08052884615384616
0 0.3125 0.3713942307692308 0.06009615384615385 0.054086538461538464
0 0.37259615384615385 0.11538461538461539 0.06490384615384616 0.08413461538461539
0 0.4855769230769231 0.08413461538461539 0.057692307692307696 0.08173076923076923
0 0.5216346153846154 0.028846153846153848 0.04807692307692308 0.05048076923076923
0 0.765625 0.5276442307692307 0.06129807692307692 0.09375
0 0.7091346153846154 0.7391826923076923 0.04447115384615385 0.09014423076923077
0 0.7848557692307693 0.7884615384615384 0.046875 0.078125
0 0.8713942307692307 0.6935096153846154 0.04567307692307692 0.09735576923076923
0 0.8485576923076923 0.9026442307692307 0.04927884615384615 0.10697115384615384
0 0.7572115384615384 0.05048076923076923 0.039663461538461536 0.04447115384615385