0 0.4050480769230769 0.44350961538461536 0.09615384615384616 0.09375
0 0.31009615384615385 0.3894230769230769 0.0673076923076923 0.08173076923076923
0 0.49399038461538464 0.6706730769230769 0.08173076923076923 0.08653846153846154
0 0.04567307692307692 0.4423076923076923 0.0625 0.055288461538461536
0 0.030048076923076924 0.6033653846153846 0.06009615384615385 0.08173076923076923
0 0.90625 0.5853365384615384 0.08413461538461539 0.0985576923076923
0 0.8004807692307693 0.5769230769230769 0.09615384615384616 0.10336538461538461
0 0.7295673076923077 0.5805288461538461 0.08653846153846154 0.0889423076923077
0 0.6610576923076923 0.7127403846153846 0.1201923076923077 0.1201923076923077
0 0.3870192307692308 0.8100961538461539 0.08653846153846154 0.0985576923076923
0 0.33413461538461536 0.8185096153846154 0.07451923076923077 0.08173076923076923
0 0.4411057692307692 0.9615384615384616 0.07932692307692307 0.07692307692307693
0 0.3449519230769231 0.32572115384615385 0.09134615384615384 0.11057692307692307
0 0.44471153846153844 0.296875 0.07692307692307693 0.07692307692307693
0 0.35336538461538464 0.6310096153846154 0.07211538461538461 0.09615384615384616
0 0.4014423076923077 0.6237980769230769 0.0985576923076923 0.10576923076923077
0 0.34615384615384615 0.9675480769230769 0.07692307692307693 0.06490384615384616
0 0.47115384615384615 0.8341346153846154 0.10336538461538461 0.12259615384615384
0 0.6778846153846154 0.9002403846153846 0.09134615384615384 0.10817307692307693
0 0.7704326923076923 0.7728365384615384 0.07932692307692307 0.10336538461538461
0 0.9146634615384616 0.4579326923076923 0.07932692307692307 0.09375
0 0.6201923076923077 0.38822115384615385 0.10096153846153846 0.125
0 0.5048076923076923 0.46153846153846156 0.07692307692307693 0.0889423076923077
0 0.5072115384615384 0.5576923076923077 0.052884615384615384 0.07451923076923077
0 0.23557692307692307 0.5096153846153846 0.055288461538461536 0.07451923076923077
0 0.1466346153846154 0.4411057692307692 0.06490384615384616 0.08413461538461539
0 0.09014423076923077 0.6850961538461539 0.0625 0.08413461538461539
0 0.6045673076923077 0.03245192307692308 0.09375 0.06490384615384616