0 0.5048076923076923 0.014423076923076924 0.09134615384615384 0.028846153846153848
0 0.3173076923076923 0.2668269230769231 0.07932692307692307 0.07932692307692307
0 0.16466346153846154 0.3473557692307692 0.07932692307692307 0.07932692307692307
0 0.042067307692307696 0.6935096153846154 0.06971153846153846 0.06971153846153846
0 0.06009615384615385 0.7572115384615384 0.038461538461538464 0.038461538461538464
0 0.16105769230769232 0.6634615384615384 0.07932692307692307 0.07932692307692307
0 0.22596153846153846 0.6105769230769231 0.07692307692307693 0.07692307692307693
0 0.24519230769230768 0.4879807692307692 0.07451923076923077 0.07451923076923077
0 0.3449519230769231 0.5540865384615384 0.07932692307692307 0.07932692307692307
0 0.3954326923076923 0.44471153846153844 0.09375 0.09375
0 0.5588942307692307 0.30528846153846156 0.0985576923076923 0.0985576923076923
0 0.625 0.234375 0.06009615384615385 0.06009615384615385
0 0.6550480769230769 0.20793269230769232 0.06490384615384616 0.06490384615384616
0 0.6838942307692307 0.21394230769230768 0.052884615384615384 0.052884615384615384
0 0.5757211538461539 0.18629807692307693 0.07211538461538461 0.07211538461538461
0 0.5300480769230769 0.18990384615384615 0.07451923076923077 0.07451923076923077
0 0.7716346153846154 0.2668269230769231 0.055288461538461536 0.055288461538461536
0 0.7475961538461539 0.31850961538461536 0.052884615384615384 0.052884615384615384
0 0.7331730769230769 0.3701923076923077 0.06490384615384616 0.06490384615384616
0 0.7331730769230769 0.4110576923076923 0.057692307692307696 0.057692307692307696
0 0.7944711538461539 0.43149038461538464 0.07692307692307693 0.07692307692307693
0 0.5685096153846154 0.44350961538461536 0.0673076923076923 0.0673076923076923
0 0.4519230769230769 0.5733173076923077 0.0625 0.0625
0 0.39663461538461536 0.6670673076923077 0.08173076923076923 0.08173076923076923
0 0.32211538461538464 0.71875 0.06971153846153846 0.06971153846153846
0 0.23677884615384615 0.8605769230769231 0.08413461538461539 0.08413461538461539
0 0.16826923076923078 0.8629807692307693 0.038461538461538464 0.038461538461538464
0 0.3798076923076923 0.8665865384615384 0.07932692307692307 0.07932692307692307
0 0.4483173076923077 0.8137019230769231 0.06009615384615385 0.06009615384615385
0 0.5132211538461539 0.7800480769230769 0.09134615384615384 0.09134615384615384
0 0.6586538461538461 0.609375 0.07451923076923077 0.07451923076923077
0 0.8112980769230769 0.5372596153846154 0.057692307692307696 0.057692307692307696
0 0.890625 0.5552884615384616 0.0625 0.0625
0 0.9194711538461539 0.5552884615384616 0.06009615384615385 0.06009615384615385
0 0.9807692307692307 0.515625 0.038461538461538464 0.06490384615384616
0 0.9519230769230769 0.4579326923076923 0.0673076923076923 0.0673076923076923
0 0.8173076923076923 0.7271634615384616 0.07692307692307693 0.07692307692307693
0 0.7908653846153846 0.7127403846153846 0.057692307692307696 0.057692307692307696
0 0.6622596153846154 0.7199519230769231 0.05048076923076923 0.05048076923076923
0 0.7391826923076923 0.6382211538461539 0.06971153846153846 0.06971153846153846
0 0.6899038461538461 0.8846153846153846 0.0625 0.0625
0 0.5612980769230769 0.8353365384615384 0.04807692307692308 0.04807692307692308
0 0.5348557692307693 0.8882211538461539 0.06009615384615385 0.06009615384615385
0 0.4795673076923077 0.9435096153846154 0.0625 0.0625
0 0.4567307692307692 0.8786057692307693 0.0673076923076923 0.0673076923076923
0 0.41466346153846156 0.9146634615384616 0.07692307692307693 0.07692307692307693
0 0.7163461538461539 0.5973557692307693 0.07932692307692307 0.07932692307692307
0 0.6117788461538461 0.8233173076923077 0.06971153846153846 0.06971153846153846