0 0.38461538461538464 0.4807692307692308 0.04326923076923077 0.05048076923076923
0 0.5829326923076923 0.31009615384615385 0.040865384615384616 0.06370192307692307
0 0.6766826923076923 0.6694711538461539 0.028846153846153848 0.046875
0 0.7055288461538461 0.8185096153846154 0.027644230769230768 0.0829326923076923
0 0.6045673076923077 0.9302884615384616 0.04927884615384615 0.07211538461538461
0 0.6466346153846154 0.5072115384615384 0.04927884615384615 0.06610576923076923
0 0.6514423076923077 0.296875 0.042067307692307696 0.04927884615384615
0 0.47836538461538464 0.32091346153846156 0.04567307692307692 0.04326923076923077
0 0.25721153846153844 0.8882211538461539 0.030048076923076924 0.056490384615384616
0 0.24519230769230768 0.7487980769230769 0.04567307692307692 0.027644230769230768
0 0.2692307692307692 0.4375 0.03245192307692308 0.051682692307692304
0 0.4266826923076923 0.6911057692307693 0.040865384615384616 0.04326923076923077
0 0.5264423076923077 0.9098557692307693 0.04326923076923077 0.057692307692307696
0 0.8016826923076923 0.8413461538461539 0.027644230769230768 0.07932692307692307
0 0.7451923076923077 0.6514423076923077 0.014423076923076924 0.0889423076923077
0 0.5925480769230769 0.42427884615384615 0.037259615384615384 0.04927884615384615
0 0.5192307692307693 0.6009615384615384 0.028846153846153848 0.06971153846153846
0 0.5492788461538461 0.6346153846153846 0.013221153846153846 0.06971153846153846
0 0.5492788461538461 0.734375 0.036057692307692304 0.06129807692307692
0 0.12259615384615384 0.7379807692307693 0.04447115384615385 0.04326923076923077
0 0.26802884615384615 0.6995192307692307 0.03365384615384615 0.05048076923076923
0 0.14903846153846154 0.8341346153846154 0.040865384615384616 0.06490384615384616
0 0.4387019230769231 0.7524038461538461 0.042067307692307696 0.08533653846153846
0 0.484375 0.9699519230769231 0.03365384615384615 0.04447115384615385
0 0.4543269230769231 0.9735576923076923 0.036057692307692304 0.04807692307692308
0 0.6310096153846154 0.5564903846153846 0.05048076923076923 0.078125
0 0.7163461538461539 0.32091346153846156 0.03485576923076923 0.08413461538461539
0 0.7872596153846154 0.4579326923076923 0.026442307692307692 0.042067307692307696
0 0.765625 0.5072115384615384 0.04567307692307692 0.042067307692307696
0 0.828125 0.6466346153846154 0.05048076923076923 0.0889423076923077
0 0.9314903846153846 0.7379807692307693 0.036057692307692304 0.08533653846153846
0 0.9663461538461539 0.3629807692307692 0.036057692307692304 0.07572115384615384
0 0.9098557692307693 0.2127403846153846 0.03245192307692308 0.06610576923076923
0 0.4855769230769231 0.1778846153846154 0.036057692307692304 0.07451923076923077
0 0.35096153846153844 0.1622596153846154 0.037259615384615384 0.056490384615384616
0 0.3016826923076923 0.1814903846153846 0.03365384615384615 0.052884615384615384
0 0.31490384615384615 0.328125 0.028846153846153848 0.052884615384615384
0 0.49038461538461536 0.875 0.03245192307692308 0.07572115384615384