0 0.48677884615384615 0.42788461538461536 0.03485576923076923 0.07572115384615384
0 0.46274038461538464 0.35216346153846156 0.04807692307692308 0.042067307692307696
0 0.5841346153846154 0.3473557692307692 0.027644230769230768 0.052884615384615384
0 0.5889423076923077 0.4098557692307692 0.02403846153846154 0.038461538461538464
0 0.6454326923076923 0.3762019230769231 0.042067307692307696 0.04807692307692308
0 0.7524038461538461 0.20793269230769232 0.037259615384615384 0.046875
0 0.6911057692307693 0.06370192307692307 0.026442307692307692 0.057692307692307696
0 0.5925480769230769 0.08413461538461539 0.040865384615384616 0.0625
0 0.4795673076923077 0.234375 0.037259615384615384 0.057692307692307696
0 0.2692307692307692 0.09014423076923077 0.025240384615384616 0.07211538461538461
0 0.17908653846153846 0.04326923076923077 0.046875 0.052884615384615384
0 0.057692307692307696 0.06971153846153846 0.03365384615384615 0.0673076923076923
0 0.11899038461538461 0.7740384615384616 0.03125 0.030048076923076924
0 0.0985576923076923 0.8521634615384616 0.038461538461538464 0.036057692307692304
0 0.1346153846153846 0.8930288461538461 0.028846153846153848 0.027644230769230768
0 0.21394230769230768 0.9615384615384616 0.03245192307692308 0.04927884615384615
0 0.5036057692307693 0.7752403846153846 0.026442307692307692 0.051682692307692304
0 0.578125 0.7560096153846154 0.03365384615384615 0.038461538461538464
0 0.7956730769230769 0.7788461538461539 0.036057692307692304 0.0673076923076923
0 0.7932692307692307 0.8870192307692307 0.039663461538461536 0.0625
0 0.9122596153846154 0.6875 0.05048076923076923 0.06971153846153846
0 0.8185096153846154 0.5144230769230769 0.02283653846153846 0.06009615384615385
0 0.8064903846153846 0.41225961538461536 0.052884615384615384 0.07091346153846154
0 0.7391826923076923 0.46033653846153844 0.025240384615384616 0.08052884615384616
0 0.7956730769230769 0.27403846153846156 0.04567307692307692 0.042067307692307696
0 0.7800480769230769 0.046875 0.028846153846153848 0.06610576923076923
0 0.5384615384615384 0.1310096153846154 0.03125 0.056490384615384616
0 0.6009615384615384 0.8954326923076923 0.04447115384615385 0.055288461538461536
0 0.4579326923076923 0.6947115384615384 0.026442307692307692 0.06009615384615385
0 0.3016826923076923 0.3329326923076923 0.038461538461538464 0.07091346153846154
0 0.38100961538461536 0.17427884615384615 0.04807692307692308 0.0829326923076923
0 0.16346153846153846 0.28365384615384615 0.046875 0.057692307692307696
0 0.10336538461538461 0.6959134615384616 0.03365384615384615 0.056490384615384616
0 0.03245192307692308 0.6887019230769231 0.027644230769230768 0.06850961538461539
0 0.016826923076923076 0.5360576923076923 0.03245192307692308 0.09615384615384616
0 0.4675480769230769 0.8221153846153846 0.04567307692307692 0.0829326923076923
0 0.3870192307692308 0.7620192307692307 0.04326923076923077 0.04927884615384615
0 0.5853365384615384 0.8497596153846154 0.03245192307692308 0.04326923076923077
0 0.5637019230769231 0.8233173076923077 0.037259615384615384 0.03485576923076923
0 0.7295673076923077 0.8653846153846154 0.03485576923076923 0.06370192307692307
0 0.9675480769230769 0.2824519230769231 0.052884615384615384 0.04447115384615385
0 0.8725961538461539 0.19230769230769232 0.028846153846153848 0.07091346153846154
0 0.84375 0.2127403846153846 0.03365384615384615 0.06370192307692307
0 0.90625 0.11658653846153846 0.03365384615384615 0.06971153846153846
0 0.7524038461538461 0.1310096153846154 0.04807692307692308 0.057692307692307696
0 0.5552884615384616 0.04447115384615385 0.042067307692307696 0.051682692307692304
0 0.37740384615384615 0.3485576923076923 0.03365384615384615 0.07091346153846154
0 0.33052884615384615 0.11177884615384616 0.046875 0.08533653846153846
0 0.06370192307692307 0.7884615384615384 0.039663461538461536 0.06850961538461539
0 0.125 0.9579326923076923 0.027644230769230768 0.040865384615384616
0 0.14903846153846154 0.9783653846153846 0.019230769230769232 0.038461538461538464
0 0.7103365384615384 0.9759615384615384 0.04567307692307692 0.036057692307692304
0 0.8365384615384616 0.8786057692307693 0.040865384615384616 0.11057692307692307
0 0.9110576923076923 0.7992788461538461 0.052884615384615384 0.05048076923076923
0 0.9663461538461539 0.7223557692307693 0.02403846153846154 0.06490384615384616
0 0.9747596153846154 0.3894230769230769 0.025240384615384616 0.06610576923076923
0 0.6009615384615384 0.5228365384615384 0.021634615384615384 0.06370192307692307
0 0.6574519230769231 0.45072115384615385 0.03245192307692308 0.06129807692307692
0 0.6814903846153846 0.49158653846153844 0.039663461538461536 0.046875
0 0.7439903846153846 0.265625 0.038461538461538464 0.054086538461538464
0 0.8377403846153846 0.31490384615384615 0.052884615384615384 0.054086538461538464