0 0.41586538461538464 0.203125 0.052884615384615384 0.05889423076923077
0 0.203125 0.2548076923076923 0.05048076923076923 0.06009615384615385
0 0.21514423076923078 0.37259615384615385 0.055288461538461536 0.07091346153846154
0 0.29927884615384615 0.4014423076923077 0.07091346153846154 0.06610576923076923
0 0.3737980769230769 0.2824519230769231 0.05889423076923077 0.078125
0 0.09375 0.21754807692307693 0.06009615384615385 0.057692307692307696
0 0.26322115384615385 0.5757211538461539 0.06129807692307692 0.038461538461538464
0 0.46033653846153844 0.7175480769230769 0.04326923076923077 0.0673076923076923
0 0.7295673076923077 0.8653846153846154 0.06610576923076923 0.07572115384615384
0 0.9375 0.5997596153846154 0.078125 0.06129807692307692
0 0.6310096153846154 0.6057692307692307 0.10817307692307693 0.06490384615384616
0 0.6189903846153846 0.5564903846153846 0.06850961538461539 0.05048076923076923