0 0.31490384615384615 0.28125 0.055288461538461536 0.0673076923076923
0 0.3245192307692308 0.3581730769230769 0.06370192307692307 0.05048076923076923
0 0.08052884615384616 0.5480769230769231 0.039663461538461536 0.06129807692307692
0 0.12139423076923077 0.5408653846153846 0.042067307692307696 0.046875
0 0.46875 0.4483173076923077 0.0829326923076923 0.039663461538461536
0 0.45072115384615385 0.5024038461538461 0.04927884615384615 0.06971153846153846
0 0.4387019230769231 0.5949519230769231 0.057692307692307696 0.051682692307692304
0 0.38100961538461536 0.49759615384615385 0.038461538461538464 0.046875
0 0.39783653846153844 0.7331730769230769 0.0625 0.06370192307692307
0 0.42788461538461536 0.8641826923076923 0.051682692307692304 0.08052884615384616
0 0.13341346153846154 0.859375 0.051682692307692304 0.05889423076923077
0 0.46875 0.11658653846153846 0.04326923076923077 0.030048076923076924
0 0.6310096153846154 0.09014423076923077 0.0625 0.051682692307692304
0 0.6177884615384616 0.7151442307692307 0.06009615384615385 0.07692307692307693
0 0.6646634615384616 0.8305288461538461 0.051682692307692304 0.07091346153846154
0 0.8629807692307693 0.6117788461538461 0.057692307692307696 0.06971153846153846
0 0.8822115384615384 0.35697115384615385 0.051682692307692304 0.06490384615384616
0 0.8725961538461539 0.2824519230769231 0.037259615384615384 0.07211538461538461
0 0.9747596153846154 0.14302884615384615 0.039663461538461536 0.07692307692307693
0 0.9459134615384616 0.4579326923076923 0.052884615384615384 0.12740384615384615
0 0.9675480769230769 0.5612980769230769 0.03365384615384615 0.057692307692307696
0 0.9747596153846154 0.6141826923076923 0.04807692307692308 0.055288461538461536
0 0.9230769230769231 0.7896634615384616 0.040865384615384616 0.0829326923076923
0 0.9302884615384616 0.7223557692307693 0.042067307692307696 0.046875
0 0.9735576923076923 0.8401442307692307 0.04447115384615385 0.08774038461538461