0 0.6334134615384616 0.5745192307692307 0.13221153846153846 0.13942307692307693
0 0.38341346153846156 0.6766826923076923 0.09615384615384616 0.09134615384615384
0 0.39302884615384615 0.5865384615384616 0.09615384615384616 0.08653846153846154
0 0.30649038461538464 0.546875 0.09134615384615384 0.0889423076923077
0 0.04447115384615385 0.5372596153846154 0.0889423076923077 0.12259615384615384
0 0.25841346153846156 0.32091346153846156 0.0625 0.057692307692307696
0 0.2848557692307692 0.24158653846153846 0.07692307692307693 0.07932692307692307
0 0.18629807692307693 0.22115384615384615 0.09615384615384616 0.09375
0 0.2403846153846154 0.15384615384615385 0.0889423076923077 0.0889423076923077
0 0.35216346153846156 0.02283653846153846 0.07932692307692307 0.04567307692307692
0 0.5228365384615384 0.09615384615384616 0.11057692307692307 0.11538461538461539
0 0.6550480769230769 0.054086538461538464 0.11298076923076923 0.10817307692307693
0 0.6959134615384616 0.17668269230769232 0.12259615384615384 0.12259615384615384
0 0.41586538461538464 0.3016826923076923 0.08173076923076923 0.08413461538461539
0 0.47596153846153844 0.39903846153846156 0.08173076923076923 0.08653846153846154
0 0.5769230769230769 0.39302884615384615 0.07692307692307693 0.07692307692307693
0 0.6790865384615384 0.3762019230769231 0.09134615384615384 0.09375
0 0.7524038461538461 0.40625 0.08413461538461539 0.09134615384615384
0 0.5949519230769231 0.7980769230769231 0.13221153846153846 0.12980769230769232
0 0.49399038461538464 0.84375 0.06971153846153846 0.06971153846153846
0 0.2439903846153846 0.734375 0.10817307692307693 0.10817307692307693
0 0.021634615384615384 0.390625 0.04326923076923077 0.08413461538461539
0 0.09375 0.1935096153846154 0.038461538461538464 0.03365384615384615
0 0.5685096153846154 0.9543269230769231 0.0985576923076923 0.09134615384615384
0 0.8112980769230769 0.109375 0.10817307692307693 0.125
0 0.8774038461538461 0.4495192307692308 0.10096153846153846 0.09615384615384616
0 0.5072115384615384 0.8978365384615384 0.09134615384615384 0.09134615384615384
0 0.5973557692307693 0.9807692307692307 0.08413461538461539 0.038461538461538464
0 0.6598557692307693 0.9699519230769231 0.08413461538461539 0.06009615384615385
0 0.15865384615384615 0.2620192307692308 0.052884615384615384 0.055288461538461536
0 0.4855769230769231 0.24879807692307693 0.10817307692307693 0.11538461538461539
0 0.4543269230769231 0.2764423076923077 0.08413461538461539 0.09134615384615384