0 0.5048076923076923 0.625 0.030048076923076924 0.06971153846153846
0 0.65625 0.29447115384615385 0.03245192307692308 0.056490384615384616
0 0.6081730769230769 0.1466346153846154 0.036057692307692304 0.052884615384615384
0 0.6033653846153846 0.20673076923076922 0.040865384615384616 0.05048076923076923
0 0.7992788461538461 0.3954326923076923 0.016826923076923076 0.0625
0 0.6225961538461539 0.5384615384615384 0.038461538461538464 0.06490384615384616
0 0.5456730769230769 0.5336538461538461 0.03245192307692308 0.06129807692307692
0 0.3641826923076923 0.22115384615384615 0.03125 0.04326923076923077
0 0.421875 0.3798076923076923 0.04326923076923077 0.03245192307692308
0 0.45072115384615385 0.44350961538461536 0.03365384615384615 0.055288461538461536
0 0.28846153846153844 0.4387019230769231 0.027644230769230768 0.05048076923076923
0 0.27163461538461536 0.47716346153846156 0.039663461538461536 0.015625
0 0.31009615384615385 0.5973557692307693 0.038461538461538464 0.08173076923076923
0 0.171875 0.5096153846153846 0.03365384615384615 0.08173076923076923
0 0.24879807692307693 0.21634615384615385 0.028846153846153848 0.0625
0 0.27403846153846156 0.10336538461538461 0.03365384615384615 0.06490384615384616
0 0.5432692307692307 0.09615384615384616 0.07091346153846154 0.08774038461538461
0 0.5048076923076923 0.2704326923076923 0.03365384615384615 0.06490384615384616
0 0.5420673076923077 0.38822115384615385 0.03245192307692308 0.06490384615384616
0 0.5132211538461539 0.5216346153846154 0.03365384615384615 0.07932692307692307
0 0.7259615384615384 0.24639423076923078 0.028846153846153848 0.07451923076923077
0 0.8052884615384616 0.2091346153846154 0.04567307692307692 0.06610576923076923
0 0.7079326923076923 0.4098557692307692 0.025240384615384616 0.0625
0 0.7379807692307693 0.71875 0.042067307692307696 0.052884615384615384
0 0.9194711538461539 0.27283653846153844 0.03365384615384615 0.08774038461538461
0 0.9891826923076923 0.04807692307692308 0.020432692307692308 0.036057692307692304
0 0.7211538461538461 0.109375 0.038461538461538464 0.05048076923076923
0 0.7391826923076923 0.06129807692307692 0.030048076923076924 0.08052884615384616
0 0.41586538461538464 0.030048076923076924 0.046875 0.04927884615384615
0 0.21634615384615385 0.7379807692307693 0.04326923076923077 0.06490384615384616
0 0.20192307692307693 0.5925480769230769 0.026442307692307692 0.05889423076923077