0 0.2800480769230769 0.49399038461538464 0.08413461538461539 0.08413461538461539
0 0.3329326923076923 0.7331730769230769 0.13701923076923078 0.14903846153846154
0 0.6021634615384616 0.8846153846153846 0.11057692307692307 0.10336538461538461
0 0.5637019230769231 0.8233173076923077 0.12259615384615384 0.12740384615384615
0 0.7127403846153846 0.5913461538461539 0.09375 0.10336538461538461
0 0.7644230769230769 0.6177884615384616 0.11298076923076923 0.1201923076923077
0 0.9026442307692307 0.5961538461538461 0.08653846153846154 0.09615384615384616
0 0.8209134615384616 0.4543269230769231 0.10576923076923077 0.12259615384615384
0 0.7800480769230769 0.43028846153846156 0.07932692307692307 0.08653846153846154
0 0.5204326923076923 0.2512019230769231 0.1201923076923077 0.12259615384615384
0 0.5540865384615384 0.5108173076923077 0.16346153846153846 0.17307692307692307
0 0.39302884615384615 0.16706730769230768 0.10096153846153846 0.10817307692307693
0 0.38822115384615385 0.07572115384615384 0.11778846153846154 0.12740384615384615
0 0.41225961538461536 0.020432692307692308 0.0889423076923077 0.040865384615384616
0 0.4014423076923077 0.5396634615384616 0.17067307692307693 0.18028846153846154
0 0.4519230769230769 0.6394230769230769 0.10576923076923077 0.11298076923076923
0 0.2439903846153846 0.9134615384615384 0.12980769230769232 0.1346153846153846