0 0.3894230769230769 0.49399038461538464 0.06009615384615385 0.0673076923076923
0 0.32091346153846156 0.47716346153846156 0.0673076923076923 0.06971153846153846
0 0.2776442307692308 0.5745192307692307 0.04807692307692308 0.05048076923076923
0 0.3112980769230769 0.5985576923076923 0.036057692307692304 0.036057692307692304
0 0.027644230769230768 0.37259615384615385 0.055288461538461536 0.0673076923076923
0 0.19951923076923078 0.2704326923076923 0.04567307692307692 0.04567307692307692
0 0.1935096153846154 0.34134615384615385 0.0625 0.06490384615384616
0 0.29447115384615385 0.32211538461538464 0.06490384615384616 0.06971153846153846
0 0.4519230769230769 0.3233173076923077 0.07451923076923077 0.07451923076923077
0 0.43509615384615385 0.2620192307692308 0.055288461538461536 0.057692307692307696
0 0.3317307692307692 0.18509615384615385 0.07692307692307693 0.08413461538461539
0 0.2860576923076923 0.17067307692307693 0.06009615384615385 0.055288461538461536
0 0.4891826923076923 0.10817307692307693 0.052884615384615384 0.05048076923076923
0 0.6478365384615384 0.12259615384615384 0.07211538461538461 0.0673076923076923
0 0.6814903846153846 0.1502403846153846 0.06009615384615385 0.055288461538461536
0 0.7680288461538461 0.09735576923076923 0.09615384615384616 0.09615384615384616
0 0.7680288461538461 0.15865384615384615 0.07451923076923077 0.08413461538461539
0 0.6875 0.015625 0.07211538461538461 0.03125
0 0.6334134615384616 0.028846153846153848 0.057692307692307696 0.057692307692307696
0 0.6598557692307693 0.26322115384615385 0.08653846153846154 0.0889423076923077
0 0.7331730769230769 0.36177884615384615 0.0889423076923077 0.09375
0 0.5444711538461539 0.5697115384615384 0.07211538461538461 0.07451923076923077
0 0.5444711538461539 0.6514423076923077 0.06971153846153846 0.06971153846153846
0 0.08052884615384616 0.5877403846153846 0.06009615384615385 0.06009615384615385
0 0.1310096153846154 0.6478365384615384 0.04567307692307692 0.04807692307692308
0 0.11538461538461539 0.46875 0.055288461538461536 0.06009615384615385
0 0.6826923076923077 0.49038461538461536 0.06490384615384616 0.06490384615384616
0 0.7319711538461539 0.4639423076923077 0.04807692307692308 0.04567307692307692
0 0.7584134615384616 0.6153846153846154 0.06971153846153846 0.06971153846153846
0 0.6778846153846154 0.6033653846153846 0.0625 0.0625
0 0.6754807692307693 0.7103365384615384 0.06971153846153846 0.06490384615384616
0 0.7740384615384616 0.6911057692307693 0.07211538461538461 0.07451923076923077
0 0.8689903846153846 0.6129807692307693 0.09134615384615384 0.09375
0 0.8485576923076923 0.31490384615384615 0.06009615384615385 0.055288461538461536
0 0.9603365384615384 0.4026442307692308 0.07932692307692307 0.0889423076923077
0 0.9086538461538461 0.44711538461538464 0.09134615384615384 0.09615384615384616
0 0.46033653846153844 0.5348557692307693 0.04807692307692308 0.05048076923076923
0 0.1622596153846154 0.16466346153846154 0.06971153846153846 0.0673076923076923
0 0.030048076923076924 0.3233173076923077 0.057692307692307696 0.052884615384615384
0 0.15625 0.8209134615384616 0.038461538461538464 0.038461538461538464
0 0.4026442307692308 0.9170673076923077 0.04567307692307692 0.04807692307692308
0 0.4951923076923077 0.9771634615384616 0.07211538461538461 0.04567307692307692
0 0.3449519230769231 0.6286057692307693 0.052884615384615384 0.057692307692307696
0 0.5108173076923077 0.30288461538461536 0.055288461538461536 0.057692307692307696
0 0.546875 0.3641826923076923 0.06009615384615385 0.0625
0 0.5132211538461539 0.36658653846153844 0.05048076923076923 0.05048076923076923
0 0.38221153846153844 0.18629807692307693 0.04807692307692308 0.05048076923076923
0 0.4951923076923077 0.007211538461538462 0.052884615384615384 0.014423076923076924
0 0.15264423076923078 0.5168269230769231 0.038461538461538464 0.036057692307692304
0 0.14783653846153846 0.5528846153846154 0.052884615384615384 0.052884615384615384
0 0.6117788461538461 0.30649038461538464 0.0673076923076923 0.07211538461538461
0 0.6237980769230769 0.2764423076923077 0.052884615384615384 0.0625