0 0.640625 0.2848557692307692 0.055288461538461536 0.06490384615384616
0 0.7211538461538461 0.203125 0.055288461538461536 0.11538461538461539
0 0.8305288461538461 0.23798076923076922 0.07211538461538461 0.0889423076923077
0 0.7007211538461539 0.42908653846153844 0.08653846153846154 0.11057692307692307
0 0.8389423076923077 0.5576923076923077 0.07932692307692307 0.08413461538461539
0 0.6165865384615384 0.5060096153846154 0.06971153846153846 0.07211538461538461
0 0.4326923076923077 0.6935096153846154 0.09375 0.125
0 0.38100961538461536 0.6514423076923077 0.07211538461538461 0.09615384615384616
0 0.1045673076923077 0.5396634615384616 0.0673076923076923 0.07692307692307693
0 0.09254807692307693 0.41947115384615385 0.06009615384615385 0.06490384615384616
0 0.01201923076923077 0.6021634615384616 0.02403846153846154 0.08413461538461539
0 0.10336538461538461 0.6923076923076923 0.05048076923076923 0.040865384615384616
0 0.17067307692307693 0.8990384615384616 0.06009615384615385 0.0673076923076923
0 0.3641826923076923 0.9254807692307693 0.0985576923076923 0.09375
0 0.59375 0.9182692307692307 0.10576923076923077 0.0889423076923077
0 0.875 0.640625 0.06490384615384616 0.09134615384615384
0 0.9519230769230769 0.3629807692307692 0.06009615384615385 0.09134615384615384
0 0.8545673076923077 0.31490384615384615 0.052884615384615384 0.06490384615384616
0 0.6346153846153846 0.12620192307692307 0.057692307692307696 0.06490384615384616
0 0.9879807692307693 0.2127403846153846 0.02403846153846154 0.06490384615384616
0 0.9651442307692307 0.5228365384615384 0.06490384615384616 0.11298076923076923
0 0.703125 0.30288461538461536 0.06490384615384616 0.09134615384615384
0 0.9603365384615384 0.11298076923076923 0.052884615384615384 0.026442307692307692