0 0.17668269230769232 0.25721153846153844 0.07451923076923077 0.07932692307692307
0 0.18629807692307693 0.6310096153846154 0.08653846153846154 0.09375
0 0.4326923076923077 0.3954326923076923 0.06009615384615385 0.09134615384615384
0 0.4891826923076923 0.19951923076923078 0.06490384615384616 0.08413461538461539
0 0.5540865384615384 0.16706730769230768 0.06971153846153846 0.11538461538461539
0 0.8257211538461539 0.08533653846153846 0.0889423076923077 0.055288461538461536
0 0.6850961538461539 0.3641826923076923 0.06971153846153846 0.12980769230769232
0 0.6466346153846154 0.8064903846153846 0.057692307692307696 0.11057692307692307
0 0.6923076923076923 0.9831730769230769 0.0673076923076923 0.03365384615384615
0 0.4951923076923077 0.7920673076923077 0.052884615384615384 0.038461538461538464
0 0.4795673076923077 0.8185096153846154 0.04567307692307692 0.07932692307692307
0 0.43149038461538464 0.6322115384615384 0.08173076923076923 0.09375