0 0.018028846153846152 0.4567307692307692 0.036057692307692304 0.07692307692307693
0 0.026442307692307692 0.5745192307692307 0.052884615384615384 0.09134615384615384
0 0.10096153846153846 0.5456730769230769 0.07211538461538461 0.07692307692307693
0 0.1935096153846154 0.5733173076923077 0.057692307692307696 0.052884615384615384
0 0.16105769230769232 0.19471153846153846 0.06490384615384616 0.06971153846153846
0 0.23197115384615385 0.2620192307692308 0.07692307692307693 0.08413461538461539
0 0.3713942307692308 0.2776442307692308 0.07451923076923077 0.07451923076923077
0 0.3545673076923077 0.10697115384615384 0.057692307692307696 0.0625
0 0.3713942307692308 0.06610576923076923 0.06971153846153846 0.06971153846153846
0 0.640625 0.06370192307692307 0.08653846153846154 0.09375
0 0.7403846153846154 0.04326923076923077 0.09134615384615384 0.08653846153846154
0 0.8161057692307693 0.1814903846153846 0.08653846153846154 0.09615384615384616
0 0.8497596153846154 0.1466346153846154 0.06971153846153846 0.08653846153846154
0 0.8629807692307693 0.2704326923076923 0.08653846153846154 0.09134615384615384
0 0.8389423076923077 0.3786057692307692 0.07932692307692307 0.08413461538461539
0 0.7355769230769231 0.3870192307692308 0.0985576923076923 0.09615384615384616
0 0.6598557692307693 0.3473557692307692 0.07932692307692307 0.08653846153846154
0 0.6213942307692307 0.2127403846153846 0.07692307692307693 0.07692307692307693
0 0.3798076923076923 0.42427884615384615 0.06971153846153846 0.06971153846153846
0 0.2824519230769231 0.3942307692307692 0.0673076923076923 0.0625
0 0.15865384615384615 0.7692307692307693 0.057692307692307696 0.06009615384615385
0 0.41225961538461536 0.9879807692307693 0.05048076923076923 0.02403846153846154
0 0.33533653846153844 0.7367788461538461 0.07211538461538461 0.06971153846153846
0 0.4014423076923077 0.7824519230769231 0.07692307692307693 0.07932692307692307
0 0.5252403846153846 0.84375 0.07692307692307693 0.07932692307692307
0 0.5384615384615384 0.8088942307692307 0.06009615384615385 0.0673076923076923
0 0.5444711538461539 0.7151442307692307 0.0985576923076923 0.10096153846153846
0 0.5817307692307693 0.7596153846153846 0.055288461538461536 0.06009615384615385
0 0.6466346153846154 0.8245192307692307 0.0985576923076923 0.10336538461538461
0 0.7283653846153846 0.9242788461538461 0.07451923076923077 0.06971153846153846
0 0.8581730769230769 0.7632211538461539 0.09375 0.09375
0 0.953125 0.4326923076923077 0.06971153846153846 0.07451923076923077
0 0.9747596153846154 0.39302884615384615 0.05048076923076923 0.0889423076923077
0 0.9903846153846154 0.43028846153846156 0.019230769230769232 0.08173076923076923
0 0.9278846153846154 0.5288461538461539 0.10096153846153846 0.11057692307692307