0 0.19591346153846154 0.054086538461538464 0.055288461538461536 0.04807692307692308
0 0.16826923076923078 0.1658653846153846 0.057692307692307696 0.04807692307692308
0 0.07932692307692307 0.453125 0.05048076923076923 0.07451923076923077
0 0.027644230769230768 0.49038461538461536 0.055288461538461536 0.052884615384615384
0 0.30528846153846156 0.15985576923076922 0.04807692307692308 0.0625
0 0.3389423076923077 0.203125 0.036057692307692304 0.04807692307692308
0 0.4735576923076923 0.07091346153846154 0.038461538461538464 0.05048076923076923
0 0.5516826923076923 0.12139423076923077 0.04567307692307692 0.06971153846153846
0 0.5973557692307693 0.057692307692307696 0.036057692307692304 0.06009615384615385
0 0.6838942307692307 0.025240384615384616 0.05048076923076923 0.05048076923076923
0 0.7151442307692307 0.11298076923076923 0.06009615384615385 0.06971153846153846
0 0.6286057692307693 0.234375 0.0625 0.11057692307692307
0 0.5625 0.2644230769230769 0.04326923076923077 0.06971153846153846
0 0.5012019230769231 0.34375 0.04807692307692308 0.0625
0 0.4831730769230769 0.3858173076923077 0.038461538461538464 0.0625
0 0.41346153846153844 0.3269230769230769 0.038461538461538464 0.07451923076923077
0 0.3942307692307692 0.33653846153846156 0.03365384615384615 0.0673076923076923
0 0.234375 0.4411057692307692 0.04567307692307692 0.07932692307692307
0 0.21995192307692307 0.4375 0.028846153846153848 0.0625
0 0.17548076923076922 0.4651442307692308 0.04807692307692308 0.036057692307692304
0 0.1971153846153846 0.5252403846153846 0.05048076923076923 0.052884615384615384
0 0.109375 0.7548076923076923 0.04567307692307692 0.040865384615384616
0 0.13341346153846154 0.8028846153846154 0.04326923076923077 0.06009615384615385
0 0.0673076923076923 0.8221153846153846 0.040865384615384616 0.04807692307692308
0 0.3076923076923077 0.8954326923076923 0.06009615384615385 0.052884615384615384
0 0.27163461538461536 0.9675480769230769 0.04326923076923077 0.06490384615384616
0 0.2956730769230769 0.9579326923076923 0.03125 0.05048076923076923
0 0.43149038461538464 0.9290865384615384 0.055288461538461536 0.055288461538461536
0 0.6189903846153846 0.7932692307692307 0.04567307692307692 0.055288461538461536
0 0.6189903846153846 0.9591346153846154 0.04567307692307692 0.0673076923076923
0 0.6610576923076923 0.9639423076923077 0.03365384615384615 0.05048076923076923
0 0.6418269230769231 0.6947115384615384 0.06490384615384616 0.07211538461538461
0 0.6286057692307693 0.5949519230769231 0.0625 0.07692307692307693
0 0.5408653846153846 0.5961538461538461 0.06009615384615385 0.06009615384615385
0 0.5733173076923077 0.4519230769230769 0.040865384615384616 0.07692307692307693
0 0.3713942307692308 0.5516826923076923 0.052884615384615384 0.07932692307692307
0 0.7836538461538461 0.31490384615384615 0.05048076923076923 0.05048076923076923
0 0.7716346153846154 0.359375 0.05048076923076923 0.052884615384615384
0 0.7608173076923077 0.41586538461538464 0.04567307692307692 0.052884615384615384
0 0.7247596153846154 0.42908653846153844 0.04326923076923077 0.03125
0 0.8978365384615384 0.3629807692307692 0.06971153846153846 0.052884615384615384
0 0.8040865384615384 0.4182692307692308 0.040865384615384616 0.0625
0 0.15504807692307693 0.5709134615384616 0.0673076923076923 0.10576923076923077