0 0.36177884615384615 0.17548076923076922 0.125 0.13221153846153846
0 0.31009615384615385 0.421875 0.08413461538461539 0.11057692307692307
0 0.31490384615384615 0.6105769230769231 0.10096153846153846 0.13942307692307693
0 0.4014423076923077 0.5913461538461539 0.07932692307692307 0.10817307692307693
0 0.5913461538461539 0.41346153846153844 0.10336538461538461 0.11057692307692307
0 0.7451923076923077 0.3485576923076923 0.08173076923076923 0.12259615384615384
0 0.7800480769230769 0.53125 0.10336538461538461 0.09134615384615384
0 0.8701923076923077 0.5961538461538461 0.08653846153846154 0.10096153846153846
0 0.8161057692307693 0.9723557692307693 0.08413461538461539 0.055288461538461536
0 0.7271634615384616 0.9507211538461539 0.08173076923076923 0.09615384615384616
0 0.5240384615384616 0.9483173076923077 0.07692307692307693 0.10336538461538461
0 0.47115384615384615 0.7800480769230769 0.08653846153846154 0.11057692307692307
0 0.3918269230769231 0.7379807692307693 0.09375 0.12980769230769232
0 0.1622596153846154 0.5300480769230769 0.10336538461538461 0.13942307692307693