0 0.7295673076923077 0.47716346153846156 0.057692307692307696 0.07211538461538461
0 0.6610576923076923 0.5060096153846154 0.057692307692307696 0.06490384615384616
0 0.6550480769230769 0.3389423076923077 0.07692307692307693 0.08413461538461539
0 0.5853365384615384 0.15625 0.057692307692307696 0.057692307692307696
0 0.4326923076923077 0.07091346153846154 0.0673076923076923 0.06009615384615385
0 0.3173076923076923 0.17427884615384615 0.08173076923076923 0.04807692307692308
0 0.13822115384615385 0.13341346153846154 0.10096153846153846 0.08173076923076923
0 0.4879807692307692 0.5348557692307693 0.07692307692307693 0.04326923076923077
0 0.6346153846153846 0.7908653846153846 0.07692307692307693 0.052884615384615384
0 0.5084134615384616 0.8233173076923077 0.08173076923076923 0.026442307692307692
0 0.5264423076923077 0.8737980769230769 0.06971153846153846 0.028846153846153848
0 0.34975961538461536 0.9423076923076923 0.08173076923076923 0.06490384615384616
0 0.18028846153846154 0.6899038461538461 0.07692307692307693 0.07932692307692307
0 0.7896634615384616 0.7475961538461539 0.07211538461538461 0.038461538461538464
0 0.9819711538461539 0.31490384615384615 0.036057692307692304 0.07692307692307693
0 0.5228365384615384 0.08052884615384616 0.0625 0.06971153846153846
0 0.6045673076923077 0.01201923076923077 0.07451923076923077 0.02403846153846154
0 0.5985576923076923 0.06971153846153846 0.0673076923076923 0.04567307692307692
0 0.5108173076923077 0.21754807692307693 0.07451923076923077 0.09134615384615384
0 0.3713942307692308 0.3076923076923077 0.04567307692307692 0.11538461538461539
0 0.3088942307692308 0.5 0.07692307692307693 0.0889423076923077
0 0.22716346153846154 0.4987980769230769 0.0673076923076923 0.08653846153846154
0 0.09735576923076923 0.6802884615384616 0.07692307692307693 0.125
0 0.08774038461538461 0.9411057692307693 0.06009615384615385 0.07932692307692307
0 0.171875 0.9747596153846154 0.055288461538461536 0.05048076923076923
0 0.46033653846153844 0.9134615384615384 0.07932692307692307 0.0673076923076923
0 0.2956730769230769 0.8004807692307693 0.08653846153846154 0.10096153846153846
0 0.6069711538461539 0.9543269230769231 0.04807692307692308 0.07451923076923077
0 0.609375 0.8918269230769231 0.04567307692307692 0.0625
0 0.6694711538461539 0.9399038461538461 0.057692307692307696 0.09615384615384616
0 0.7331730769230769 0.8641826923076923 0.04807692307692308 0.11057692307692307
0 0.8641826923076923 0.9759615384615384 0.0625 0.04807692307692308
0 0.8040865384615384 0.9831730769230769 0.038461538461538464 0.03365384615384615
0 0.9206730769230769 0.8125 0.028846153846153848 0.09615384615384616
0 0.9278846153846154 0.15865384615384615 0.04807692307692308 0.08653846153846154
0 0.09014423076923077 0.018028846153846152 0.052884615384615384 0.03365384615384615
0 0.021634615384615384 0.03245192307692308 0.04326923076923077 0.0625
0 0.003605769230769231 0.16466346153846154 0.007211538461538462 0.10817307692307693
0 0.021634615384615384 0.5228365384615384 0.04326923076923077 0.09615384615384616
0 0.5180288461538461 0.59375 0.08653846153846154 0.0889423076923077
0 0.5757211538461539 0.37259615384615385 0.03365384615384615 0.07692307692307693
0 0.8966346153846154 0.36899038461538464 0.08653846153846154 0.055288461538461536
0 0.6923076923076923 0.21514423076923078 0.07692307692307693 0.055288461538461536
0 0.7319711538461539 0.2668269230769231 0.04807692307692308 0.052884615384615384