0 0.4338942307692308 0.16346153846153846 0.0985576923076923 0.0985576923076923
0 0.09975961538461539 0.2548076923076923 0.10817307692307693 0.12980769230769232
0 0.44471153846153844 0.34134615384615385 0.0625 0.07211538461538461
0 0.7043269230769231 0.19471153846153846 0.0673076923076923 0.07451923076923077
0 0.6730769230769231 0.06129807692307692 0.07451923076923077 0.06971153846153846
0 0.6971153846153846 0.31850961538461536 0.08173076923076923 0.0889423076923077
0 0.7884615384615384 0.31490384615384615 0.057692307692307696 0.06009615384615385
0 0.9314903846153846 0.4098557692307692 0.07451923076923077 0.06971153846153846
0 0.7860576923076923 0.4639423076923077 0.0625 0.07211538461538461
0 0.7211538461538461 0.4495192307692308 0.08173076923076923 0.07692307692307693
0 0.6286057692307693 0.6165865384615384 0.0673076923076923 0.0625
0 0.8088942307692307 0.5576923076923077 0.07692307692307693 0.07451923076923077
0 0.8161057692307693 0.6862980769230769 0.057692307692307696 0.052884615384615384
0 0.46274038461538464 0.7536057692307693 0.07932692307692307 0.08173076923076923
0 0.3786057692307692 0.7548076923076923 0.08173076923076923 0.08173076923076923
0 0.43149038461538464 0.6490384615384616 0.08653846153846154 0.10096153846153846
0 0.44350961538461536 0.39663461538461536 0.11298076923076923 0.12259615384615384
0 0.3605769230769231 0.04567307692307692 0.1346153846153846 0.09134615384615384
0 0.5973557692307693 0.5084134615384616 0.08413461538461539 0.09375
0 0.6213942307692307 0.32211538461538464 0.06009615384615385 0.08173076923076923
0 0.7692307692307693 0.6490384615384616 0.06971153846153846 0.08413461538461539