0 0.19110576923076922 0.13701923076923078 0.04807692307692308 0.06850961538461539
0 0.25240384615384615 0.4362980769230769 0.036057692307692304 0.06370192307692307
0 0.20673076923076922 0.5841346153846154 0.040865384615384616 0.05889423076923077
0 0.08653846153846154 0.8725961538461539 0.04447115384615385 0.056490384615384616
0 0.24639423076923078 0.9699519230769231 0.036057692307692304 0.040865384615384616
0 0.3485576923076923 0.8834134615384616 0.03365384615384615 0.056490384615384616
0 0.40024038461538464 0.9350961538461539 0.036057692307692304 0.057692307692307696
0 0.40625 0.7884615384615384 0.03485576923076923 0.06610576923076923
0 0.41346153846153844 0.7127403846153846 0.037259615384615384 0.06009615384615385
0 0.3473557692307692 0.6225961538461539 0.04927884615384615 0.046875
0 0.4519230769230769 0.6009615384615384 0.046875 0.055288461538461536
0 0.41586538461538464 0.5 0.042067307692307696 0.078125
0 0.43028846153846156 0.3076923076923077 0.04927884615384615 0.07692307692307693
0 0.4266826923076923 0.21875 0.03485576923076923 0.039663461538461536
0 0.42908653846153844 0.18389423076923078 0.026442307692307692 0.056490384615384616
0 0.4519230769230769 0.16826923076923078 0.025240384615384616 0.04326923076923077
0 0.36538461538461536 0.22115384615384615 0.028846153846153848 0.06370192307692307
0 0.3389423076923077 0.25240384615384615 0.036057692307692304 0.057692307692307696
0 0.5408653846153846 0.1466346153846154 0.026442307692307692 0.04447115384615385
0 0.5600961538461539 0.19471153846153846 0.030048076923076924 0.038461538461538464
0 0.5829326923076923 0.23677884615384615 0.03245192307692308 0.04927884615384615
0 0.609375 0.2644230769230769 0.026442307692307692 0.04807692307692308
0 0.6610576923076923 0.23798076923076922 0.027644230769230768 0.06971153846153846
0 0.5252403846153846 0.3894230769230769 0.03365384615384615 0.051682692307692304
0 0.5336538461538461 0.5456730769230769 0.042067307692307696 0.037259615384615384
0 0.5576923076923077 0.640625 0.038461538461538464 0.06370192307692307
0 0.5432692307692307 0.7223557692307693 0.04326923076923077 0.046875
0 0.5793269230769231 0.8653846153846154 0.040865384615384616 0.06610576923076923
0 0.5372596153846154 0.9242788461538461 0.03485576923076923 0.040865384615384616
0 0.5300480769230769 0.9795673076923077 0.03125 0.03125
0 0.6742788461538461 0.7776442307692307 0.04927884615384615 0.051682692307692304
0 0.6838942307692307 0.7007211538461539 0.03125 0.046875
0 0.703125 0.6382211538461539 0.04326923076923077 0.07211538461538461
0 0.6875 0.4375 0.025240384615384616 0.07091346153846154
0 0.7391826923076923 0.2932692307692308 0.03245192307692308 0.040865384615384616
0 0.8004807692307693 0.2548076923076923 0.038461538461538464 0.039663461538461536
0 0.8185096153846154 0.23677884615384615 0.03365384615384615 0.04326923076923077
0 0.8413461538461539 0.16346153846153846 0.037259615384615384 0.04447115384615385
0 0.7776442307692307 0.15264423076923078 0.036057692307692304 0.04807692307692308
0 0.8629807692307693 0.4110576923076923 0.028846153846153848 0.06850961538461539
0 0.8377403846153846 0.4182692307692308 0.02403846153846154 0.04927884615384615
0 0.7608173076923077 0.5048076923076923 0.03485576923076923 0.027644230769230768
0 0.7572115384615384 0.4050480769230769 0.026442307692307692 0.0625
0 0.8834134615384616 0.5913461538461539 0.025240384615384616 0.055288461538461536
0 0.7692307692307693 0.6418269230769231 0.036057692307692304 0.02403846153846154
0 0.7860576923076923 0.6935096153846154 0.037259615384615384 0.039663461538461536
0 0.7872596153846154 0.7632211538461539 0.039663461538461536 0.039663461538461536
0 0.7307692307692307 0.7367788461538461 0.02403846153846154 0.0625
0 0.7271634615384616 0.7872596153846154 0.03245192307692308 0.06490384615384616
0 0.7295673076923077 0.9230769230769231 0.046875 0.021634615384615384
0 0.7860576923076923 0.96875 0.026442307692307692 0.038461538461538464
0 0.7175480769230769 0.3918269230769231 0.051682692307692304 0.05048076923076923
0 0.7944711538461539 0.6033653846153846 0.028846153846153848 0.0625