0 0.47836538461538464 0.6057692307692307 0.06009615384615385 0.0625
0 0.5649038461538461 0.4651442307692308 0.025240384615384616 0.07091346153846154
0 0.5408653846153846 0.5252403846153846 0.040865384615384616 0.06129807692307692
0 0.4074519230769231 0.4987980769230769 0.03125 0.05889423076923077
0 0.515625 0.22115384615384615 0.040865384615384616 0.052884615384615384
0 0.26322115384615385 0.4411057692307692 0.05048076923076923 0.030048076923076924
0 0.171875 0.5336538461538461 0.04326923076923077 0.06370192307692307
0 0.24519230769230768 0.6454326923076923 0.036057692307692304 0.056490384615384616
0 0.38221153846153844 0.6634615384615384 0.04807692307692308 0.04927884615384615
0 0.45552884615384615 0.8329326923076923 0.05889423076923077 0.056490384615384616
0 0.5 0.8125 0.02283653846153846 0.06129807692307692
0 0.25841346153846156 0.796875 0.042067307692307696 0.06610576923076923
0 0.14423076923076922 0.8605769230769231 0.03245192307692308 0.054086538461538464
0 0.15745192307692307 0.734375 0.05048076923076923 0.040865384615384616
0 0.6947115384615384 0.7824519230769231 0.042067307692307696 0.06490384615384616
0 0.7824519230769231 0.7644230769230769 0.054086538461538464 0.06850961538461539
0 0.7980769230769231 0.41466346153846156 0.038461538461538464 0.04927884615384615
0 0.8786057692307693 0.20552884615384615 0.03365384615384615 0.09375
0 0.36538461538461536 0.42427884615384615 0.05889423076923077 0.057692307692307696
0 0.19591346153846154 0.33774038461538464 0.04326923076923077 0.07091346153846154
0 0.09495192307692307 0.8894230769230769 0.057692307692307696 0.055288461538461536
0 0.3641826923076923 0.8653846153846154 0.05889423076923077 0.10697115384615384
0 0.6442307692307693 0.8737980769230769 0.040865384615384616 0.08533653846153846
0 0.6742788461538461 0.71875 0.055288461538461536 0.09254807692307693
0 0.8545673076923077 0.5709134615384616 0.055288461538461536 0.09254807692307693
0 0.8629807692307693 0.6466346153846154 0.036057692307692304 0.07091346153846154
0 0.9735576923076923 0.4951923076923077 0.051682692307692304 0.125
0 0.9435096153846154 0.5108173076923077 0.052884615384615384 0.0733173076923077
0 0.8942307692307693 0.43028846153846156 0.036057692307692304 0.09375
0 0.9362980769230769 0.20552884615384615 0.039663461538461536 0.0829326923076923
0 0.9783653846153846 0.18389423076923078 0.040865384615384616 0.09375
0 0.9278846153846154 0.021634615384615384 0.025240384615384616 0.03485576923076923
0 0.7572115384615384 0.07932692307692307 0.06850961538461539 0.0733173076923077
0 0.6622596153846154 0.15144230769230768 0.039663461538461536 0.06490384615384616
0 0.5288461538461539 0.1502403846153846 0.06971153846153846 0.0673076923076923
0 0.7752403846153846 0.9302884615384616 0.04567307692307692 0.0673076923076923
0 0.9110576923076923 0.9783653846153846 0.055288461538461536 0.038461538461538464
0 0.5961538461538461 0.4723557692307692 0.03245192307692308 0.07572115384615384
0 0.5925480769230769 0.3918269230769231 0.06009615384615385 0.0889423076923077