0 0.4951923076923077 0.20192307692307693 0.08413461538461539 0.040865384615384616
0 0.34375 0.10336538461538461 0.08653846153846154 0.04807692307692308
0 0.43149038461538464 0.05048076923076923 0.09134615384615384 0.0673076923076923
0 0.4326923076923077 0.20552884615384615 0.052884615384615384 0.06490384615384616
0 0.2980769230769231 0.4567307692307692 0.06971153846153846 0.0673076923076923
0 0.5408653846153846 0.5024038461538461 0.09134615384615384 0.06971153846153846
0 0.19591346153846154 0.5757211538461539 0.08173076923076923 0.0625
0 0.10697115384615384 0.6129807692307693 0.06971153846153846 0.0673076923076923
0 0.17307692307692307 0.7956730769230769 0.06971153846153846 0.03125
0 0.28725961538461536 0.7463942307692307 0.06009615384615385 0.040865384615384616
0 0.33052884615384615 0.8918269230769231 0.06490384615384616 0.0625
0 0.6790865384615384 0.7860576923076923 0.09615384615384616 0.07932692307692307
0 0.21514423076923078 0.35096153846153844 0.06971153846153846 0.055288461538461536
0 0.03245192307692308 0.5204326923076923 0.06490384615384616 0.16105769230769232
0 0.040865384615384616 0.35096153846153844 0.057692307692307696 0.10336538461538461
0 0.8497596153846154 0.9278846153846154 0.13221153846153846 0.1346153846153846
0 0.9819711538461539 0.4987980769230769 0.036057692307692304 0.06490384615384616
0 0.3701923076923077 0.6887019230769231 0.06009615384615385 0.07451923076923077
0 0.5673076923076923 0.5685096153846154 0.07211538461538461 0.09375
0 0.18990384615384615 0.8834134615384616 0.15144230769230768 0.15144230769230768