0 0.42427884615384615 0.5360576923076923 0.036057692307692304 0.08173076923076923
0 0.5721153846153846 0.6201923076923077 0.042067307692307696 0.04927884615384615
0 0.6814903846153846 0.5252403846153846 0.039663461538461536 0.04567307692307692
0 0.5901442307692307 0.45913461538461536 0.037259615384615384 0.051682692307692304
0 0.6358173076923077 0.3112980769230769 0.042067307692307696 0.06850961538461539
0 0.734375 0.33653846153846156 0.026442307692307692 0.051682692307692304
0 0.7860576923076923 0.2439903846153846 0.04927884615384615 0.0829326923076923
0 0.8425480769230769 0.421875 0.040865384615384616 0.09375
0 0.6141826923076923 0.2403846153846154 0.055288461538461536 0.052884615384615384
0 0.5132211538461539 0.25 0.05048076923076923 0.04807692307692308
0 0.42788461538461536 0.17548076923076922 0.051682692307692304 0.052884615384615384
0 0.27403846153846156 0.21153846153846154 0.0625 0.07091346153846154
0 0.47596153846153844 0.08173076923076923 0.02403846153846154 0.078125
0 0.3629807692307692 0.30649038461538464 0.052884615384615384 0.040865384615384616
0 0.27283653846153844 0.5048076923076923 0.04326923076923077 0.039663461538461536
0 0.5817307692307693 0.8713942307692307 0.03365384615384615 0.04927884615384615
0 0.49399038461538464 0.8257211538461539 0.038461538461538464 0.021634615384615384
0 0.7199519230769231 0.6646634615384616 0.04447115384615385 0.07091346153846154
0 0.8233173076923077 0.5997596153846154 0.037259615384615384 0.07692307692307693
0 0.6274038461538461 0.6478365384615384 0.03485576923076923 0.0673076923076923
0 0.484375 0.7752403846153846 0.05889423076923077 0.051682692307692304
0 0.32091346153846156 0.6286057692307693 0.04326923076923077 0.07572115384615384
0 0.15264423076923078 0.33052884615384615 0.05048076923076923 0.06129807692307692
0 0.010817307692307692 0.1466346153846154 0.021634615384615384 0.09495192307692307
0 0.07211538461538461 0.038461538461538464 0.04807692307692308 0.051682692307692304
0 0.7163461538461539 0.109375 0.039663461538461536 0.04927884615384615
0 0.8341346153846154 0.12860576923076922 0.05048076923076923 0.06490384615384616
0 0.9122596153846154 0.31009615384615385 0.04807692307692308 0.08533653846153846
0 0.7536057692307693 0.7548076923076923 0.042067307692307696 0.0733173076923077
0 0.828125 0.8810096153846154 0.03365384615384615 0.051682692307692304
0 0.8149038461538461 0.8209134615384616 0.042067307692307696 0.036057692307692304
0 0.8293269230769231 0.6995192307692307 0.03365384615384615 0.07091346153846154
0 0.9134615384615384 0.7235576923076923 0.028846153846153848 0.07091346153846154
0 0.9915865384615384 0.6538461538461539 0.015625 0.0829326923076923
0 0.9795673076923077 0.0889423076923077 0.039663461538461536 0.078125
0 0.43149038461538464 0.9074519230769231 0.040865384615384616 0.06850961538461539
0 0.6237980769230769 0.44350961538461536 0.037259615384615384 0.06129807692307692