0 0.021634615384615384 0.14903846153846154 0.04326923076923077 0.057692307692307696
0 0.30408653846153844 0.21153846153846154 0.0625 0.06009615384615385
0 0.37259615384615385 0.2091346153846154 0.06490384615384616 0.06009615384615385
0 0.38461538461538464 0.25 0.06971153846153846 0.05048076923076923
0 0.15985576923076922 0.3473557692307692 0.08653846153846154 0.11298076923076923
0 0.09615384615384616 0.22115384615384615 0.08653846153846154 0.0673076923076923
0 0.36778846153846156 0.4567307692307692 0.07211538461538461 0.08653846153846154
0 0.3798076923076923 0.5576923076923077 0.06490384615384616 0.08413461538461539
0 0.49399038461538464 0.6658653846153846 0.11298076923076923 0.10817307692307693
0 0.2824519230769231 0.6622596153846154 0.07211538461538461 0.07932692307692307
0 0.09615384615384616 0.34134615384615385 0.055288461538461536 0.07932692307692307
0 0.4423076923076923 0.25961538461538464 0.07932692307692307 0.09615384615384616
0 0.4338942307692308 0.40625 0.07451923076923077 0.057692307692307696
0 0.5408653846153846 0.30288461538461536 0.06009615384615385 0.0673076923076923
0 0.6069711538461539 0.4074519230769231 0.06490384615384616 0.07692307692307693
0 0.5985576923076923 0.5612980769230769 0.07211538461538461 0.0625
0 0.7608173076923077 0.5180288461538461 0.07692307692307693 0.08413461538461539
0 0.7247596153846154 0.6334134615384616 0.057692307692307696 0.07932692307692307
0 0.8737980769230769 0.6310096153846154 0.08653846153846154 0.07451923076923077
0 0.90625 0.6923076923076923 0.0673076923076923 0.052884615384615384
0 0.8774038461538461 0.8533653846153846 0.08173076923076923 0.10576923076923077
0 0.8125 0.8533653846153846 0.07932692307692307 0.08653846153846154
0 0.7055288461538461 0.9338942307692307 0.07932692307692307 0.06971153846153846
0 0.7584134615384616 0.2127403846153846 0.07692307692307693 0.06971153846153846
0 0.7860576923076923 0.2800480769230769 0.04567307692307692 0.07692307692307693
0 0.8389423076923077 0.3762019230769231 0.0985576923076923 0.09134615384615384
0 0.8052884615384616 0.0625 0.07211538461538461 0.09615384615384616
0 0.6971153846153846 0.04567307692307692 0.08653846153846154 0.09134615384615384
0 0.5649038461538461 0.04567307692307692 0.09615384615384616 0.09134615384615384
0 0.6334134615384616 0.06370192307692307 0.07692307692307693 0.11298076923076923