0 0.34134615384615385 0.27283653846153844 0.06490384615384616 0.0673076923076923
0 0.1466346153846154 0.171875 0.08052884615384616 0.05048076923076923
0 0.3942307692307692 0.09134615384615384 0.0625 0.0673076923076923
0 0.4795673076923077 0.13822115384615385 0.057692307692307696 0.046875
0 0.5649038461538461 0.0829326923076923 0.05048076923076923 0.0733173076923077
0 0.04567307692307692 0.22235576923076922 0.078125 0.046875
0 0.1658653846153846 0.2668269230769231 0.07091346153846154 0.039663461538461536
0 0.5733173076923077 0.6646634615384616 0.06129807692307692 0.08052884615384616
0 0.5805288461538461 0.3449519230769231 0.039663461538461536 0.06850961538461539
0 0.7043269230769231 0.09375 0.03365384615384615 0.06370192307692307
0 0.9555288461538461 0.2860576923076923 0.03245192307692308 0.056490384615384616