0 0.6911057692307693 0.49399038461538464 0.08173076923076923 0.09134615384615384
0 0.6346153846153846 0.5456730769230769 0.07692307692307693 0.08173076923076923
0 0.5697115384615384 0.3870192307692308 0.10096153846153846 0.10576923076923077
0 0.43990384615384615 0.23557692307692307 0.07451923076923077 0.07451923076923077
0 0.26322115384615385 0.20673076923076922 0.0889423076923077 0.08413461538461539
0 0.18870192307692307 0.3473557692307692 0.09615384615384616 0.07692307692307693
0 0.03125 0.36899038461538464 0.0625 0.11298076923076923
0 0.47716346153846156 0.6346153846153846 0.08653846153846154 0.0673076923076923
0 0.7091346153846154 0.8293269230769231 0.09375 0.07692307692307693
0 0.5985576923076923 0.9050480769230769 0.0889423076923077 0.052884615384615384
0 0.6346153846153846 0.9471153846153846 0.07692307692307693 0.052884615384615384
0 0.23557692307692307 0.8918269230769231 0.10336538461538461 0.10336538461538461
0 0.84375 0.7331730769230769 0.08173076923076923 0.0625
0 0.8846153846153846 0.24759615384615385 0.07451923076923077 0.09134615384615384
0 0.35336538461538464 0.18509615384615385 0.08413461538461539 0.0889423076923077
0 0.40625 0.08533653846153846 0.08413461538461539 0.06009615384615385
0 0.421875 0.14783653846153846 0.07932692307692307 0.0673076923076923
0 0.33653846153846156 0.046875 0.08173076923076923 0.06009615384615385
0 0.3894230769230769 0.31971153846153844 0.10336538461538461 0.11298076923076923
0 0.2860576923076923 0.4567307692307692 0.08413461538461539 0.125
0 0.2932692307692308 0.6646634615384616 0.10576923076923077 0.11298076923076923
0 0.21394230769230768 0.6911057692307693 0.09375 0.10576923076923077
0 0.15625 0.9110576923076923 0.11057692307692307 0.1466346153846154
0 0.5769230769230769 0.9807692307692307 0.08653846153846154 0.038461538461538464
0 0.3858173076923077 0.9459134615384616 0.11778846153846154 0.10817307692307693
0 0.7175480769230769 0.9278846153846154 0.06009615384615385 0.06009615384615385
0 0.8257211538461539 0.8581730769230769 0.08173076923076923 0.11538461538461539
0 0.9807692307692307 0.7475961538461539 0.038461538461538464 0.10096153846153846
0 0.9783653846153846 0.4579326923076923 0.04326923076923077 0.11298076923076923
0 0.9050480769230769 0.20552884615384615 0.06971153846153846 0.11298076923076923
0 0.7704326923076923 0.11778846153846154 0.07692307692307693 0.10096153846153846
0 0.5276442307692307 0.6802884615384616 0.11298076923076923 0.11538461538461539
0 0.5060096153846154 0.4483173076923077 0.06009615384615385 0.08413461538461539
0 0.8137019230769231 0.3317307692307692 0.10096153846153846 0.08413461538461539
0 0.5625 0.2548076923076923 0.09375 0.07932692307692307
0 0.6189903846153846 0.29086538461538464 0.06490384615384616 0.0673076923076923