0 0.36658653846153844 0.30649038461538464 0.06971153846153846 0.09134615384615384
0 0.3125 0.4951923076923077 0.07692307692307693 0.08653846153846154
0 0.39783653846153844 0.7463942307692307 0.06971153846153846 0.06009615384615385
0 0.22235576923076922 0.37259615384615385 0.06490384615384616 0.055288461538461536
0 0.07692307692307693 0.2403846153846154 0.052884615384615384 0.0625
0 0.29447115384615385 0.055288461538461536 0.07451923076923077 0.07932692307692307
0 0.03125 0.3605769230769231 0.036057692307692304 0.057692307692307696
0 0.5120192307692307 0.31490384615384615 0.07692307692307693 0.07451923076923077
0 0.3737980769230769 0.9735576923076923 0.06490384615384616 0.038461538461538464
0 0.171875 0.5612980769230769 0.0625 0.04567307692307692
0 0.5180288461538461 0.003605769230769231 0.040865384615384616 0.007211538461538462
0 0.6478365384615384 0.4879807692307692 0.0673076923076923 0.055288461538461536
0 0.17427884615384615 0.6370192307692307 0.052884615384615384 0.06009615384615385
0 0.23798076923076922 0.21394230769230768 0.0673076923076923 0.07692307692307693
0 0.390625 0.5252403846153846 0.0889423076923077 0.10096153846153846
0 0.4879807692307692 0.45072115384615385 0.07692307692307693 0.09375
0 0.36658653846153844 0.171875 0.055288461538461536 0.0625
0 0.3269230769230769 0.020432692307692308 0.0673076923076923 0.040865384615384616
0 0.16706730769230768 0.47115384615384615 0.07451923076923077 0.07932692307692307
0 0.33052884615384615 0.8521634615384616 0.0889423076923077 0.09134615384615384
0 0.30408653846153844 0.9375 0.0673076923076923 0.0625
0 0.5480769230769231 0.9771634615384616 0.08173076923076923 0.04567307692307692
0 0.5841346153846154 0.8870192307692307 0.06971153846153846 0.09615384615384616
0 0.4423076923076923 0.7920673076923077 0.07211538461538461 0.07932692307692307