0 0.13221153846153846 0.8100961538461539 0.08173076923076923 0.08653846153846154
0 0.09975961538461539 0.7127403846153846 0.07451923076923077 0.07211538461538461
0 0.38341346153846156 0.8942307692307693 0.09375 0.09375
0 0.6165865384615384 0.9242788461538461 0.09134615384615384 0.09375
0 0.6971153846153846 0.9483173076923077 0.07692307692307693 0.07932692307692307
0 0.3317307692307692 0.625 0.10096153846153846 0.10336538461538461
0 0.4074519230769231 0.6298076923076923 0.07692307692307693 0.07932692307692307
0 0.359375 0.5024038461538461 0.08413461538461539 0.08653846153846154
0 0.26322115384615385 0.27524038461538464 0.09134615384615384 0.09134615384615384
0 0.24278846153846154 0.2091346153846154 0.0625 0.06490384615384616
0 0.25721153846153844 0.11538461538461539 0.09375 0.09615384615384616
0 0.390625 0.31490384615384615 0.10336538461538461 0.10336538461538461
0 0.44471153846153844 0.36658653846153844 0.0889423076923077 0.0889423076923077
0 0.5240384615384616 0.22235576923076922 0.08173076923076923 0.08653846153846154
0 0.8762019230769231 0.5216346153846154 0.11298076923076923 0.1201923076923077
0 0.8954326923076923 0.6454326923076923 0.11057692307692307 0.11538461538461539
0 0.7379807692307693 0.6490384615384616 0.08413461538461539 0.08413461538461539
0 0.7463942307692307 0.38341346153846156 0.1201923076923077 0.12259615384615384