0 0.06129807692307692 0.06129807692307692 0.052884615384615384 0.057692307692307696
0 0.014423076923076924 0.09375 0.027644230769230768 0.06850961538461539
0 0.07091346153846154 0.3173076923076923 0.036057692307692304 0.0673076923076923
0 0.010817307692307692 0.41947115384615385 0.021634615384615384 0.06971153846153846
0 0.13221153846153846 0.4951923076923077 0.04326923076923077 0.06850961538461539
0 0.15144230769230768 0.5709134615384616 0.036057692307692304 0.06009615384615385
0 0.18389423076923078 0.734375 0.030048076923076924 0.07692307692307693
0 0.15625 0.7367788461538461 0.027644230769230768 0.09014423076923077
0 0.05048076923076923 0.9399038461538461 0.036057692307692304 0.07211538461538461
0 0.265625 0.8112980769230769 0.04927884615384615 0.05048076923076923
0 0.2824519230769231 0.9627403846153846 0.03125 0.056490384615384616
0 0.35336538461538464 0.7752403846153846 0.040865384615384616 0.07211538461538461
0 0.421875 0.7908653846153846 0.04927884615384615 0.06370192307692307
0 0.45913461538461536 0.7451923076923077 0.03125 0.06610576923076923
0 0.4110576923076923 0.6286057692307693 0.05048076923076923 0.078125
0 0.3485576923076923 0.5072115384615384 0.056490384615384616 0.051682692307692304
0 0.5204326923076923 0.4375 0.03485576923076923 0.07572115384615384
0 0.4807692307692308 0.5805288461538461 0.036057692307692304 0.09375
0 0.4110576923076923 0.2091346153846154 0.06009615384615385 0.06490384615384616
0 0.43028846153846156 0.14543269230769232 0.04326923076923077 0.06850961538461539
0 0.29447115384615385 0.17067307692307693 0.039663461538461536 0.057692307692307696
0 0.23197115384615385 0.25721153846153844 0.03245192307692308 0.07091346153846154
0 0.203125 0.19230769230769232 0.037259615384615384 0.08052884615384616
0 0.47716346153846156 0.2776442307692308 0.03245192307692308 0.056490384615384616
0 0.5396634615384616 0.22596153846153846 0.02283653846153846 0.052884615384615384
0 0.7980769230769231 0.0829326923076923 0.036057692307692304 0.07091346153846154
0 0.6021634615384616 0.7283653846153846 0.05048076923076923 0.08413461538461539
0 0.5673076923076923 0.9591346153846154 0.04927884615384615 0.05889423076923077
0 0.7728365384615384 0.7896634615384616 0.04447115384615385 0.08173076923076923
0 0.9795673076923077 0.7536057692307693 0.038461538461538464 0.08052884615384616
0 0.5925480769230769 0.59375 0.055288461538461536 0.09375
0 0.7752403846153846 0.40024038461538464 0.037259615384615384 0.109375