0 0.08052884615384616 0.41225961538461536 0.07451923076923077 0.09134615384615384
0 0.22235576923076922 0.38461538461538464 0.10096153846153846 0.10817307692307693
0 0.12980769230769232 0.5300480769230769 0.0673076923076923 0.07211538461538461
0 0.037259615384615384 0.671875 0.07451923076923077 0.12259615384615384
0 0.0625 0.7367788461538461 0.06971153846153846 0.06971153846153846
0 0.28966346153846156 0.7043269230769231 0.07692307692307693 0.07932692307692307
0 0.39302884615384615 0.65625 0.06009615384615385 0.06009615384615385
0 0.46153846153846156 0.578125 0.08653846153846154 0.09134615384615384
0 0.5336538461538461 0.5853365384615384 0.0673076923076923 0.06490384615384616
0 0.5516826923076923 0.5144230769230769 0.08173076923076923 0.08413461538461539
0 0.6670673076923077 0.49278846153846156 0.0625 0.07211538461538461
0 0.8353365384615384 0.5276442307692307 0.08173076923076923 0.09134615384615384
0 0.5913461538461539 0.7379807692307693 0.08653846153846154 0.0985576923076923
0 0.5889423076923077 0.875 0.08173076923076923 0.08173076923076923
0 0.7956730769230769 0.8966346153846154 0.06971153846153846 0.07692307692307693
0 0.44350961538461536 0.9194711538461539 0.08653846153846154 0.09615384615384616
0 0.3894230769230769 0.9819711538461539 0.057692307692307696 0.036057692307692304
0 0.21153846153846154 0.8846153846153846 0.057692307692307696 0.057692307692307696
0 0.65625 0.36778846153846156 0.09375 0.09615384615384616
0 0.2692307692307692 0.14423076923076922 0.09134615384615384 0.09375
0 0.28365384615384615 0.20192307692307693 0.07692307692307693 0.0889423076923077