0 0.5012019230769231 0.39783653846153844 0.06490384615384616 0.06490384615384616
0 0.5060096153846154 0.328125 0.06971153846153846 0.06971153846153846
0 0.4026442307692308 0.30408653846153844 0.05048076923076923 0.05048076923076923
0 0.38341346153846156 0.34134615384615385 0.038461538461538464 0.036057692307692304
0 0.5492788461538461 0.02283653846153846 0.06971153846153846 0.04567307692307692
0 0.6862980769230769 0.16826923076923078 0.04567307692307692 0.04567307692307692
0 0.6153846153846154 0.17548076923076922 0.06490384615384616 0.06490384615384616
0 0.6538461538461539 0.27163461538461536 0.0673076923076923 0.06971153846153846
0 0.6814903846153846 0.42788461538461536 0.07692307692307693 0.07451923076923077
0 0.7391826923076923 0.40024038461538464 0.055288461538461536 0.057692307692307696
0 0.7956730769230769 0.2824519230769231 0.08173076923076923 0.08173076923076923
0 0.8004807692307693 0.234375 0.06009615384615385 0.06009615384615385
0 0.9014423076923077 0.421875 0.052884615384615384 0.052884615384615384
0 0.9182692307692307 0.5817307692307693 0.07211538461538461 0.06971153846153846
0 0.8966346153846154 0.6201923076923077 0.057692307692307696 0.057692307692307696
0 0.9579326923076923 0.6911057692307693 0.08413461538461539 0.09375
0 0.90625 0.7079326923076923 0.07932692307692307 0.08173076923076923
0 0.9891826923076923 0.5480769230769231 0.021634615384615384 0.057692307692307696
0 0.78125 0.6189903846153846 0.0889423076923077 0.09134615384615384
0 0.6983173076923077 0.7127403846153846 0.09375 0.09375
0 0.4567307692307692 0.5673076923076923 0.07451923076923077 0.07451923076923077
0 0.37740384615384615 0.5829326923076923 0.06971153846153846 0.06971153846153846
0 0.35096153846153844 0.11177884615384616 0.06009615384615385 0.06009615384615385
0 0.3004807692307692 0.17307692307692307 0.04807692307692308 0.04807692307692308
0 0.4735576923076923 0.12259615384615384 0.06009615384615385 0.06009615384615385
0 0.5612980769230769 0.6875 0.0673076923076923 0.0673076923076923
0 0.5973557692307693 0.7307692307692307 0.04807692307692308 0.04567307692307692
0 0.4543269230769231 0.7872596153846154 0.07211538461538461 0.07211538461538461
0 0.4495192307692308 0.7019230769230769 0.06490384615384616 0.06490384615384616
0 0.3425480769230769 0.7211538461538461 0.0673076923076923 0.0673076923076923
0 0.38221153846153844 0.8149038461538461 0.07451923076923077 0.07451923076923077
0 0.47596153846153844 0.8942307692307693 0.09375 0.09615384615384616
0 0.7668269230769231 0.8185096153846154 0.06009615384615385 0.057692307692307696
0 0.7007211538461539 0.9483173076923077 0.0889423076923077 0.09134615384615384
0 0.6478365384615384 0.9014423076923077 0.09375 0.09375
0 0.47596153846153844 0.47716346153846156 0.05048076923076923 0.05048076923076923
0 0.7836538461538461 0.11177884615384616 0.06971153846153846 0.06971153846153846
0 0.6009615384615384 0.018028846153846152 0.057692307692307696 0.036057692307692304
0 0.1346153846153846 0.23076923076923078 0.040865384615384616 0.040865384615384616
0 0.08774038461538461 0.49278846153846156 0.04807692307692308 0.04807692307692308
0 0.03485576923076923 0.5961538461538461 0.06971153846153846 0.07211538461538461
0 0.359375 0.38100961538461536 0.057692307692307696 0.06009615384615385
0 0.7139423076923077 0.48197115384615385 0.057692307692307696 0.057692307692307696
0 0.6598557692307693 0.5288461538461539 0.0625 0.0625
0 0.6514423076923077 0.4963942307692308 0.05048076923076923 0.05048076923076923
0 0.8040865384615384 0.3317307692307692 0.05048076923076923 0.05048076923076923
0 0.43509615384615385 0.16826923076923078 0.038461538461538464 0.038461538461538464
0 0.39783653846153844 0.17067307692307693 0.052884615384615384 0.052884615384615384
0 0.7295673076923077 0.5817307692307693 0.06971153846153846 0.07211538461538461
0 0.7620192307692307 0.5877403846153846 0.057692307692307696 0.06009615384615385