0 0.007211538461538462 0.4795673076923077 0.014423076923076924 0.06490384615384616
0 0.08413461538461539 0.2920673076923077 0.0625 0.06490384615384616
0 0.26802884615384615 0.2091346153846154 0.07932692307692307 0.07932692307692307
0 0.2932692307692308 0.15985576923076922 0.07451923076923077 0.07692307692307693
0 0.38822115384615385 0.16826923076923078 0.08653846153846154 0.08653846153846154
0 0.4735576923076923 0.08052884615384616 0.08653846153846154 0.08653846153846154
0 0.45072115384615385 0.016826923076923076 0.08413461538461539 0.03365384615384615
0 0.2956730769230769 0.04326923076923077 0.07692307692307693 0.07692307692307693
0 0.421875 0.5072115384615384 0.07692307692307693 0.07692307692307693
0 0.5084134615384616 0.5 0.08653846153846154 0.08653846153846154
0 0.5492788461538461 0.5841346153846154 0.07692307692307693 0.07932692307692307
0 0.5456730769230769 0.7079326923076923 0.07932692307692307 0.07692307692307693
0 0.7295673076923077 0.8449519230769231 0.0985576923076923 0.10096153846153846
0 0.7427884615384616 0.9326923076923077 0.07451923076923077 0.07211538461538461
0 0.2848557692307692 0.7908653846153846 0.10096153846153846 0.10336538461538461
0 0.07932692307692307 0.6322115384615384 0.07211538461538461 0.07451923076923077
0 0.08413461538461539 0.7367788461538461 0.08173076923076923 0.08173076923076923
0 0.6935096153846154 0.5444711538461539 0.11057692307692307 0.11298076923076923
0 0.6899038461538461 0.40625 0.057692307692307696 0.057692307692307696
0 0.7271634615384616 0.36899038461538464 0.0625 0.0625
0 0.6237980769230769 0.2548076923076923 0.06971153846153846 0.06971153846153846
0 0.5276442307692307 0.38822115384615385 0.07451923076923077 0.07451923076923077
0 0.8497596153846154 0.484375 0.10576923076923077 0.10817307692307693
0 0.8293269230769231 0.3401442307692308 0.07932692307692307 0.07932692307692307
0 0.9471153846153846 0.35096153846153844 0.08173076923076923 0.08173076923076923
0 0.9170673076923077 0.44350961538461536 0.0673076923076923 0.06971153846153846
0 0.9855769230769231 0.5600961538461539 0.028846153846153848 0.08653846153846154
0 0.9242788461538461 0.234375 0.028846153846153848 0.028846153846153848
0 0.7932692307692307 0.11538461538461539 0.052884615384615384 0.05048076923076923
0 0.7487980769230769 0.12980769230769232 0.08413461538461539 0.08173076923076923
0 0.6923076923076923 0.026442307692307692 0.0625 0.052884615384615384
0 0.7019230769230769 0.006009615384615385 0.04326923076923077 0.01201923076923077