0 0.4963942307692308 0.5264423076923077 0.04326923076923077 0.057692307692307696
0 0.28966346153846156 0.5252403846153846 0.04807692307692308 0.04807692307692308
0 0.3004807692307692 0.2608173076923077 0.05048076923076923 0.05048076923076923
0 0.18870192307692307 0.38341346153846156 0.06490384615384616 0.040865384615384616
0 0.140625 0.6069711538461539 0.055288461538461536 0.052884615384615384
0 0.15865384615384615 0.6947115384615384 0.0625 0.02403846153846154
0 0.05889423076923077 0.41586538461538464 0.057692307692307696 0.052884615384615384
0 0.8822115384615384 0.5793269230769231 0.06971153846153846 0.07211538461538461
0 0.9603365384615384 0.47475961538461536 0.0673076923076923 0.04326923076923077
0 0.6129807692307693 0.35336538461538464 0.040865384615384616 0.06490384615384616
0 0.9471153846153846 0.6935096153846154 0.055288461538461536 0.05048076923076923
0 0.3737980769230769 0.4651442307692308 0.05048076923076923 0.06971153846153846
0 0.23557692307692307 0.5060096153846154 0.052884615384615384 0.055288461538461536
0 0.056490384615384616 0.7908653846153846 0.06490384615384616 0.07451923076923077
0 0.09495192307692307 0.2920673076923077 0.055288461538461536 0.09134615384615384
0 0.08052884615384616 0.1346153846153846 0.052884615384615384 0.052884615384615384
0 0.036057692307692304 0.12139423076923077 0.040865384615384616 0.06490384615384616
0 0.04326923076923077 0.018028846153846152 0.04807692307692308 0.036057692307692304
0 0.4855769230769231 0.34975961538461536 0.03365384615384615 0.0673076923076923
0 0.5240384615384616 0.31971153846153844 0.06490384615384616 0.08173076923076923
0 0.4879807692307692 0.4543269230769231 0.055288461538461536 0.06490384615384616
0 0.8665865384615384 0.3449519230769231 0.038461538461538464 0.06490384615384616
0 0.875 0.23197115384615385 0.052884615384615384 0.08653846153846154
0 0.7463942307692307 0.9314903846153846 0.055288461538461536 0.04567307692307692
0 0.9254807692307693 0.7463942307692307 0.038461538461538464 0.052884615384615384
0 0.3942307692307692 0.8605769230769231 0.052884615384615384 0.0889423076923077
0 0.3161057692307692 0.6634615384615384 0.04567307692307692 0.07692307692307693
0 0.2704326923076923 0.6346153846153846 0.040865384615384616 0.055288461538461536