0 0.20673076923076922 0.35697115384615385 0.057692307692307696 0.052884615384615384
0 0.23557692307692307 0.39783653846153844 0.052884615384615384 0.04807692307692308
0 0.1201923076923077 0.49399038461538464 0.06009615384615385 0.0673076923076923
0 0.1466346153846154 0.5240384615384616 0.055288461538461536 0.06009615384615385
0 0.05048076923076923 0.5060096153846154 0.05048076923076923 0.04807692307692308
0 0.0829326923076923 0.5913461538461539 0.055288461538461536 0.07211538461538461
0 0.109375 0.6033653846153846 0.05048076923076923 0.06009615384615385
0 0.2283653846153846 0.5817307692307693 0.06009615384615385 0.057692307692307696
0 0.3581730769230769 0.45072115384615385 0.05048076923076923 0.0625
0 0.41466346153846156 0.36778846153846156 0.057692307692307696 0.057692307692307696
0 0.3329326923076923 0.25600961538461536 0.04807692307692308 0.04567307692307692
0 0.27524038461538464 0.4951923076923077 0.0625 0.0625
0 0.23677884615384615 0.7091346153846154 0.06490384615384616 0.0673076923076923
0 0.3112980769230769 0.7644230769230769 0.07451923076923077 0.07211538461538461
0 0.3004807692307692 0.8173076923076923 0.0673076923076923 0.07451923076923077
0 0.2848557692307692 0.8653846153846154 0.07451923076923077 0.07451923076923077
0 0.2692307692307692 0.9086538461538461 0.055288461538461536 0.0673076923076923
0 0.47596153846153844 0.9819711538461539 0.052884615384615384 0.036057692307692304
0 0.4735576923076923 0.8161057692307693 0.057692307692307696 0.06490384615384616
0 0.5829326923076923 0.7427884615384616 0.06490384615384616 0.07211538461538461
0 0.6983173076923077 0.8185096153846154 0.0625 0.07211538461538461
0 0.6574519230769231 0.9182692307692307 0.07211538461538461 0.07932692307692307
0 0.3701923076923077 0.5829326923076923 0.0673076923076923 0.06971153846153846
0 0.5096153846153846 0.45552884615384615 0.06971153846153846 0.07211538461538461
0 0.46153846153846156 0.3762019230769231 0.052884615384615384 0.06490384615384616
0 0.484375 0.328125 0.06009615384615385 0.07211538461538461
0 0.5372596153846154 0.2848557692307692 0.052884615384615384 0.06490384615384616
0 0.49158653846153844 0.15504807692307693 0.05048076923076923 0.052884615384615384
0 0.5961538461538461 0.34615384615384615 0.06971153846153846 0.07692307692307693
0 0.5540865384615384 0.3798076923076923 0.057692307692307696 0.0625
0 0.5649038461538461 0.4651442307692308 0.0625 0.07692307692307693
0 0.6358173076923077 0.4375 0.055288461538461536 0.0673076923076923
0 0.6971153846153846 0.18629807692307693 0.052884615384615384 0.052884615384615384
0 0.7079326923076923 0.2920673076923077 0.057692307692307696 0.08413461538461539
0 0.796875 0.24519230769230768 0.06009615384615385 0.0625
0 0.8533653846153846 0.125 0.038461538461538464 0.04807692307692308
0 0.9375 0.5180288461538461 0.07451923076923077 0.08653846153846154
0 0.8834134615384616 0.5432692307692307 0.0625 0.07932692307692307
0 0.7932692307692307 0.515625 0.08413461538461539 0.10576923076923077
0 0.71875 0.6346153846153846 0.08173076923076923 0.08653846153846154
0 0.8305288461538461 0.8257211538461539 0.07451923076923077 0.0889423076923077
0 0.890625 0.7956730769230769 0.06971153846153846 0.07451923076923077
0 0.9831730769230769 0.7283653846153846 0.03365384615384615 0.10096153846153846
0 0.9831730769230769 0.5709134615384616 0.03365384615384615 0.06971153846153846
0 0.9903846153846154 0.5240384615384616 0.019230769230769232 0.10576923076923077
0 0.3125 0.5612980769230769 0.09134615384615384 0.10576923076923077
0 0.6394230769230769 0.6574519230769231 0.07211538461538461 0.08173076923076923