0 0.5757211538461539 0.4026442307692308 0.10096153846153846 0.0889423076923077
0 0.3701923076923077 0.4567307692307692 0.10096153846153846 0.09134615384615384
0 0.21514423076923078 0.36177884615384615 0.06971153846153846 0.06971153846153846
0 0.3425480769230769 0.2091346153846154 0.06009615384615385 0.0625
0 0.5769230769230769 0.23798076923076922 0.06009615384615385 0.07451923076923077
0 0.5336538461538461 0.5793269230769231 0.08413461538461539 0.06971153846153846
0 0.35336538461538464 0.6742788461538461 0.10817307692307693 0.057692307692307696
0 0.21394230769230768 0.6009615384615384 0.07211538461538461 0.08413461538461539
0 0.04447115384615385 0.4879807692307692 0.08413461538461539 0.06971153846153846
0 0.20793269230769232 0.03365384615384615 0.09375 0.0673076923076923
0 0.38100961538461536 0.9074519230769231 0.052884615384615384 0.0889423076923077
0 0.9362980769230769 0.8185096153846154 0.08173076923076923 0.10817307692307693
0 0.9086538461538461 0.5 0.1201923076923077 0.11778846153846154
0 0.20793269230769232 0.8677884615384616 0.08173076923076923 0.09615384615384616
0 0.265625 0.41586538461538464 0.06490384615384616 0.07692307692307693
0 0.30649038461538464 0.4579326923076923 0.055288461538461536 0.08413461538461539
0 0.25600961538461536 0.16466346153846154 0.06971153846153846 0.05048076923076923
0 0.25721153846153844 0.2403846153846154 0.05048076923076923 0.07451923076923077
0 0.18389423076923078 0.1658653846153846 0.04326923076923077 0.08653846153846154
0 0.13581730769230768 0.15384615384615385 0.08413461538461539 0.08413461538461539
0 0.6887019230769231 0.2692307692307692 0.0625 0.09134615384615384
0 0.7548076923076923 0.17668269230769232 0.05048076923076923 0.0985576923076923
0 0.6622596153846154 0.4735576923076923 0.07211538461538461 0.07211538461538461
0 0.5853365384615384 0.5 0.07451923076923077 0.07211538461538461
0 0.5432692307692307 0.8425480769230769 0.0889423076923077 0.08413461538461539
0 0.4855769230769231 0.9399038461538461 0.10576923076923077 0.11538461538461539
0 0.6033653846153846 0.9471153846153846 0.06490384615384616 0.07451923076923077
0 0.09495192307692307 0.9447115384615384 0.08653846153846154 0.05048076923076923