0 0.24519230769230768 0.5096153846153846 0.07692307692307693 0.07692307692307693
0 0.31850961538461536 0.46634615384615385 0.08413461538461539 0.08413461538461539
0 0.10697115384615384 0.4375 0.0625 0.0625
0 0.11057692307692307 0.4831730769230769 0.06490384615384616 0.06490384615384616
0 0.026442307692307692 0.4098557692307692 0.052884615384615384 0.0889423076923077
0 0.34134615384615385 0.8786057692307693 0.07932692307692307 0.07932692307692307
0 0.42908653846153844 0.7487980769230769 0.07451923076923077 0.07451923076923077
0 0.47716346153846156 0.7439903846153846 0.06971153846153846 0.06971153846153846
0 0.48677884615384615 0.8125 0.07932692307692307 0.07932692307692307
0 0.7331730769230769 0.7019230769230769 0.08173076923076923 0.08173076923076923
0 0.8677884615384616 0.6322115384615384 0.08653846153846154 0.08653846153846154
0 0.6959134615384616 0.5324519230769231 0.08173076923076923 0.08173076923076923
0 0.8233173076923077 0.44350961538461536 0.09375 0.09375
0 0.7752403846153846 0.265625 0.0889423076923077 0.0889423076923077
0 0.8088942307692307 0.1935096153846154 0.07211538461538461 0.07211538461538461
0 0.6850961538461539 0.09014423076923077 0.06971153846153846 0.06971153846153846
0 0.5060096153846154 0.07211538461538461 0.09134615384615384 0.09134615384615384
0 0.5685096153846154 0.25240384615384615 0.0625 0.0625
0 0.5096153846153846 0.24639423076923078 0.0625 0.0625
0 0.5240384615384616 0.28125 0.0673076923076923 0.0673076923076923
0 0.5625 0.2920673076923077 0.04807692307692308 0.04807692307692308
0 0.5709134615384616 0.3798076923076923 0.09615384615384616 0.09615384615384616
0 0.4026442307692308 0.40384615384615385 0.10817307692307693 0.10817307692307693
0 0.3329326923076923 0.3293269230769231 0.07211538461538461 0.07211538461538461
0 0.2403846153846154 0.33533653846153844 0.06490384615384616 0.06490384615384616
0 0.23557692307692307 0.2932692307692308 0.07211538461538461 0.07211538461538461
0 0.25721153846153844 0.15745192307692307 0.07692307692307693 0.07692307692307693
0 0.3016826923076923 0.14423076923076922 0.07692307692307693 0.07692307692307693
0 0.3389423076923077 0.01201923076923077 0.07211538461538461 0.02403846153846154
0 0.13341346153846154 0.25240384615384615 0.08413461538461539 0.08413461538461539
0 0.07932692307692307 0.3293269230769231 0.08653846153846154 0.08653846153846154