0 0.640625 0.6286057692307693 0.11298076923076923 0.12740384615384615
0 0.47716346153846156 0.6875 0.09375 0.11057692307692307
0 0.31850961538461536 0.5072115384615384 0.09615384615384616 0.125
0 0.25 0.5949519230769231 0.0673076923076923 0.06971153846153846
0 0.4375 0.9603365384615384 0.11538461538461539 0.07932692307692307
0 0.5973557692307693 0.9639423076923077 0.08413461538461539 0.06490384615384616
0 0.7367788461538461 0.8689903846153846 0.09134615384615384 0.11538461538461539
0 0.13942307692307693 0.7439903846153846 0.09134615384615384 0.10336538461538461
0 0.35216346153846156 0.6899038461538461 0.0889423076923077 0.08413461538461539
0 0.6875 0.125 0.08413461538461539 0.10817307692307693
0 0.4543269230769231 0.47115384615384615 0.06009615384615385 0.0889423076923077
0 0.47475961538461536 0.8521634615384616 0.06971153846153846 0.13942307692307693
0 0.8305288461538461 0.8689903846153846 0.08653846153846154 0.10576923076923077
0 0.9483173076923077 0.9014423076923077 0.06490384615384616 0.11298076923076923
0 0.9771634615384616 0.7403846153846154 0.04567307692307692 0.09615384615384616
0 0.3161057692307692 0.9230769230769231 0.08173076923076923 0.06971153846153846
0 0.25600961538461536 0.9182692307692307 0.055288461538461536 0.11057692307692307
0 0.040865384615384616 0.6502403846153846 0.0673076923076923 0.11538461538461539