0 0.5793269230769231 0.21754807692307693 0.040865384615384616 0.05048076923076923
0 0.6490384615384616 0.18389423076923078 0.06009615384615385 0.038461538461538464
0 0.34975961538461536 0.1622596153846154 0.04447115384615385 0.04807692307692308
0 0.09254807692307693 0.34975961538461536 0.05889423076923077 0.056490384615384616
0 0.7235576923076923 0.29447115384615385 0.057692307692307696 0.05889423076923077
0 0.9266826923076923 0.15865384615384615 0.06009615384615385 0.039663461538461536
0 0.9182692307692307 0.11538461538461539 0.03245192307692308 0.054086538461538464
0 0.8677884615384616 0.3485576923076923 0.051682692307692304 0.0673076923076923
0 0.9170673076923077 0.46634615384615385 0.06009615384615385 0.06850961538461539
0 0.6995192307692307 0.4831730769230769 0.05889423076923077 0.06129807692307692
0 0.5060096153846154 0.5769230769230769 0.042067307692307696 0.05889423076923077
0 0.4675480769230769 0.5841346153846154 0.046875 0.04326923076923077
0 0.5841346153846154 0.6670673076923077 0.0733173076923077 0.052884615384615384
0 0.5 0.6995192307692307 0.054086538461538464 0.07572115384615384
0 0.7475961538461539 0.14543269230769232 0.056490384615384616 0.0625
0 0.6237980769230769 0.38822115384615385 0.06490384615384616 0.10697115384615384
0 0.4338942307692308 0.34615384615384615 0.08173076923076923 0.06850961538461539
0 0.8521634615384616 0.45913461538461536 0.054086538461538464 0.09375