0 0.5913461538461539 0.20432692307692307 0.06009615384615385 0.05048076923076923
0 0.5408653846153846 0.2439903846153846 0.07211538461538461 0.08413461538461539
0 0.41346153846153844 0.06370192307692307 0.07211538461538461 0.07451923076923077
0 0.36778846153846156 0.025240384615384616 0.08173076923076923 0.05048076923076923
0 0.18389423076923078 0.11538461538461539 0.07451923076923077 0.07932692307692307
0 0.13942307692307693 0.45072115384615385 0.08173076923076923 0.09134615384615384
0 0.01201923076923077 0.5540865384615384 0.02403846153846154 0.11778846153846154
0 0.6778846153846154 0.17427884615384615 0.08173076923076923 0.0889423076923077
0 0.7487980769230769 0.33653846153846156 0.07451923076923077 0.07211538461538461
0 0.6850961538461539 0.3762019230769231 0.0673076923076923 0.07211538461538461
0 0.6646634615384616 0.33653846153846156 0.055288461538461536 0.06971153846153846
0 0.7932692307692307 0.578125 0.07692307692307693 0.08413461538461539
0 0.6069711538461539 0.6790865384615384 0.06971153846153846 0.06971153846153846
0 0.5625 0.5432692307692307 0.06971153846153846 0.07692307692307693
0 0.5072115384615384 0.5853365384615384 0.07211538461538461 0.06971153846153846
0 0.4543269230769231 0.6069711538461539 0.10336538461538461 0.0985576923076923
0 0.5733173076923077 0.7704326923076923 0.11298076923076923 0.09615384615384616
0 0.7668269230769231 0.7475961538461539 0.06009615384615385 0.052884615384615384
0 0.859375 0.6526442307692307 0.07451923076923077 0.09134615384615384
0 0.9543269230769231 0.6634615384615384 0.07932692307692307 0.09615384615384616
0 0.9326923076923077 0.32091346153846156 0.08653846153846154 0.09615384615384616
0 0.8870192307692307 0.2620192307692308 0.06971153846153846 0.07211538461538461
0 0.8665865384615384 0.8485576923076923 0.05048076923076923 0.0673076923076923
0 0.828125 0.9014423076923077 0.06009615384615385 0.07211538461538461
0 0.7992788461538461 0.9723557692307693 0.040865384615384616 0.055288461538461536
0 0.6622596153846154 0.9759615384615384 0.07451923076923077 0.04807692307692308
0 0.46875 0.8713942307692307 0.10336538461538461 0.0985576923076923
0 0.3870192307692308 0.9639423076923077 0.08653846153846154 0.07211538461538461
0 0.3161057692307692 0.9134615384615384 0.09375 0.11298076923076923