0 0.6105769230769231 0.14543269230769232 0.09134615384615384 0.09134615384615384
0 0.6850961538461539 0.046875 0.09134615384615384 0.09134615384615384
0 0.6935096153846154 0.013221153846153846 0.055288461538461536 0.026442307692307692
0 0.8858173076923077 0.19230769230769232 0.07451923076923077 0.07451923076923077
0 0.8161057692307693 0.14903846153846154 0.08173076923076923 0.08173076923076923
0 0.41466346153846156 0.27524038461538464 0.11778846153846154 0.1201923076923077
0 0.17307692307692307 0.4735576923076923 0.07211538461538461 0.07211538461538461
0 0.17307692307692307 0.5204326923076923 0.06490384615384616 0.0673076923076923
0 0.10216346153846154 0.5540865384615384 0.06971153846153846 0.06971153846153846
0 0.09014423076923077 0.6045673076923077 0.09134615384615384 0.09375
0 0.020432692307692308 0.5408653846153846 0.040865384615384616 0.10576923076923077
0 0.12139423076923077 0.7391826923076923 0.09134615384615384 0.09134615384615384
0 0.4182692307692308 0.5829326923076923 0.13701923076923078 0.13701923076923078
0 0.6418269230769231 0.6538461538461539 0.0889423076923077 0.0889423076923077
0 0.6514423076923077 0.7367788461538461 0.08653846153846154 0.08653846153846154
0 0.6514423076923077 0.7776442307692307 0.10817307692307693 0.10817307692307693
0 0.78125 0.7776442307692307 0.09375 0.09375
0 0.5504807692307693 0.7175480769230769 0.11057692307692307 0.11057692307692307
0 0.4026442307692308 0.8725961538461539 0.11298076923076923 0.11298076923076923
0 0.5252403846153846 0.9579326923076923 0.09375 0.08413461538461539