0 0.359375 0.17067307692307693 0.03485576923076923 0.0673076923076923
0 0.3954326923076923 0.17067307692307693 0.025240384615384616 0.038461538461538464
0 0.43028846153846156 0.1310096153846154 0.04807692307692308 0.06129807692307692
0 0.5492788461538461 0.22956730769230768 0.054086538461538464 0.04927884615384615
0 0.5504807692307693 0.3581730769230769 0.03485576923076923 0.078125
0 0.5192307692307693 0.4483173076923077 0.036057692307692304 0.04927884615384615
0 0.5216346153846154 0.49399038461538464 0.046875 0.052884615384615384
0 0.45072115384615385 0.3942307692307692 0.06490384615384616 0.06129807692307692
0 0.375 0.5204326923076923 0.05048076923076923 0.08533653846153846
0 0.3329326923076923 0.3762019230769231 0.04447115384615385 0.054086538461538464
0 0.24759615384615385 0.46274038461538464 0.028846153846153848 0.07211538461538461
0 0.19230769230769232 0.6358173076923077 0.039663461538461536 0.05048076923076923
0 0.1778846153846154 0.7151442307692307 0.052884615384615384 0.07572115384615384
0 0.24278846153846154 0.6478365384615384 0.03125 0.042067307692307696
0 0.33052884615384615 0.703125 0.057692307692307696 0.04807692307692308
0 0.6454326923076923 0.39663461538461536 0.04326923076923077 0.08173076923076923
0 0.6862980769230769 0.4543269230769231 0.040865384615384616 0.07091346153846154
0 0.7235576923076923 0.3581730769230769 0.036057692307692304 0.10336538461538461
0 0.765625 0.38822115384615385 0.03365384615384615 0.0733173076923077
0 0.75 0.4807692307692308 0.054086538461538464 0.08774038461538461
0 0.8028846153846154 0.5168269230769231 0.02283653846153846 0.06610576923076923
0 0.7776442307692307 0.203125 0.042067307692307696 0.06610576923076923
0 0.8329326923076923 0.12259615384615384 0.052884615384615384 0.07091346153846154
0 0.8485576923076923 0.03485576923076923 0.051682692307692304 0.0673076923076923
0 0.7860576923076923 0.7824519230769231 0.039663461538461536 0.08653846153846154