0 0.5829326923076923 0.10817307692307693 0.09134615384615384 0.0889423076923077
0 0.5228365384615384 0.16466346153846154 0.08413461538461539 0.08413461538461539
0 0.45072115384615385 0.10096153846153846 0.0985576923076923 0.0985576923076923
0 0.40024038461538464 0.15985576923076922 0.07451923076923077 0.07451923076923077
0 0.5096153846153846 0.019230769230769232 0.08653846153846154 0.038461538461538464
0 0.6875 0.08774038461538461 0.09134615384615384 0.09134615384615384
0 0.8112980769230769 0.33052884615384615 0.10336538461538461 0.10576923076923077
0 0.4326923076923077 0.26802884615384615 0.07932692307692307 0.08173076923076923
0 0.39903846153846156 0.3557692307692308 0.06971153846153846 0.06971153846153846
0 0.2283653846153846 0.49278846153846156 0.06971153846153846 0.06971153846153846
0 0.17427884615384615 0.5673076923076923 0.10096153846153846 0.10096153846153846
0 0.24519230769230768 0.7055288461538461 0.10096153846153846 0.10096153846153846
0 0.1935096153846154 0.7463942307692307 0.07692307692307693 0.07692307692307693
0 0.13701923076923078 0.8052884615384616 0.09134615384615384 0.09134615384615384
0 0.5805288461538461 0.875 0.10817307692307693 0.10817307692307693
0 0.6274038461538461 0.8173076923076923 0.07451923076923077 0.07451923076923077
0 0.71875 0.5360576923076923 0.07451923076923077 0.07451923076923077
0 0.9915865384615384 0.6634615384615384 0.016826923076923076 0.07211538461538461
0 0.8341346153846154 0.8028846153846154 0.08413461538461539 0.08413461538461539
0 0.6935096153846154 0.9795673076923077 0.06971153846153846 0.040865384615384616
0 0.5901442307692307 0.9711538461538461 0.08413461538461539 0.057692307692307696