0 0.16947115384615385 0.359375 0.04807692307692308 0.08052884615384616
0 0.18990384615384615 0.10096153846153846 0.025240384615384616 0.039663461538461536
0 0.3233173076923077 0.11538461538461539 0.05889423076923077 0.04447115384615385
0 0.6081730769230769 0.04567307692307692 0.03245192307692308 0.051682692307692304
0 0.5913461538461539 0.18389423076923078 0.025240384615384616 0.06370192307692307
0 0.6394230769230769 0.18509615384615385 0.03125 0.051682692307692304
0 0.7139423076923077 0.15865384615384615 0.036057692307692304 0.0673076923076923
0 0.7283653846153846 0.057692307692307696 0.037259615384615384 0.038461538461538464
0 0.7884615384615384 0.04567307692307692 0.039663461538461536 0.046875
0 0.7860576923076923 0.20552884615384615 0.038461538461538464 0.07211538461538461
0 0.7908653846153846 0.3088942307692308 0.04807692307692308 0.054086538461538464
0 0.8677884615384616 0.23076923076923078 0.03485576923076923 0.0673076923076923
0 0.9375 0.21153846153846154 0.05048076923076923 0.04927884615384615
0 0.7427884615384616 0.39783653846153844 0.03365384615384615 0.04326923076923077
0 0.44471153846153844 0.4014423076923077 0.052884615384615384 0.036057692307692304
0 0.44471153846153844 0.4387019230769231 0.05048076923076923 0.036057692307692304
0 0.41586538461538464 0.47475961538461536 0.036057692307692304 0.039663461538461536
0 0.3245192307692308 0.5048076923076923 0.057692307692307696 0.055288461538461536
0 0.2860576923076923 0.4699519230769231 0.057692307692307696 0.04567307692307692
0 0.3629807692307692 0.5757211538461539 0.051682692307692304 0.04927884615384615
0 0.4014423076923077 0.7115384615384616 0.05889423076923077 0.08052884615384616
0 0.14783653846153846 0.8293269230769231 0.07451923076923077 0.07692307692307693
0 0.45552884615384615 0.9146634615384616 0.038461538461538464 0.06850961538461539
0 0.49759615384615385 0.9206730769230769 0.025240384615384616 0.052884615384615384
0 0.5877403846153846 0.8269230769230769 0.04326923076923077 0.08774038461538461
0 0.6802884615384616 0.7247596153846154 0.042067307692307696 0.04326923076923077
0 0.7283653846153846 0.7451923076923077 0.04567307692307692 0.036057692307692304
0 0.7596153846153846 0.7728365384615384 0.057692307692307696 0.04927884615384615
0 0.7824519230769231 0.7007211538461539 0.038461538461538464 0.04927884615384615
0 0.7043269230769231 0.7932692307692307 0.04326923076923077 0.038461538461538464
0 0.6838942307692307 0.84375 0.030048076923076924 0.04807692307692308
0 0.7620192307692307 0.9182692307692307 0.04927884615384615 0.039663461538461536
0 0.8413461538461539 0.875 0.040865384615384616 0.07572115384615384
0 0.9375 0.9074519230769231 0.06610576923076923 0.052884615384615384