0 0.7103365384615384 0.23557692307692307 0.055288461538461536 0.0625
0 0.6658653846153846 0.18509615384615385 0.05048076923076923 0.057692307692307696
0 0.6514423076923077 0.07451923076923077 0.06490384615384616 0.08173076923076923
0 0.38221153846153844 0.10817307692307693 0.06490384615384616 0.07451923076923077
0 0.26322115384615385 0.1346153846153846 0.07451923076923077 0.07451923076923077
0 0.04807692307692308 0.43149038461538464 0.06490384615384616 0.07451923076923077
0 0.026442307692307692 0.5024038461538461 0.052884615384615384 0.0625
0 0.02283653846153846 0.5853365384615384 0.04567307692307692 0.06971153846153846
0 0.20432692307692307 0.6983173076923077 0.08413461538461539 0.09615384615384616
0 0.18629807692307693 0.7800480769230769 0.06009615384615385 0.06490384615384616
0 0.2800480769230769 0.8064903846153846 0.06009615384615385 0.07211538461538461
0 0.36538461538461536 0.7608173076923077 0.0625 0.06490384615384616
0 0.4050480769230769 0.8990384615384616 0.06490384615384616 0.07451923076923077
0 0.4543269230769231 0.9038461538461539 0.04326923076923077 0.055288461538461536
0 0.6117788461538461 0.78125 0.04807692307692308 0.057692307692307696
0 0.7163461538461539 0.5889423076923077 0.0673076923076923 0.0673076923076923
0 0.7716346153846154 0.4735576923076923 0.07211538461538461 0.07932692307692307
0 0.8449519230769231 0.5048076923076923 0.06490384615384616 0.07451923076923077
0 0.9134615384615384 0.4362980769230769 0.04567307692307692 0.052884615384615384
0 0.9302884615384616 0.49038461538461536 0.057692307692307696 0.07211538461538461
0 0.953125 0.5036057692307693 0.04807692307692308 0.0673076923076923
0 0.8173076923076923 0.14423076923076922 0.052884615384615384 0.06490384615384616
0 0.8701923076923077 0.22956730769230768 0.0625 0.06490384615384616
0 0.5192307692307693 0.09735576923076923 0.057692307692307696 0.06009615384615385
0 0.3112980769230769 0.3425480769230769 0.0673076923076923 0.07451923076923077
0 0.13221153846153846 0.24759615384615385 0.0673076923076923 0.0625
0 0.5745192307692307 0.9002403846153846 0.0673076923076923 0.07692307692307693
0 0.9747596153846154 0.5300480769230769 0.05048076923076923 0.06009615384615385
0 0.5048076923076923 0.9651442307692307 0.0625 0.06971153846153846
0 0.5745192307692307 0.24639423076923078 0.06490384615384616 0.08413461538461539
0 0.4855769230769231 0.29086538461538464 0.0889423076923077 0.09375
0 0.028846153846153848 0.6454326923076923 0.057692307692307696 0.0985576923076923
0 0.4807692307692308 0.8329326923076923 0.07211538461538461 0.07932692307692307
0 0.34134615384615385 0.8713942307692307 0.07211538461538461 0.07932692307692307
0 0.4014423076923077 0.8040865384615384 0.0625 0.07932692307692307
0 0.43990384615384615 0.8209134615384616 0.052884615384615384 0.057692307692307696
0 0.8076923076923077 0.5685096153846154 0.0625 0.0673076923076923
0 0.8473557692307693 0.5709134615384616 0.0625 0.06490384615384616
0 0.4723557692307692 0.9663461538461539 0.055288461538461536 0.0673076923076923