0 0.21394230769230768 0.04447115384615385 0.04807692307692308 0.057692307692307696
0 0.16826923076923078 0.054086538461538464 0.020432692307692308 0.06009615384615385
0 0.08774038461538461 0.09735576923076923 0.036057692307692304 0.04447115384615385
0 0.14423076923076922 0.22956730769230768 0.03125 0.028846153846153848
0 0.1466346153846154 0.2668269230769231 0.03245192307692308 0.04326923076923077
0 0.042067307692307696 0.2704326923076923 0.04447115384615385 0.04807692307692308
0 0.0985576923076923 0.5889423076923077 0.03125 0.04927884615384615
0 0.057692307692307696 0.703125 0.03365384615384615 0.040865384615384616
0 0.04447115384615385 0.75 0.04447115384615385 0.028846153846153848
0 0.13822115384615385 0.7463942307692307 0.04326923076923077 0.042067307692307696
0 0.17067307692307693 0.6382211538461539 0.036057692307692304 0.0625
0 0.15384615384615385 0.546875 0.03365384615384615 0.05048076923076923
0 0.22355769230769232 0.5576923076923077 0.039663461538461536 0.03485576923076923
0 0.29086538461538464 0.5396634615384616 0.027644230769230768 0.06009615384615385
0 0.34375 0.5649038461538461 0.028846153846153848 0.052884615384615384
0 0.3701923076923077 0.6069711538461539 0.026442307692307692 0.04447115384615385
0 0.39663461538461536 0.546875 0.02403846153846154 0.06129807692307692
0 0.4230769230769231 0.5685096153846154 0.03485576923076923 0.04326923076923077
0 0.41346153846153844 0.6274038461538461 0.037259615384615384 0.057692307692307696
0 0.4519230769230769 0.671875 0.04807692307692308 0.06129807692307692
0 0.4230769230769231 0.8413461538461539 0.030048076923076924 0.05889423076923077
0 0.6802884615384616 0.26322115384615385 0.037259615384615384 0.04326923076923077
0 0.6766826923076923 0.21754807692307693 0.03245192307692308 0.051682692307692304
0 0.6466346153846154 0.24519230769230768 0.039663461538461536 0.04447115384615385
0 0.6947115384615384 0.18269230769230768 0.03245192307692308 0.04447115384615385
0 0.6021634615384616 0.06370192307692307 0.054086538461538464 0.0733173076923077
0 0.5528846153846154 0.078125 0.03365384615384615 0.06129807692307692
0 0.4951923076923077 0.10697115384615384 0.03245192307692308 0.039663461538461536
0 0.42427884615384615 0.06610576923076923 0.021634615384615384 0.06370192307692307
0 0.43990384615384615 0.05889423076923077 0.018028846153846152 0.057692307692307696
0 0.5084134615384616 0.3173076923076923 0.054086538461538464 0.05889423076923077
0 0.49278846153846156 0.38221153846153844 0.036057692307692304 0.056490384615384616
0 0.4411057692307692 0.4362980769230769 0.03125 0.039663461538461536
0 0.2956730769230769 0.44591346153846156 0.056490384615384616 0.040865384615384616
0 0.23197115384615385 0.38221153846153844 0.04326923076923077 0.04326923076923077
0 0.18028846153846154 0.41346153846153844 0.039663461538461536 0.055288461538461536
0 0.203125 0.40865384615384615 0.015625 0.057692307692307696
0 0.4423076923076923 0.27524038461538464 0.046875 0.05048076923076923
0 0.5072115384615384 0.19951923076923078 0.03485576923076923 0.054086538461538464
0 0.3473557692307692 0.19471153846153846 0.042067307692307696 0.07692307692307693
0 0.31490384615384615 0.07692307692307693 0.03365384615384615 0.06129807692307692
0 0.28846153846153844 0.0733173076923077 0.019230769230769232 0.04567307692307692
0 0.25961538461538464 0.07932692307692307 0.040865384615384616 0.04567307692307692
0 0.25600961538461536 0.125 0.036057692307692304 0.04326923076923077
0 0.4675480769230769 0.1201923076923077 0.025240384615384616 0.042067307692307696
0 0.6995192307692307 0.03485576923076923 0.051682692307692304 0.04927884615384615
0 0.7620192307692307 0.2704326923076923 0.037259615384615384 0.04927884615384615
0 0.9242788461538461 0.4423076923076923 0.036057692307692304 0.07091346153846154