0 0.5288461538461539 0.4987980769230769 0.04567307692307692 0.05048076923076923
0 0.5576923076923077 0.5504807692307693 0.04807692307692308 0.04326923076923077
0 0.6550480769230769 0.5192307692307693 0.05048076923076923 0.08413461538461539
0 0.6177884615384616 0.3870192307692308 0.057692307692307696 0.05048076923076923
0 0.5685096153846154 0.3557692307692308 0.038461538461538464 0.040865384615384616
0 0.5456730769230769 0.3942307692307692 0.052884615384615384 0.036057692307692304
0 0.3798076923076923 0.43990384615384615 0.052884615384615384 0.04807692307692308
0 0.35697115384615385 0.5516826923076923 0.04326923076923077 0.0673076923076923
0 0.32572115384615385 0.6802884615384616 0.04567307692307692 0.07932692307692307
0 0.4170673076923077 0.7007211538461539 0.052884615384615384 0.07932692307692307
0 0.4495192307692308 0.671875 0.04567307692307692 0.09615384615384616
0 0.4855769230769231 0.6538461538461539 0.052884615384615384 0.11298076923076923
0 0.2920673076923077 0.7560096153846154 0.06009615384615385 0.057692307692307696
0 0.23918269230769232 0.6802884615384616 0.052884615384615384 0.0625
0 0.25 0.5949519230769231 0.04807692307692308 0.055288461538461536
0 0.23677884615384615 0.5036057692307693 0.052884615384615384 0.07451923076923077
0 0.05889423076923077 0.6262019230769231 0.04326923076923077 0.08413461538461539
0 0.014423076923076924 0.3918269230769231 0.028846153846153848 0.0625
0 0.07211538461538461 0.2091346153846154 0.055288461538461536 0.06971153846153846
0 0.17427884615384615 0.24879807692307693 0.07211538461538461 0.05048076923076923
0 0.2932692307692308 0.21875 0.07692307692307693 0.0625
0 0.22355769230769232 0.15625 0.055288461538461536 0.07932692307692307
0 0.23798076923076922 0.06971153846153846 0.028846153846153848 0.055288461538461536
0 0.2127403846153846 0.036057692307692304 0.055288461538461536 0.038461538461538464
0 0.14302884615384615 0.03485576923076923 0.055288461538461536 0.036057692307692304
0 0.12620192307692307 0.45072115384615385 0.06490384615384616 0.06009615384615385
0 0.3161057692307692 0.421875 0.04567307692307692 0.0625
0 0.0673076923076923 0.8725961538461539 0.055288461538461536 0.06971153846153846
0 0.02403846153846154 0.8497596153846154 0.014423076923076924 0.06009615384615385
0 0.14543269230769232 0.9615384615384616 0.06490384615384616 0.07692307692307693
0 0.42427884615384615 0.9639423076923077 0.07932692307692307 0.07211538461538461
0 0.49759615384615385 0.9543269230769231 0.057692307692307696 0.0625
0 0.5300480769230769 0.7980769230769231 0.06971153846153846 0.0673076923076923
0 0.9026442307692307 0.1622596153846154 0.036057692307692304 0.06971153846153846
0 0.8004807692307693 0.13701923076923078 0.07211538461538461 0.06971153846153846
0 0.7295673076923077 0.27403846153846156 0.057692307692307696 0.052884615384615384
0 0.6418269230769231 0.17067307692307693 0.06971153846153846 0.04567307692307692
0 0.4951923076923077 0.20793269230769232 0.06009615384615385 0.04807692307692308
0 0.5372596153846154 0.16947115384615385 0.05048076923076923 0.055288461538461536
0 0.44350961538461536 0.2800480769230769 0.038461538461538464 0.04326923076923077
0 0.4651442307692308 0.04567307692307692 0.038461538461538464 0.04807692307692308
0 0.5180288461538461 0.056490384615384616 0.038461538461538464 0.06009615384615385
0 0.4375 0.3233173076923077 0.04326923076923077 0.04567307692307692
0 0.7776442307692307 0.7331730769230769 0.0673076923076923 0.06490384615384616
0 0.9302884615384616 0.5769230769230769 0.05048076923076923 0.06971153846153846
0 0.8449519230769231 0.5120192307692307 0.055288461538461536 0.07211538461538461
0 0.9567307692307693 0.5192307692307693 0.07692307692307693 0.08173076923076923
0 0.8137019230769231 0.30649038461538464 0.04326923076923077 0.06009615384615385
0 0.6694711538461539 0.8052884615384616 0.04326923076923077 0.04807692307692308
0 0.7584134615384616 0.9314903846153846 0.07211538461538461 0.07211538461538461
0 0.6850961538461539 0.9663461538461539 0.07211538461538461 0.05048076923076923
0 0.8581730769230769 0.24759615384615385 0.04326923076923077 0.06490384615384616
0 0.9206730769230769 0.2608173076923077 0.04326923076923077 0.052884615384615384
0 0.7536057692307693 0.5132211538461539 0.06490384615384616 0.10817307692307693
0 0.6899038461538461 0.43028846153846156 0.04567307692307692 0.09615384615384616
0 0.6370192307692307 0.5841346153846154 0.052884615384615384 0.08653846153846154
0 0.17908653846153846 0.47475961538461536 0.026442307692307692 0.06971153846153846
0 0.15985576923076922 0.45913461538461536 0.028846153846153848 0.04567307692307692