0 0.03125 0.44471153846153844 0.0625 0.07211538461538461
0 0.17067307692307693 0.46634615384615385 0.09375 0.0889423076923077
0 0.13942307692307693 0.5997596153846154 0.06009615384615385 0.055288461538461536
0 0.052884615384615384 0.6694711538461539 0.08413461538461539 0.09615384615384616
0 0.3485576923076923 0.6045673076923077 0.07451923076923077 0.0625
0 0.4254807692307692 0.5516826923076923 0.05048076923076923 0.06490384615384616
0 0.4375 0.3629807692307692 0.07211538461538461 0.07932692307692307
0 0.5168269230769231 0.19591346153846154 0.0985576923076923 0.11298076923076923
0 0.6346153846153846 0.08774038461538461 0.0889423076923077 0.09134615384615384
0 0.4675480769230769 0.010817307692307692 0.09375 0.021634615384615384
0 0.17668269230769232 0.3125 0.10096153846153846 0.0889423076923077
0 0.5492788461538461 0.4651442307692308 0.06009615384615385 0.05048076923076923
0 0.16105769230769232 0.7463942307692307 0.11778846153846154 0.10576923076923077
0 0.265625 0.7512019230769231 0.08413461538461539 0.08653846153846154
0 0.30528846153846156 0.6923076923076923 0.0673076923076923 0.06490384615384616
0 0.4326923076923077 0.6466346153846154 0.0673076923076923 0.0625
0 0.35697115384615385 0.6574519230769231 0.08413461538461539 0.07692307692307693
0 0.8016826923076923 0.5396634615384616 0.0625 0.06971153846153846
0 0.8689903846153846 0.5132211538461539 0.06009615384615385 0.06009615384615385
0 0.8521634615384616 0.8377403846153846 0.09615384615384616 0.09134615384615384
0 0.9146634615384616 0.7439903846153846 0.06009615384615385 0.07211538461538461
0 0.3329326923076923 0.9795673076923077 0.06971153846153846 0.040865384615384616
0 0.09375 0.15865384615384615 0.04807692307692308 0.036057692307692304
0 0.22355769230769232 0.5384615384615384 0.0673076923076923 0.06971153846153846
0 0.5192307692307693 0.7824519230769231 0.0673076923076923 0.0673076923076923
0 0.5204326923076923 0.37259615384615385 0.06009615384615385 0.06971153846153846