0 0.6358173076923077 0.6322115384615384 0.09375 0.109375
0 0.47716346153846156 0.6706730769230769 0.07692307692307693 0.09735576923076923
0 0.3473557692307692 0.4855769230769231 0.07932692307692307 0.109375
0 0.27524038461538464 0.5612980769230769 0.056490384615384616 0.06009615384615385
0 0.41466346153846156 0.9314903846153846 0.10096153846153846 0.07932692307692307
0 0.5625 0.9507211538461539 0.07451923076923077 0.07451923076923077
0 0.7019230769230769 0.8653846153846154 0.07572115384615384 0.09975961538461539
0 0.15625 0.6887019230769231 0.07692307692307693 0.09014423076923077
0 0.359375 0.6598557692307693 0.07692307692307693 0.07211538461538461
0 0.7295673076923077 0.1658653846153846 0.06850961538461539 0.09495192307692307
0 0.47836538461538464 0.46634615384615385 0.04807692307692308 0.07932692307692307
0 0.46033653846153844 0.8233173076923077 0.052884615384615384 0.125
0 0.7884615384615384 0.8737980769230769 0.07211538461538461 0.09134615384615384
0 0.8954326923076923 0.9182692307692307 0.05048076923076923 0.10576923076923077
0 0.9507211538461539 0.7692307692307693 0.054086538461538464 0.08533653846153846
0 0.30408653846153844 0.875 0.06971153846153846 0.057692307692307696
0 0.24879807692307693 0.8641826923076923 0.042067307692307696 0.09975961538461539
0 0.07211538461538461 0.5913461538461539 0.056490384615384616 0.10336538461538461