0 0.4254807692307692 0.06370192307692307 0.046875 0.05048076923076923
0 0.34134615384615385 0.046875 0.03365384615384615 0.055288461538461536
0 0.3629807692307692 0.12740384615384615 0.028846153846153848 0.03485576923076923
0 0.32211538461538464 0.14182692307692307 0.04807692307692308 0.03125
0 0.3641826923076923 0.25240384615384615 0.03125 0.052884615384615384
0 0.421875 0.2776442307692308 0.052884615384615384 0.03485576923076923
0 0.5132211538461539 0.30288461538461536 0.04326923076923077 0.057692307692307696
0 0.5408653846153846 0.23197115384615385 0.04807692307692308 0.056490384615384616
0 0.49278846153846156 0.15745192307692307 0.039663461538461536 0.06610576923076923
0 0.5300480769230769 0.12980769230769232 0.040865384615384616 0.07211538461538461
0 0.515625 0.052884615384615384 0.04447115384615385 0.04927884615384615
0 0.6382211538461539 0.09975961538461539 0.02283653846153846 0.05048076923076923
0 0.6634615384615384 0.12379807692307693 0.026442307692307692 0.05889423076923077
0 0.671875 0.036057692307692304 0.037259615384615384 0.051682692307692304
0 0.8040865384615384 0.08533653846153846 0.04807692307692308 0.052884615384615384
0 0.8028846153846154 0.030048076923076924 0.03245192307692308 0.042067307692307696
0 0.7944711538461539 0.22235576923076922 0.057692307692307696 0.052884615384615384
0 0.9399038461538461 0.2860576923076923 0.03365384615384615 0.042067307692307696
0 0.8413461538461539 0.35336538461538464 0.04567307692307692 0.046875
0 0.8245192307692307 0.4831730769230769 0.04807692307692308 0.056490384615384616
0 0.7632211538461539 0.48677884615384615 0.037259615384615384 0.054086538461538464
0 0.6490384615384616 0.3317307692307692 0.054086538461538464 0.056490384615384616
0 0.6730769230769231 0.3112980769230769 0.03365384615384615 0.04326923076923077
0 0.6550480769230769 0.3713942307692308 0.028846153846153848 0.05889423076923077
0 0.5901442307692307 0.4014423076923077 0.05048076923076923 0.06490384615384616
0 0.5276442307692307 0.5552884615384616 0.05048076923076923 0.042067307692307696
0 0.6514423076923077 0.6081730769230769 0.06009615384615385 0.057692307692307696
0 0.5324519230769231 0.7223557692307693 0.054086538461538464 0.052884615384615384
0 0.42788461538461536 0.65625 0.06490384615384616 0.057692307692307696
0 0.3485576923076923 0.5745192307692307 0.04326923076923077 0.06490384615384616
0 0.2608173076923077 0.47716346153846156 0.04807692307692308 0.055288461538461536
0 0.28725961538461536 0.5084134615384616 0.04807692307692308 0.04927884615384615
0 0.7139423076923077 0.875 0.054086538461538464 0.10336538461538461
0 0.5769230769230769 0.9399038461538461 0.07091346153846154 0.109375
0 0.8353365384615384 0.8461538461538461 0.0625 0.0673076923076923
0 0.9050480769230769 0.8473557692307693 0.046875 0.078125
0 0.9158653846153846 0.7596153846153846 0.04326923076923077 0.042067307692307696
0 0.109375 0.6911057692307693 0.052884615384615384 0.07932692307692307
0 0.10216346153846154 0.5024038461538461 0.042067307692307696 0.07211538461538461
0 0.10697115384615384 0.13822115384615385 0.030048076923076924 0.036057692307692304
0 0.10817307692307693 0.23197115384615385 0.03365384615384615 0.038461538461538464
0 0.22716346153846154 0.5492788461538461 0.04326923076923077 0.07211538461538461