0 0.27884615384615385 0.11298076923076923 0.018028846153846152 0.04326923076923077
0 0.2512019230769231 0.12139423076923077 0.020432692307692308 0.039663461538461536
0 0.23197115384615385 0.109375 0.02403846153846154 0.052884615384615384
0 0.16346153846153846 0.12379807692307693 0.02403846153846154 0.038461538461538464
0 0.14423076923076922 0.12620192307692307 0.028846153846153848 0.028846153846153848
0 0.14182692307692307 0.17548076923076922 0.020432692307692308 0.027644230769230768
0 0.10697115384615384 0.19230769230769232 0.03245192307692308 0.052884615384615384
0 0.11778846153846154 0.22956730769230768 0.03365384615384615 0.03485576923076923
0 0.06009615384615385 0.2548076923076923 0.038461538461538464 0.039663461538461536
0 0.1622596153846154 0.22956730769230768 0.038461538461538464 0.03245192307692308
0 0.16706730769230768 0.40024038461538464 0.037259615384615384 0.12259615384615384
0 0.18269230769230768 0.3401442307692308 0.04567307692307692 0.038461538461538464
0 0.25240384615384615 0.32572115384615385 0.037259615384615384 0.04927884615384615
0 0.23918269230769232 0.41466346153846156 0.037259615384615384 0.04447115384615385
0 0.30649038461538464 0.2620192307692308 0.025240384615384616 0.04326923076923077
0 0.27403846153846156 0.20072115384615385 0.014423076923076924 0.05048076923076923
0 0.30649038461538464 0.1658653846153846 0.03125 0.04567307692307692
0 0.3137019230769231 0.12860576923076922 0.03245192307692308 0.04807692307692308
0 0.34375 0.15625 0.028846153846153848 0.03125
0 0.3629807692307692 0.19951923076923078 0.026442307692307692 0.052884615384615384
0 0.3798076923076923 0.28125 0.028846153846153848 0.051682692307692304
0 0.44350961538461536 0.16947115384615385 0.027644230769230768 0.039663461538461536
0 0.44711538461538464 0.21754807692307693 0.03485576923076923 0.020432692307692308
0 0.46274038461538464 0.3557692307692308 0.030048076923076924 0.038461538461538464
0 0.4567307692307692 0.40865384615384615 0.036057692307692304 0.03125
0 0.421875 0.5348557692307693 0.03365384615384615 0.037259615384615384
0 0.41947115384615385 0.6430288461538461 0.04807692307692308 0.051682692307692304
0 0.3473557692307692 0.6358173076923077 0.039663461538461536 0.07211538461538461
0 0.078125 0.8257211538461539 0.04326923076923077 0.06009615384615385
0 0.08653846153846154 0.9567307692307693 0.04326923076923077 0.06490384615384616
0 0.3737980769230769 0.8533653846153846 0.046875 0.04807692307692308
0 0.29086538461538464 0.9783653846153846 0.04326923076923077 0.03485576923076923
0 0.48197115384615385 0.7127403846153846 0.040865384615384616 0.051682692307692304
0 0.5252403846153846 0.8365384615384616 0.028846153846153848 0.09014423076923077
0 0.5841346153846154 0.6610576923076923 0.03125 0.05889423076923077
0 0.5444711538461539 0.5324519230769231 0.04326923076923077 0.036057692307692304
0 0.5564903846153846 0.4891826923076923 0.04326923076923077 0.03365384615384615
0 0.5516826923076923 0.296875 0.03245192307692308 0.0625
0 0.5288461538461539 0.24639423076923078 0.036057692307692304 0.052884615384615384
0 0.5216346153846154 0.28966346153846156 0.028846153846153848 0.04326923076923077
0 0.5192307692307693 0.17307692307692307 0.028846153846153848 0.037259615384615384
0 0.5216346153846154 0.20552884615384615 0.019230769230769232 0.03365384615384615
0 0.49399038461538464 0.0889423076923077 0.026442307692307692 0.04447115384615385
0 0.47596153846153844 0.04807692307692308 0.03245192307692308 0.042067307692307696
0 0.46274038461538464 0.019230769230769232 0.03245192307692308 0.025240384615384616
0 0.5336538461538461 0.015625 0.028846153846153848 0.02403846153846154
0 0.6418269230769231 0.20432692307692307 0.038461538461538464 0.054086538461538464
0 0.6658653846153846 0.21754807692307693 0.027644230769230768 0.05889423076923077
0 0.6694711538461539 0.30288461538461536 0.018028846153846152 0.04927884615384615
0 0.6862980769230769 0.3786057692307692 0.02283653846153846 0.04927884615384615
0 0.640625 0.46274038461538464 0.018028846153846152 0.04326923076923077
0 0.7019230769230769 0.5757211538461539 0.052884615384615384 0.06610576923076923
0 0.7367788461538461 0.5420673076923077 0.037259615384615384 0.056490384615384616
0 0.7307692307692307 0.46153846153846156 0.036057692307692304 0.04567307692307692
0 0.7259615384615384 0.39903846153846156 0.020432692307692308 0.04326923076923077
0 0.7764423076923077 0.3557692307692308 0.025240384615384616 0.04326923076923077
0 0.7836538461538461 0.32091346153846156 0.026442307692307692 0.010817307692307692
0 0.7367788461538461 0.28125 0.030048076923076924 0.037259615384615384
0 0.8269230769230769 0.2512019230769231 0.03125 0.04326923076923077
0 0.8317307692307693 0.28846153846153844 0.03365384615384615 0.028846153846153848
0 0.8425480769230769 0.42908653846153844 0.030048076923076924 0.06971153846153846
0 0.9338942307692307 0.4326923076923077 0.03245192307692308 0.054086538461538464
0 0.8545673076923077 0.578125 0.042067307692307696 0.025240384615384616
0 0.8713942307692307 0.6177884615384616 0.046875 0.025240384615384616
0 0.8725961538461539 0.6382211538461539 0.055288461538461536 0.026442307692307692
0 0.8978365384615384 0.6923076923076923 0.036057692307692304 0.03485576923076923