0 0.41225961538461536 0.6454326923076923 0.0673076923076923 0.08413461538461539
0 0.5504807692307693 0.6045673076923077 0.08774038461538461 0.07932692307692307
0 0.5024038461538461 0.21394230769230768 0.037259615384615384 0.04927884615384615
0 0.6069711538461539 0.34375 0.07932692307692307 0.07451923076923077
0 0.5769230769230769 0.5012019230769231 0.057692307692307696 0.078125
0 0.6730769230769231 0.5408653846153846 0.10336538461538461 0.09134615384615384
0 0.7055288461538461 0.6802884615384616 0.07091346153846154 0.055288461538461536
0 0.8161057692307693 0.8040865384615384 0.06490384615384616 0.039663461538461536
0 0.6574519230769231 0.8413461538461539 0.08774038461538461 0.06009615384615385
0 0.3389423076923077 0.234375 0.07932692307692307 0.08173076923076923
0 0.44350961538461536 0.13581730769230768 0.054086538461538464 0.0625
0 0.36538461538461536 0.47475961538461536 0.078125 0.06009615384615385
0 0.6141826923076923 0.6802884615384616 0.06009615384615385 0.07211538461538461
0 0.6045673076923077 0.17307692307692307 0.07572115384615384 0.09615384615384616
0 0.5949519230769231 0.021634615384615384 0.07211538461538461 0.039663461538461536
0 0.9038461538461539 0.030048076923076924 0.04447115384615385 0.057692307692307696
0 0.9591346153846154 0.29447115384615385 0.07211538461538461 0.07451923076923077
0 0.9038461538461539 0.8413461538461539 0.07091346153846154 0.0829326923076923
0 0.7463942307692307 0.7367788461538461 0.03365384615384615 0.06490384615384616
0 0.6201923076923077 0.7475961538461539 0.05048076923076923 0.06129807692307692