0 0.02283653846153846 0.25841346153846156 0.040865384615384616 0.07451923076923077
0 0.08653846153846154 0.453125 0.04807692307692308 0.07451923076923077
0 0.10576923076923077 0.5348557692307693 0.040865384615384616 0.0673076923076923
0 0.13822115384615385 0.7151442307692307 0.03365384615384615 0.08413461538461539
0 0.10817307692307693 0.7175480769230769 0.03125 0.0985576923076923
0 0.004807692307692308 0.9362980769230769 0.009615384615384616 0.07932692307692307
0 0.22716346153846154 0.8004807692307693 0.055288461538461536 0.055288461538461536
0 0.24158653846153846 0.9639423076923077 0.03365384615384615 0.0625
0 0.32211538461538464 0.7620192307692307 0.04567307692307692 0.07932692307692307
0 0.39783653846153844 0.7824519230769231 0.055288461538461536 0.06971153846153846
0 0.4387019230769231 0.7319711538461539 0.036057692307692304 0.07211538461538461
0 0.3870192307692308 0.6033653846153846 0.057692307692307696 0.08653846153846154
0 0.32211538461538464 0.46875 0.0625 0.057692307692307696
0 0.5108173076923077 0.39783653846153844 0.038461538461538464 0.08173076923076923
0 0.4651442307692308 0.5528846153846154 0.040865384615384616 0.10336538461538461
0 0.39663461538461536 0.14543269230769232 0.0673076923076923 0.07211538461538461
0 0.4182692307692308 0.07692307692307693 0.04807692307692308 0.07451923076923077
0 0.2704326923076923 0.10216346153846154 0.04326923076923077 0.06490384615384616
0 0.19951923076923078 0.19591346153846154 0.036057692307692304 0.07932692307692307
0 0.16947115384615385 0.12379807692307693 0.04326923076923077 0.0889423076923077
0 0.4675480769230769 0.22235576923076922 0.036057692307692304 0.0625
0 0.5360576923076923 0.1658653846153846 0.026442307692307692 0.057692307692307696
0 0.8209134615384616 0.03125 0.040865384615384616 0.05048076923076923
0 0.5949519230769231 0.7151442307692307 0.057692307692307696 0.09375
0 0.5516826923076923 0.9675480769230769 0.055288461538461536 0.06490384615384616
0 0.7800480769230769 0.7872596153846154 0.05048076923076923 0.0889423076923077
0 0.9903846153846154 0.75 0.01201923076923077 0.0889423076923077
0 0.5877403846153846 0.5685096153846154 0.0625 0.10336538461538461
0 0.7908653846153846 0.3605769230769231 0.04326923076923077 0.1201923076923077