0 0.34975961538461536 0.38461538461538464 0.05048076923076923 0.08653846153846154
0 0.4326923076923077 0.27283653846153844 0.054086538461538464 0.04927884615384615
0 0.6153846153846154 0.27524038461538464 0.040865384615384616 0.05889423076923077
0 0.6754807692307693 0.24639423076923078 0.026442307692307692 0.08052884615384616
0 0.6478365384615384 0.39903846153846156 0.05048076923076923 0.05889423076923077
0 0.6850961538461539 0.5841346153846154 0.027644230769230768 0.052884615384615384
0 0.7319711538461539 0.640625 0.030048076923076924 0.05889423076923077
0 0.3076923076923077 0.7223557692307693 0.03365384615384615 0.05048076923076923
0 0.2824519230769231 0.4699519230769231 0.042067307692307696 0.04567307692307692
0 0.31009615384615385 0.23076923076923078 0.06129807692307692 0.06490384615384616
0 0.18870192307692307 0.375 0.05048076923076923 0.03485576923076923
0 0.1466346153846154 0.09254807692307693 0.05889423076923077 0.0733173076923077
0 0.21634615384615385 0.14903846153846154 0.05048076923076923 0.036057692307692304
0 0.20072115384615385 0.21754807692307693 0.038461538461538464 0.030048076923076924
0 0.23798076923076922 0.2439903846153846 0.025240384615384616 0.040865384615384616
0 0.3641826923076923 0.5769230769230769 0.039663461538461536 0.06971153846153846
0 0.36778846153846156 0.7103365384615384 0.042067307692307696 0.05048076923076923
0 0.359375 0.16826923076923078 0.037259615384615384 0.06370192307692307
0 0.37740384615384615 0.23197115384615385 0.02403846153846154 0.036057692307692304
0 0.609375 0.5072115384615384 0.046875 0.04326923076923077
0 0.1971153846153846 0.4362980769230769 0.04447115384615385 0.039663461538461536
0 0.5528846153846154 0.8677884615384616 0.038461538461538464 0.052884615384615384
0 0.41466346153846156 0.9423076923076923 0.036057692307692304 0.046875
0 0.04927884615384615 0.4543269230769231 0.040865384615384616 0.06009615384615385
0 0.44711538461538464 0.4831730769230769 0.04807692307692308 0.055288461538461536
0 0.6983173076923077 0.7560096153846154 0.055288461538461536 0.07692307692307693
0 0.27163461538461536 0.9651442307692307 0.04447115384615385 0.054086538461538464
0 0.12740384615384615 0.7860576923076923 0.04927884615384615 0.08173076923076923
0 0.5 0.4014423076923077 0.04326923076923077 0.07572115384615384
0 0.5612980769230769 0.49038461538461536 0.03485576923076923 0.054086538461538464
0 0.47115384615384615 0.9026442307692307 0.038461538461538464 0.040865384615384616
0 0.3088942307692308 0.9278846153846154 0.036057692307692304 0.054086538461538464
0 0.8052884615384616 0.6754807692307693 0.036057692307692304 0.05889423076923077
0 0.7848557692307693 0.7055288461538461 0.04326923076923077 0.0625
0 0.8004807692307693 0.41225961538461536 0.046875 0.06610576923076923
0 0.9194711538461539 0.5372596153846154 0.039663461538461536 0.054086538461538464
0 0.038461538461538464 0.8774038461538461 0.039663461538461536 0.06850961538461539
0 0.025240384615384616 0.4014423076923077 0.042067307692307696 0.03125
0 0.1502403846153846 0.4254807692307692 0.030048076923076924 0.051682692307692304
0 0.140625 0.5036057692307693 0.042067307692307696 0.05048076923076923
0 0.10576923076923077 0.6045673076923077 0.02283653846153846 0.056490384615384616
0 0.125 0.5637019230769231 0.03365384615384615 0.05889423076923077
0 0.1875 0.31850961538461536 0.036057692307692304 0.055288461538461536
0 0.3125 0.43509615384615385 0.036057692307692304 0.06009615384615385
0 0.44471153846153844 0.1658653846153846 0.025240384615384616 0.0625