0 0.3918269230769231 0.359375 0.025240384615384616 0.03245192307692308
0 0.3701923076923077 0.3245192307692308 0.03125 0.010817307692307692
0 0.36177884615384615 0.38100961538461536 0.019230769230769232 0.04567307692307692
0 0.3713942307692308 0.4831730769230769 0.039663461538461536 0.015625
0 0.30528846153846156 0.4987980769230769 0.028846153846153848 0.039663461538461536
0 0.18870192307692307 0.5889423076923077 0.021634615384615384 0.03485576923076923
0 0.14182692307692307 0.625 0.04807692307692308 0.038461538461538464
0 0.18870192307692307 0.7271634615384616 0.028846153846153848 0.036057692307692304
0 0.24278846153846154 0.6646634615384616 0.016826923076923076 0.055288461538461536
0 0.28725961538461536 0.703125 0.03365384615384615 0.02283653846153846
0 0.3245192307692308 0.6550480769230769 0.03125 0.03125
0 0.3942307692307692 0.6225961538461539 0.021634615384615384 0.054086538461538464
0 0.4387019230769231 0.71875 0.02283653846153846 0.04326923076923077
0 0.5637019230769231 0.46634615384615385 0.02403846153846154 0.04807692307692308
0 0.5709134615384616 0.59375 0.02283653846153846 0.05889423076923077
0 0.5516826923076923 0.7163461538461539 0.02403846153846154 0.028846153846153848
0 0.5144230769230769 0.7740384615384616 0.02403846153846154 0.020432692307692308
0 0.5204326923076923 0.8197115384615384 0.02403846153846154 0.04927884615384615
0 0.39663461538461536 0.8521634615384616 0.040865384615384616 0.030048076923076924
0 0.21995192307692307 0.2548076923076923 0.015625 0.04447115384615385
0 0.24519230769230768 0.5552884615384616 0.028846153846153848 0.036057692307692304
0 0.22716346153846154 0.6081730769230769 0.019230769230769232 0.02403846153846154
0 0.5600961538461539 0.8473557692307693 0.02403846153846154 0.030048076923076924
0 0.31971153846153844 0.7980769230769231 0.036057692307692304 0.05048076923076923
0 0.6574519230769231 0.09495192307692307 0.028846153846153848 0.030048076923076924
0 0.4723557692307692 0.3004807692307692 0.018028846153846152 0.037259615384615384
0 0.41947115384615385 0.3858173076923077 0.02403846153846154 0.021634615384615384
0 0.25240384615384615 0.2932692307692308 0.02403846153846154 0.037259615384615384
0 0.14182692307692307 0.1814903846153846 0.036057692307692304 0.03245192307692308
0 0.15264423076923078 0.8665865384615384 0.001201923076923077 0.054086538461538464
0 0.24519230769230768 0.8052884615384616 0.026442307692307692 0.037259615384615384
0 0.6165865384615384 0.10576923076923077 0.03125 0.039663461538461536
0 0.7151442307692307 0.5829326923076923 0.03245192307692308 0.055288461538461536
0 0.7680288461538461 0.6033653846153846 0.027644230769230768 0.057692307692307696
0 0.4519230769230769 0.45072115384615385 0.030048076923076924 0.037259615384615384
0 0.5024038461538461 0.42427884615384615 0.040865384615384616 0.04927884615384615
0 0.5384615384615384 0.4110576923076923 0.026442307692307692 0.052884615384615384
0 0.5817307692307693 0.38221153846153844 0.040865384615384616 0.06971153846153846
0 0.18629807692307693 0.4567307692307692 0.037259615384615384 0.05048076923076923
0 0.12740384615384615 0.7848557692307693 0.02283653846153846 0.036057692307692304
0 0.1310096153846154 0.8209134615384616 0.026442307692307692 0.03125
0 0.12259615384615384 0.8617788461538461 0.019230769230769232 0.039663461538461536
0 0.21514423076923078 0.8112980769230769 0.026442307692307692 0.039663461538461536
0 0.38461538461538464 0.5456730769230769 0.03125 0.042067307692307696
0 0.3125 0.5733173076923077 0.03485576923076923 0.04447115384615385
0 0.3317307692307692 0.6189903846153846 0.030048076923076924 0.03365384615384615
0 0.27403846153846156 0.5144230769230769 0.027644230769230768 0.06009615384615385
0 0.24158653846153846 0.5072115384615384 0.03365384615384615 0.042067307692307696
0 0.27403846153846156 0.45072115384615385 0.025240384615384616 0.037259615384615384
0 0.20673076923076922 0.6322115384615384 0.02283653846153846 0.04927884615384615
0 0.1935096153846154 0.2920673076923077 0.036057692307692304 0.056490384615384616
0 0.32091346153846156 0.16947115384615385 0.030048076923076924 0.04927884615384615
0 0.17548076923076922 0.19831730769230768 0.019230769230769232 0.027644230769230768
0 0.6009615384615384 0.7980769230769231 0.019230769230769232 0.03485576923076923
0 0.7355769230769231 0.8329326923076923 0.039663461538461536 0.04326923076923077
0 0.7199519230769231 0.8641826923076923 0.019230769230769232 0.04326923076923077
0 0.7007211538461539 0.8545673076923077 0.020432692307692308 0.052884615384615384
0 0.5877403846153846 0.9110576923076923 0.028846153846153848 0.055288461538461536
0 0.25961538461538464 0.6826923076923077 0.021634615384615384 0.04807692307692308
0 0.27163461538461536 0.7295673076923077 0.020432692307692308 0.027644230769230768
0 0.29086538461538464 0.7548076923076923 0.019230769230769232 0.030048076923076924
0 0.4495192307692308 0.6574519230769231 0.020432692307692308 0.036057692307692304
0 0.42908653846153844 0.4699519230769231 0.030048076923076924 0.037259615384615384