0 0.23918269230769232 0.2920673076923077 0.07211538461538461 0.08413461538461539
0 0.11177884615384616 0.4182692307692308 0.07211538461538461 0.08173076923076923
0 0.09375 0.8004807692307693 0.06490384615384616 0.07451923076923077
0 0.1310096153846154 0.859375 0.04567307692307692 0.036057692307692304
0 0.20432692307692307 0.734375 0.07211538461538461 0.08653846153846154
0 0.25240384615384615 0.6622596153846154 0.07211538461538461 0.08173076923076923
0 0.234375 0.5336538461538461 0.07451923076923077 0.07451923076923077
0 0.35216346153846156 0.5685096153846154 0.07692307692307693 0.08173076923076923
0 0.3701923076923077 0.44591346153846156 0.08413461538461539 0.10096153846153846
0 0.4891826923076923 0.25721153846153844 0.09375 0.10576923076923077
0 0.5336538461538461 0.1658653846153846 0.057692307692307696 0.06009615384615385
0 0.5552884615384616 0.13221153846153846 0.057692307692307696 0.07211538461538461
0 0.5865384615384616 0.12740384615384615 0.04807692307692308 0.057692307692307696
0 0.4699519230769231 0.1346153846153846 0.06490384615384616 0.08173076923076923
0 0.4266826923076923 0.15144230769230768 0.0673076923076923 0.07932692307692307
0 0.6899038461538461 0.15264423076923078 0.052884615384615384 0.06009615384615385
0 0.6826923076923077 0.2127403846153846 0.05048076923076923 0.055288461538461536
0 0.6826923076923077 0.26802884615384615 0.06009615384615385 0.0673076923076923
0 0.6947115384615384 0.31009615384615385 0.052884615384615384 0.0625
0 0.7620192307692307 0.3112980769230769 0.06490384615384616 0.08653846153846154
0 0.5420673076923077 0.3918269230769231 0.0625 0.06971153846153846
0 0.4651442307692308 0.5564903846153846 0.0625 0.06009615384615385
0 0.4387019230769231 0.6658653846153846 0.07451923076923077 0.08653846153846154
0 0.3798076923076923 0.7415865384615384 0.06971153846153846 0.07211538461538461
0 0.33774038461538464 0.90625 0.07692307692307693 0.0889423076923077
0 0.2704326923076923 0.9314903846153846 0.04567307692307692 0.036057692307692304
0 0.484375 0.8689903846153846 0.07692307692307693 0.07932692307692307
0 0.5348557692307693 0.7956730769230769 0.057692307692307696 0.06490384615384616
0 0.5889423076923077 0.7427884615384616 0.08413461538461539 0.0985576923076923
0 0.6802884615384616 0.5288461538461539 0.06490384615384616 0.08653846153846154
0 0.8112980769230769 0.4110576923076923 0.055288461538461536 0.057692307692307696
0 0.8954326923076923 0.40384615384615385 0.06009615384615385 0.06009615384615385
0 0.9242788461538461 0.39663461538461536 0.057692307692307696 0.0625
0 0.9771634615384616 0.3329326923076923 0.04567307692307692 0.06490384615384616
0 0.9278846153846154 0.28966346153846156 0.0625 0.06971153846153846
0 0.875 0.5973557692307693 0.0673076923076923 0.08653846153846154
0 0.8449519230769231 0.5913461538461539 0.05048076923076923 0.0625
0 0.71875 0.6382211538461539 0.05048076923076923 0.04807692307692308
0 0.7704326923076923 0.5348557692307693 0.06009615384615385 0.07692307692307693
0 0.796875 0.7920673076923077 0.055288461538461536 0.06971153846153846
0 0.6538461538461539 0.78125 0.05048076923076923 0.04326923076923077
0 0.6430288461538461 0.8449519230769231 0.06009615384615385 0.06009615384615385
0 0.6057692307692307 0.9158653846153846 0.0625 0.0625
0 0.5625 0.8569711538461539 0.057692307692307696 0.07692307692307693
0 0.5324519230769231 0.90625 0.0673076923076923 0.08413461538461539
0 0.7355769230769231 0.4987980769230769 0.07932692307692307 0.07932692307692307
0 0.6995192307692307 0.7560096153846154 0.0625 0.07932692307692307