0 0.7548076923076923 0.4855769230769231 0.03125 0.05889423076923077
0 0.59375 0.4651442307692308 0.03125 0.054086538461538464
0 0.5625 0.48677884615384615 0.039663461538461536 0.04807692307692308
0 0.5 0.30288461538461536 0.03245192307692308 0.04326923076923077
0 0.5408653846153846 0.4170673076923077 0.037259615384615384 0.05048076923076923
0 0.4951923076923077 0.4855769230769231 0.04807692307692308 0.05048076923076923
0 0.2956730769230769 0.4326923076923077 0.03365384615384615 0.06490384615384616
0 0.18509615384615385 0.14783653846153846 0.042067307692307696 0.04807692307692308
0 0.27283653846153844 0.13221153846153846 0.056490384615384616 0.046875
0 0.13942307692307693 0.0889423076923077 0.027644230769230768 0.05048076923076923
0 0.10216346153846154 0.08173076923076923 0.02403846153846154 0.04807692307692308
0 0.04807692307692308 0.14783653846153846 0.04447115384615385 0.06610576923076923
0 0.2283653846153846 0.6322115384615384 0.040865384615384616 0.04807692307692308
0 0.15985576923076922 0.5504807692307693 0.036057692307692304 0.06009615384615385
0 0.10336538461538461 0.3545673076923077 0.025240384615384616 0.051682692307692304
0 0.46274038461538464 0.21394230769230768 0.04326923076923077 0.05889423076923077
0 0.6334134615384616 0.11538461538461539 0.03245192307692308 0.05889423076923077
0 0.6514423076923077 0.2608173076923077 0.036057692307692304 0.0673076923076923
0 0.6322115384615384 0.3425480769230769 0.03125 0.07091346153846154
0 0.7463942307692307 0.3112980769230769 0.051682692307692304 0.07692307692307693
0 0.8209134615384616 0.19110576923076922 0.036057692307692304 0.06009615384615385
0 0.8665865384615384 0.06009615384615385 0.06129807692307692 0.05048076923076923
0 0.7103365384615384 0.0673076923076923 0.08052884615384616 0.030048076923076924
0 0.4326923076923077 0.07451923076923077 0.055288461538461536 0.06009615384615385
0 0.40865384615384615 0.038461538461538464 0.040865384615384616 0.03485576923076923
0 0.4074519230769231 0.25841346153846156 0.03125 0.04807692307692308
0 0.20793269230769232 0.2764423076923077 0.036057692307692304 0.054086538461538464
0 0.328125 0.6153846153846154 0.046875 0.046875
0 0.25961538461538464 0.7608173076923077 0.07211538461538461 0.0733173076923077
0 0.49038461538461536 0.7740384615384616 0.04447115384615385 0.0733173076923077
0 0.5745192307692307 0.7487980769230769 0.04447115384615385 0.08653846153846154
0 0.6538461538461539 0.7199519230769231 0.051682692307692304 0.07091346153846154
0 0.7848557692307693 0.6310096153846154 0.042067307692307696 0.06490384615384616
0 0.8185096153846154 0.7596153846153846 0.06009615384615385 0.06370192307692307
0 0.6802884615384616 0.8125 0.046875 0.07211538461538461
0 0.421875 0.8076923076923077 0.021634615384615384 0.0673076923076923
0 0.11778846153846154 0.8918269230769231 0.04447115384615385 0.046875
0 0.4170673076923077 0.96875 0.04927884615384615 0.04326923076923077
0 0.49759615384615385 0.9723557692307693 0.03365384615384615 0.03485576923076923
0 0.46153846153846156 0.9711538461538461 0.03245192307692308 0.036057692307692304
0 0.056490384615384616 0.8966346153846154 0.051682692307692304 0.04447115384615385
0 0.06370192307692307 0.9651442307692307 0.038461538461538464 0.04807692307692308
0 0.9314903846153846 0.1971153846153846 0.026442307692307692 0.05048076923076923
0 0.9194711538461539 0.27524038461538464 0.042067307692307696 0.06490384615384616
0 0.7848557692307693 0.421875 0.03365384615384615 0.056490384615384616
0 0.8569711538461539 0.5817307692307693 0.042067307692307696 0.0673076923076923
0 0.38221153846153844 0.3858173076923077 0.038461538461538464 0.04447115384615385
0 0.8918269230769231 0.65625 0.052884615384615384 0.03125
0 0.3485576923076923 0.4266826923076923 0.042067307692307696 0.08413461538461539
0 0.3233173076923077 0.4206730769230769 0.020432692307692308 0.078125
0 0.4651442307692308 0.44350961538461536 0.036057692307692304 0.078125
0 0.015625 0.08533653846153846 0.028846153846153848 0.06610576923076923