0 0.41346153846153844 0.45913461538461536 0.07692307692307693 0.08653846153846154
0 0.3473557692307692 0.40865384615384615 0.0673076923076923 0.06490384615384616
0 0.4495192307692308 0.3293269230769231 0.057692307692307696 0.0625
0 0.49278846153846156 0.38100961538461536 0.04326923076923077 0.04807692307692308
0 0.5216346153846154 0.3173076923076923 0.06490384615384616 0.0673076923076923
0 0.5120192307692307 0.10576923076923077 0.06009615384615385 0.0625
0 0.3701923076923077 0.02403846153846154 0.057692307692307696 0.04807692307692308
0 0.296875 0.09495192307692307 0.07451923076923077 0.07932692307692307
0 0.28966346153846156 0.2956730769230769 0.06971153846153846 0.07451923076923077
0 0.025240384615384616 0.296875 0.05048076923076923 0.07932692307692307
0 0.30408653846153844 0.9819711538461539 0.04567307692307692 0.036057692307692304
0 0.6418269230769231 0.7524038461538461 0.055288461538461536 0.06009615384615385
0 0.6947115384615384 0.6911057692307693 0.052884615384615384 0.055288461538461536
0 0.8990384615384616 0.5769230769230769 0.07211538461538461 0.08173076923076923
0 0.9627403846153846 0.6730769230769231 0.07211538461538461 0.07932692307692307
0 0.9459134615384616 0.4254807692307692 0.08653846153846154 0.09134615384615384
0 0.7560096153846154 0.3317307692307692 0.057692307692307696 0.0673076923076923
0 0.6838942307692307 0.2512019230769231 0.0889423076923077 0.09375
0 0.6550480769230769 0.33413461538461536 0.06971153846153846 0.08413461538461539
0 0.5913461538461539 0.13581730769230768 0.06490384615384616 0.06490384615384616
0 0.27884615384615385 0.16947115384615385 0.06009615384615385 0.0673076923076923
0 0.8016826923076923 0.7980769230769231 0.07211538461538461 0.07692307692307693
0 0.5516826923076923 0.7103365384615384 0.06009615384615385 0.0673076923076923
0 0.19591346153846154 0.49038461538461536 0.07692307692307693 0.08653846153846154
0 0.1658653846153846 0.3016826923076923 0.09375 0.10336538461538461
0 0.04447115384615385 0.53125 0.07692307692307693 0.07932692307692307
0 0.24278846153846154 0.9278846153846154 0.06490384615384616 0.06971153846153846
0 0.6394230769230769 0.8161057692307693 0.09134615384615384 0.10096153846153846
0 0.53125 0.8125 0.0673076923076923 0.06971153846153846
0 0.7584134615384616 0.7680288461538461 0.055288461538461536 0.057692307692307696
0 0.7235576923076923 0.7584134615384616 0.052884615384615384 0.052884615384615384
0 0.8942307692307693 0.6935096153846154 0.06971153846153846 0.07692307692307693
0 0.7463942307692307 0.038461538461538464 0.07451923076923077 0.07211538461538461
0 0.6069711538461539 0.028846153846153848 0.06971153846153846 0.057692307692307696
0 0.59375 0.054086538461538464 0.0673076923076923 0.07692307692307693
0 0.4639423076923077 0.038461538461538464 0.07692307692307693 0.07692307692307693
0 0.24519230769230768 0.09014423076923077 0.057692307692307696 0.055288461538461536
0 0.2704326923076923 0.4579326923076923 0.07211538461538461 0.08173076923076923
0 0.08413461538461539 0.27884615384615385 0.09375 0.10336538461538461
0 0.9387019230769231 0.7932692307692307 0.04807692307692308 0.040865384615384616
0 0.9711538461538461 0.6394230769230769 0.057692307692307696 0.1201923076923077
0 0.9867788461538461 0.5240384615384616 0.026442307692307692 0.07692307692307693
0 0.9915865384615384 0.4230769230769231 0.016826923076923076 0.07211538461538461
0 0.8173076923076923 0.12740384615384615 0.0625 0.07451923076923077
0 0.5733173076923077 0.4723557692307692 0.057692307692307696 0.0673076923076923
0 0.5769230769230769 0.375 0.06490384615384616 0.07211538461538461
0 0.6237980769230769 0.39663461538461536 0.06490384615384616 0.06490384615384616
0 0.5408653846153846 0.15985576923076922 0.0673076923076923 0.06971153846153846
0 0.6514423076923077 0.1466346153846154 0.07932692307692307 0.07932692307692307