0 0.9903846153846154 0.21875 0.019230769230769232 0.07692307692307693
0 0.9879807692307693 0.1875 0.02403846153846154 0.04807692307692308
0 0.9759615384615384 0.3125 0.04807692307692308 0.06009615384615385
0 0.9855769230769231 0.33052884615384615 0.028846153846153848 0.040865384615384616
0 0.9903846153846154 0.36658653846153844 0.019230769230769232 0.036057692307692304
0 0.9759615384615384 0.4951923076923077 0.04567307692307692 0.06009615384615385
0 0.9242788461538461 0.5144230769230769 0.040865384615384616 0.04807692307692308
0 0.8810096153846154 0.5336538461538461 0.05048076923076923 0.06009615384615385
0 0.8449519230769231 0.5504807692307693 0.04567307692307692 0.052884615384615384
0 0.8413461538461539 0.6382211538461539 0.04807692307692308 0.055288461538461536
0 0.7560096153846154 0.7235576923076923 0.06971153846153846 0.08653846153846154
0 0.7524038461538461 0.8185096153846154 0.057692307692307696 0.07932692307692307
0 0.7548076923076923 0.8557692307692307 0.04807692307692308 0.052884615384615384
0 0.8004807692307693 0.9074519230769231 0.055288461538461536 0.0625
0 0.8425480769230769 0.8293269230769231 0.040865384615384616 0.04567307692307692
0 0.65625 0.7211538461538461 0.04807692307692308 0.052884615384615384
0 0.6105769230769231 0.828125 0.057692307692307696 0.06009615384615385
0 0.59375 0.8677884615384616 0.052884615384615384 0.055288461538461536
0 0.5793269230769231 0.6983173076923077 0.04807692307692308 0.0673076923076923
0 0.6706730769230769 0.6129807692307693 0.06009615384615385 0.07211538461538461
0 0.7836538461538461 0.40625 0.06009615384615385 0.08173076923076923
0 0.9002403846153846 0.3125 0.08653846153846154 0.1201923076923077
0 0.7536057692307693 0.20673076923076922 0.04807692307692308 0.055288461538461536
0 0.6574519230769231 0.3713942307692308 0.055288461538461536 0.06971153846153846
0 0.5697115384615384 0.37259615384615385 0.06490384615384616 0.0673076923076923
0 0.6478365384615384 0.24278846153846154 0.057692307692307696 0.07692307692307693
0 0.6995192307692307 0.07692307692307693 0.0673076923076923 0.07692307692307693
0 0.53125 0.10697115384615384 0.04567307692307692 0.057692307692307696
0 0.5853365384615384 0.1466346153846154 0.06009615384615385 0.06490384615384616
0 0.5084134615384616 0.33052884615384615 0.04807692307692308 0.055288461538461536
0 0.4675480769230769 0.5288461538461539 0.055288461538461536 0.07692307692307693
0 0.49759615384615385 0.5721153846153846 0.052884615384615384 0.05048076923076923
0 0.46634615384615385 0.6706730769230769 0.05048076923076923 0.07451923076923077
0 0.4879807692307692 0.7127403846153846 0.06490384615384616 0.057692307692307696
0 0.44591346153846156 0.8401442307692307 0.057692307692307696 0.06971153846153846
0 0.41586538461538464 0.6802884615384616 0.052884615384615384 0.07211538461538461
0 0.41466346153846156 0.5853365384615384 0.04326923076923077 0.0625
0 0.36177884615384615 0.6598557692307693 0.04567307692307692 0.06490384615384616
0 0.2920673076923077 0.7644230769230769 0.055288461538461536 0.055288461538461536
0 0.3701923076923077 0.5673076923076923 0.05048076923076923 0.05048076923076923
0 0.4050480769230769 0.5072115384615384 0.05048076923076923 0.06009615384615385
0 0.3858173076923077 0.3269230769230769 0.05048076923076923 0.06971153846153846
0 0.35096153846153844 0.24759615384615385 0.040865384615384616 0.0625
0 0.30528846153846156 0.23197115384615385 0.05048076923076923 0.07211538461538461
0 0.3004807692307692 0.15384615384615385 0.04807692307692308 0.07932692307692307
0 0.2620192307692308 0.17307692307692307 0.06009615384615385 0.07692307692307693
0 0.24759615384615385 0.08173076923076923 0.052884615384615384 0.0673076923076923
0 0.49038461538461536 0.018028846153846152 0.057692307692307696 0.036057692307692304
0 0.055288461538461536 0.49759615384615385 0.06490384615384616 0.06971153846153846
0 0.03485576923076923 0.5300480769230769 0.0673076923076923 0.0625
0 0.1778846153846154 0.49158653846153844 0.0673076923076923 0.08413461538461539
0 0.19110576923076922 0.5985576923076923 0.057692307692307696 0.06009615384615385
0 0.2644230769230769 0.5240384615384616 0.04326923076923077 0.07692307692307693
0 0.01201923076923077 0.6790865384615384 0.02403846153846154 0.06971153846153846
0 0.17067307692307693 0.13701923076923078 0.057692307692307696 0.07692307692307693