0 0.4362980769230769 0.21153846153846154 0.078125 0.025240384615384616
0 0.27163461538461536 0.14543269230769232 0.078125 0.03245192307692308
0 0.34615384615384615 0.078125 0.07932692307692307 0.051682692307692304
0 0.3762019230769231 0.22596153846153846 0.040865384615384616 0.056490384615384616
0 0.2932692307692308 0.49278846153846156 0.05889423076923077 0.055288461538461536
0 0.5348557692307693 0.49038461538461536 0.08173076923076923 0.054086538461538464
0 0.21875 0.625 0.07091346153846154 0.04807692307692308
0 0.13942307692307693 0.6778846153846154 0.057692307692307696 0.055288461538461536
0 0.23798076923076922 0.8389423076923077 0.06610576923076923 0.018028846153846152
0 0.33774038461538464 0.7716346153846154 0.052884615384615384 0.028846153846153848
0 0.40625 0.9026442307692307 0.055288461538461536 0.051682692307692304
0 0.7211538461538461 0.7367788461538461 0.0829326923076923 0.0625
0 0.19591346153846154 0.4050480769230769 0.06009615384615385 0.042067307692307696
0 0.036057692307692304 0.6057692307692307 0.06971153846153846 0.1466346153846154
0 0.02403846153846154 0.4387019230769231 0.046875 0.09615384615384616
0 0.021634615384615384 0.8161057692307693 0.04326923076923077 0.057692307692307696
0 0.039663461538461536 0.8870192307692307 0.055288461538461536 0.07572115384615384
0 0.9098557692307693 0.8413461538461539 0.109375 0.11298076923076923
0 0.9711538461538461 0.4050480769230769 0.055288461538461536 0.055288461538461536
0 0.40625 0.7007211538461539 0.046875 0.06490384615384616
0 0.5721153846153846 0.5492788461538461 0.056490384615384616 0.0829326923076923
0 0.2704326923076923 0.9266826923076923 0.12620192307692307 0.13942307692307693