0 0.40024038461538464 0.35216346153846156 0.11778846153846154 0.11298076923076923
0 0.12740384615384615 0.35216346153846156 0.06971153846153846 0.07932692307692307
0 0.08413461538461539 0.22355769230769232 0.10096153846153846 0.1201923076923077
0 0.03485576923076923 0.5444711538461539 0.06971153846153846 0.10336538461538461
0 0.17668269230769232 0.7007211538461539 0.09615384615384616 0.09134615384615384
0 0.34134615384615385 0.7584134615384616 0.09615384615384616 0.11778846153846154
0 0.5817307692307693 0.6586538461538461 0.12259615384615384 0.12980769230769232
0 0.49759615384615385 0.7163461538461539 0.0673076923076923 0.0889423076923077
0 0.5949519230769231 0.8774038461538461 0.08173076923076923 0.10817307692307693
0 0.6935096153846154 0.9278846153846154 0.0673076923076923 0.07451923076923077
0 0.5997596153846154 0.9579326923076923 0.09375 0.08413461538461539
0 0.7608173076923077 0.7716346153846154 0.07451923076923077 0.07932692307692307
0 0.6682692307692307 0.6959134615384616 0.08173076923076923 0.10096153846153846
0 0.5420673076923077 0.75 0.11057692307692307 0.10336538461538461
0 0.7103365384615384 0.5625 0.08173076923076923 0.09134615384615384
0 0.6670673076923077 0.6033653846153846 0.09615384615384616 0.0889423076923077
0 0.7692307692307693 0.6802884615384616 0.0673076923076923 0.07451923076923077
0 0.8533653846153846 0.8004807692307693 0.09375 0.0985576923076923
0 0.765625 0.90625 0.08413461538461539 0.0673076923076923
0 0.9927884615384616 0.7740384615384616 0.014423076923076924 0.08173076923076923
0 0.9771634615384616 0.6706730769230769 0.04567307692307692 0.1201923076923077
0 0.9747596153846154 0.5012019230769231 0.05048076923076923 0.12259615384615384
0 0.875 0.40384615384615385 0.07692307692307693 0.10096153846153846
0 0.8401442307692307 0.5108173076923077 0.10576923076923077 0.11298076923076923
0 0.7271634615384616 0.41466346153846156 0.0889423076923077 0.0985576923076923
0 0.6213942307692307 0.49759615384615385 0.07211538461538461 0.0889423076923077
0 0.5769230769230769 0.47596153846153844 0.0889423076923077 0.07932692307692307
0 0.5745192307692307 0.4230769230769231 0.07932692307692307 0.07451923076923077
0 0.46274038461538464 0.43990384615384615 0.10817307692307693 0.1201923076923077
0 0.38221153846153844 0.15625 0.09134615384615384 0.125
0 0.3269230769230769 0.17668269230769232 0.11778846153846154 0.13942307692307693
0 0.46634615384615385 0.030048076923076924 0.10096153846153846 0.06009615384615385
0 0.5925480769230769 0.07211538461538461 0.13942307692307693 0.11778846153846154
0 0.6706730769230769 0.09495192307692307 0.10576923076923077 0.09375
0 0.6862980769230769 0.15384615384615385 0.07692307692307693 0.08413461538461539
0 0.7524038461538461 0.13701923076923078 0.09375 0.09375
0 0.8449519230769231 0.125 0.08413461538461539 0.07932692307692307
0 0.7944711538461539 0.17668269230769232 0.07451923076923077 0.06971153846153846
0 0.8317307692307693 0.21153846153846154 0.0889423076923077 0.07451923076923077
0 0.8882211538461539 0.22235576923076922 0.07932692307692307 0.07211538461538461
0 0.7608173076923077 0.29927884615384615 0.11298076923076923 0.11538461538461539
0 0.3076923076923077 0.9146634615384616 0.11298076923076923 0.12740384615384615
0 0.23076923076923078 0.9194711538461539 0.08413461538461539 0.0985576923076923
0 0.21153846153846154 0.9675480769230769 0.10096153846153846 0.06490384615384616
0 0.7319711538461539 0.6586538461538461 0.07451923076923077 0.07211538461538461