0 0.46033653846153844 0.44350961538461536 0.08653846153846154 0.08653846153846154
0 0.5132211538461539 0.3701923076923077 0.08173076923076923 0.08413461538461539
0 0.35096153846153844 0.43990384615384615 0.055288461538461536 0.0625
0 0.19591346153846154 0.36899038461538464 0.04326923076923077 0.04567307692307692
0 0.17307692307692307 0.28125 0.07451923076923077 0.07451923076923077
0 0.09014423076923077 0.3269230769230769 0.06971153846153846 0.07211538461538461
0 0.0673076923076923 0.5204326923076923 0.057692307692307696 0.06009615384615385
0 0.12740384615384615 0.6502403846153846 0.08413461538461539 0.0889423076923077
0 0.171875 0.7163461538461539 0.06009615384615385 0.06490384615384616
0 0.3954326923076923 0.7620192307692307 0.052884615384615384 0.055288461538461536
0 0.48197115384615385 0.6706730769230769 0.06490384615384616 0.0625
0 0.4375 0.5697115384615384 0.06009615384615385 0.0673076923076923
0 0.4723557692307692 0.5625 0.05048076923076923 0.0625
0 0.5060096153846154 0.5757211538461539 0.05048076923076923 0.055288461538461536
0 0.6081730769230769 0.46153846153846156 0.06490384615384616 0.0625
0 0.5600961538461539 0.14302884615384615 0.09134615384615384 0.10096153846153846
0 0.44471153846153844 0.125 0.05048076923076923 0.052884615384615384
0 0.49158653846153844 0.3076923076923077 0.07692307692307693 0.08173076923076923
0 0.7127403846153846 0.36899038461538464 0.06490384615384616 0.0625
0 0.7295673076923077 0.4110576923076923 0.057692307692307696 0.055288461538461536
0 0.6778846153846154 0.39663461538461536 0.057692307692307696 0.057692307692307696
0 0.7067307692307693 0.5132211538461539 0.08173076923076923 0.07932692307692307
0 0.6574519230769231 0.5637019230769231 0.08653846153846154 0.08653846153846154
0 0.7764423076923077 0.5576923076923077 0.06971153846153846 0.0673076923076923
0 0.8834134615384616 0.35697115384615385 0.052884615384615384 0.055288461538461536
0 0.8834134615384616 0.40024038461538464 0.036057692307692304 0.036057692307692304
0 0.8557692307692307 0.28966346153846156 0.040865384615384616 0.040865384615384616
0 0.8641826923076923 0.24879807692307693 0.04326923076923077 0.036057692307692304
0 0.7740384615384616 0.20673076923076922 0.057692307692307696 0.055288461538461536
0 0.7271634615384616 0.21754807692307693 0.06971153846153846 0.0673076923076923
0 0.6514423076923077 0.24519230769230768 0.06009615384615385 0.06009615384615385
0 0.6201923076923077 0.27884615384615385 0.057692307692307696 0.06009615384615385
0 0.5769230769230769 0.013221153846153846 0.052884615384615384 0.026442307692307692
0 0.375 0.04807692307692308 0.06971153846153846 0.07211538461538461
0 0.24158653846153846 0.828125 0.057692307692307696 0.055288461538461536
0 0.36177884615384615 0.9399038461538461 0.06490384615384616 0.07211538461538461
0 0.5216346153846154 0.8605769230769231 0.07451923076923077 0.07932692307692307
0 0.6947115384615384 0.7259615384615384 0.07692307692307693 0.07692307692307693
0 0.5817307692307693 0.7271634615384616 0.07451923076923077 0.08173076923076923
0 0.3485576923076923 0.5757211538461539 0.0625 0.06971153846153846
0 0.3233173076923077 0.5540865384615384 0.07211538461538461 0.07451923076923077
0 0.3161057692307692 0.48677884615384615 0.0625 0.06009615384615385
0 0.9867788461538461 0.28846153846153844 0.026442307692307692 0.057692307692307696
0 0.9783653846153846 0.39302884615384615 0.04326923076923077 0.07451923076923077
0 0.9290865384615384 0.4254807692307692 0.06009615384615385 0.06971153846153846
0 0.5913461538461539 0.8497596153846154 0.06971153846153846 0.0673076923076923
0 0.8894230769230769 0.7908653846153846 0.057692307692307696 0.06490384615384616
0 0.8125 0.8365384615384616 0.08173076923076923 0.08413461538461539
0 0.8762019230769231 0.6826923076923077 0.07932692307692307 0.08653846153846154
0 0.9134615384615384 0.5024038461538461 0.040865384615384616 0.040865384615384616
0 0.5348557692307693 0.057692307692307696 0.04807692307692308 0.04807692307692308
0 0.2536057692307692 0.1622596153846154 0.07451923076923077 0.07692307692307693
0 0.37740384615384615 0.3485576923076923 0.06971153846153846 0.07211538461538461
0 0.6081730769230769 0.5048076923076923 0.057692307692307696 0.057692307692307696
0 0.3004807692307692 0.8834134615384616 0.0625 0.06490384615384616
0 0.10336538461538461 0.7884615384615384 0.07932692307692307 0.07451923076923077
0 0.109375 0.5685096153846154 0.057692307692307696 0.06490384615384616
0 0.31850961538461536 0.2644230769230769 0.08413461538461539 0.08653846153846154
0 0.3449519230769231 0.7512019230769231 0.0889423076923077 0.09615384615384616
0 0.3473557692307692 0.3173076923076923 0.057692307692307696 0.06971153846153846
0 0.34375 0.2920673076923077 0.04567307692307692 0.055288461538461536
0 0.84375 0.6129807692307693 0.055288461538461536 0.06490384615384616
0 0.8485576923076923 0.5745192307692307 0.04567307692307692 0.05048076923076923
0 0.8966346153846154 0.5456730769230769 0.052884615384615384 0.057692307692307696