0 0.07932692307692307 0.4411057692307692 0.0625 0.0625
0 0.015625 0.31490384615384615 0.03125 0.09615384615384616
0 0.027644230769230768 0.5324519230769231 0.028846153846153848 0.04807692307692308
0 0.11298076923076923 0.5564903846153846 0.055288461538461536 0.0673076923076923
0 0.14182692307692307 0.7139423076923077 0.052884615384615384 0.0673076923076923
0 0.14543269230769232 0.7884615384615384 0.06009615384615385 0.0673076923076923
0 0.07932692307692307 0.7596153846153846 0.057692307692307696 0.06009615384615385
0 0.09735576923076923 0.8461538461538461 0.052884615384615384 0.04807692307692308
0 0.10697115384615384 0.9471153846153846 0.04807692307692308 0.07451923076923077
0 0.13221153846153846 0.9074519230769231 0.0625 0.06490384615384616
0 0.20072115384615385 0.8774038461538461 0.0625 0.06971153846153846
0 0.21394230769230768 0.8076923076923077 0.052884615384615384 0.06009615384615385
0 0.19591346153846154 0.7055288461538461 0.0625 0.07692307692307693
0 0.2956730769230769 0.5600961538461539 0.07211538461538461 0.06971153846153846
0 0.3329326923076923 0.4879807692307692 0.04326923076923077 0.06490384615384616
0 0.3161057692307692 0.41346153846153844 0.06490384615384616 0.0673076923076923
0 0.36778846153846156 0.3713942307692308 0.040865384615384616 0.052884615384615384
0 0.34134615384615385 0.328125 0.0625 0.07692307692307693
0 0.38341346153846156 0.24519230769230768 0.057692307692307696 0.0625
0 0.4831730769230769 0.1814903846153846 0.07451923076923077 0.10576923076923077
0 0.5456730769230769 0.47836538461538464 0.07211538461538461 0.06490384615384616
0 0.5168269230769231 0.5985576923076923 0.040865384615384616 0.06971153846153846
0 0.5228365384615384 0.6838942307692307 0.04567307692307692 0.06490384615384616
0 0.5048076923076923 0.8269230769230769 0.04567307692307692 0.07451923076923077
0 0.4326923076923077 0.9194711538461539 0.0673076923076923 0.09375
0 0.36899038461538464 0.8209134615384616 0.0625 0.07932692307692307
0 0.36538461538461536 0.7139423076923077 0.057692307692307696 0.055288461538461536
0 0.5673076923076923 0.9242788461538461 0.057692307692307696 0.06490384615384616
0 0.6141826923076923 0.796875 0.06009615384615385 0.09615384615384616
0 0.6586538461538461 0.3629807692307692 0.0625 0.06971153846153846
0 0.7283653846153846 0.30649038461538464 0.055288461538461536 0.07451923076923077
0 0.7608173076923077 0.29927884615384615 0.04807692307692308 0.06490384615384616
0 0.78125 0.203125 0.057692307692307696 0.09134615384615384
0 0.8774038461538461 0.453125 0.057692307692307696 0.07932692307692307
0 0.796875 0.8112980769230769 0.06009615384615385 0.10096153846153846
0 0.4831730769230769 0.4254807692307692 0.04567307692307692 0.06009615384615385
0 0.30528846153846156 0.18990384615384615 0.057692307692307696 0.06009615384615385
0 0.8858173076923077 0.2704326923076923 0.09615384615384616 0.10336538461538461