0 0.38822115384615385 0.06610576923076923 0.042067307692307696 0.039663461538461536
0 0.3605769230769231 0.027644230769230768 0.036057692307692304 0.04927884615384615
0 0.3245192307692308 0.055288461538461536 0.03245192307692308 0.05048076923076923
0 0.35216346153846156 0.13701923076923078 0.04447115384615385 0.056490384615384616
0 0.39783653846153844 0.29086538461538464 0.042067307692307696 0.039663461538461536
0 0.4206730769230769 0.36177884615384615 0.026442307692307692 0.04447115384615385
0 0.4170673076923077 0.3942307692307692 0.03365384615384615 0.039663461538461536
0 0.43509615384615385 0.46153846153846156 0.04927884615384615 0.06009615384615385
0 0.49759615384615385 0.47475961538461536 0.02403846153846154 0.040865384615384616
0 0.5456730769230769 0.49759615384615385 0.030048076923076924 0.046875
0 0.5913461538461539 0.26322115384615385 0.042067307692307696 0.07451923076923077
0 0.6478365384615384 0.3425480769230769 0.04567307692307692 0.056490384615384616
0 0.7596153846153846 0.30528846153846156 0.039663461538461536 0.04807692307692308
0 0.7776442307692307 0.3858173076923077 0.028846153846153848 0.06009615384615385
0 0.8257211538461539 0.3786057692307692 0.036057692307692304 0.05048076923076923
0 0.8725961538461539 0.3473557692307692 0.02283653846153846 0.040865384615384616
0 0.8713942307692307 0.37740384615384615 0.028846153846153848 0.039663461538461536
0 0.8798076923076923 0.234375 0.030048076923076924 0.046875
0 0.8064903846153846 0.2644230769230769 0.03245192307692308 0.030048076923076924
0 0.7788461538461539 0.23317307692307693 0.03365384615384615 0.038461538461538464
0 0.8076923076923077 0.14302884615384615 0.021634615384615384 0.051682692307692304
0 0.7716346153846154 0.09375 0.025240384615384616 0.06490384615384616
0 0.6826923076923077 0.054086538461538464 0.04326923076923077 0.03485576923076923
0 0.7139423076923077 0.5024038461538461 0.036057692307692304 0.054086538461538464
0 0.8293269230769231 0.5973557692307693 0.027644230769230768 0.052884615384615384
0 0.8762019230769231 0.6081730769230769 0.018028846153846152 0.036057692307692304
0 0.890625 0.6225961538461539 0.019230769230769232 0.025240384615384616
0 0.8725961538461539 0.6646634615384616 0.042067307692307696 0.027644230769230768
0 0.8064903846153846 0.6646634615384616 0.03485576923076923 0.052884615384615384
0 0.7512019230769231 0.6814903846153846 0.037259615384615384 0.04807692307692308
0 0.7427884615384616 0.7259615384615384 0.03125 0.042067307692307696
0 0.7584134615384616 0.8076923076923077 0.036057692307692304 0.06129807692307692
0 0.8004807692307693 0.7572115384615384 0.04326923076923077 0.03245192307692308
0 0.8497596153846154 0.7896634615384616 0.020432692307692308 0.04447115384615385
0 0.8245192307692307 0.8088942307692307 0.025240384615384616 0.04326923076923077
0 0.9591346153846154 0.6778846153846154 0.027644230769230768 0.10096153846153846
0 0.4170673076923077 0.7692307692307693 0.030048076923076924 0.05048076923076923
0 0.6310096153846154 0.8509615384615384 0.03485576923076923 0.051682692307692304
0 0.5420673076923077 0.8978365384615384 0.039663461538461536 0.038461538461538464
0 0.2548076923076923 0.8305288461538461 0.03125 0.0625
0 0.203125 0.8942307692307693 0.038461538461538464 0.054086538461538464
0 0.16947115384615385 0.8353365384615384 0.046875 0.042067307692307696
0 0.11778846153846154 0.921875 0.037259615384615384 0.06971153846153846
0 0.07211538461538461 0.8473557692307693 0.03245192307692308 0.038461538461538464
0 0.36538461538461536 0.7019230769230769 0.03365384615384615 0.056490384615384616
0 0.44711538461538464 0.2668269230769231 0.030048076923076924 0.037259615384615384
0 0.5072115384615384 0.016826923076923076 0.03485576923076923 0.03245192307692308