0 0.6682692307692307 0.2608173076923077 0.04567307692307692 0.052884615384615384
0 0.6574519230769231 0.390625 0.06009615384615385 0.07451923076923077
0 0.5673076923076923 0.38221153846153844 0.057692307692307696 0.0673076923076923
0 0.5180288461538461 0.32572115384615385 0.06009615384615385 0.06971153846153846
0 0.6033653846153846 0.1622596153846154 0.057692307692307696 0.0625
0 0.5588942307692307 0.11899038461538461 0.0625 0.0625
0 0.7307692307692307 0.11538461538461539 0.0625 0.06971153846153846
0 0.7644230769230769 0.2512019230769231 0.06009615384615385 0.06971153846153846
0 0.7752403846153846 0.4375 0.04567307692307692 0.057692307692307696
0 0.9038461538461539 0.3449519230769231 0.0673076923076923 0.07451923076923077
0 0.9759615384615384 0.36899038461538464 0.04807692307692308 0.06009615384615385
0 0.9855769230769231 0.39663461538461536 0.028846153846153848 0.052884615384615384
0 0.9891826923076923 0.41947115384615385 0.021634615384615384 0.04567307692307692
0 0.9495192307692307 0.5504807692307693 0.028846153846153848 0.04326923076923077
0 0.9098557692307693 0.5540865384615384 0.052884615384615384 0.057692307692307696
0 0.8581730769230769 0.5733173076923077 0.04326923076923077 0.04567307692307692
0 0.8173076923076923 0.5853365384615384 0.06009615384615385 0.052884615384615384
0 0.8040865384615384 0.6766826923076923 0.05048076923076923 0.055288461538461536
0 0.7103365384615384 0.7463942307692307 0.06490384615384616 0.07211538461538461
0 0.6947115384615384 0.8497596153846154 0.057692307692307696 0.07211538461538461
0 0.6959134615384616 0.8810096153846154 0.04807692307692308 0.06490384615384616
0 0.7860576923076923 0.8617788461538461 0.04567307692307692 0.04807692307692308
0 0.7391826923076923 0.9362980769230769 0.06009615384615385 0.07692307692307693
0 0.7824519230769231 0.828125 0.040865384615384616 0.04567307692307692
0 0.9951923076923077 0.2403846153846154 0.009615384615384616 0.04326923076923077
0 0.546875 0.7127403846153846 0.04567307692307692 0.05048076923076923
0 0.6177884615384616 0.7319711538461539 0.052884615384615384 0.0625
0 0.6526442307692307 0.6814903846153846 0.07211538461538461 0.08413461538461539
0 0.6418269230769231 0.6201923076923077 0.0625 0.07451923076923077
0 0.5576923076923077 0.8305288461538461 0.06490384615384616 0.07211538461538461
0 0.5432692307692307 0.8689903846153846 0.052884615384615384 0.052884615384615384
0 0.4050480769230769 0.8221153846153846 0.0625 0.06490384615384616
0 0.4543269230769231 0.7043269230769231 0.0625 0.0625
0 0.4387019230769231 0.6586538461538461 0.04807692307692308 0.057692307692307696
0 0.4831730769230769 0.5697115384615384 0.06009615384615385 0.07211538461538461
0 0.453125 0.53125 0.06009615384615385 0.07932692307692307
0 0.39302884615384615 0.5769230769230769 0.04326923076923077 0.040865384615384616
0 0.3858173076923077 0.6586538461538461 0.06490384615384616 0.07211538461538461
0 0.33653846153846156 0.6322115384615384 0.04567307692307692 0.06009615384615385
0 0.35216346153846156 0.5420673076923077 0.06490384615384616 0.06009615384615385
0 0.39903846153846156 0.49038461538461536 0.04567307692307692 0.06009615384615385
0 0.25240384615384615 0.7415865384615384 0.0625 0.08173076923076923
0 0.25600961538461536 0.49278846153846156 0.0625 0.08173076923076923
0 0.17668269230769232 0.5685096153846154 0.06009615384615385 0.06009615384615385
0 0.17548076923076922 0.4579326923076923 0.0673076923076923 0.08173076923076923
0 0.32572115384615385 0.22235576923076922 0.055288461538461536 0.06009615384615385
0 0.3713942307692308 0.25 0.057692307692307696 0.07211538461538461
0 0.39302884615384615 0.3293269230769231 0.06009615384615385 0.07692307692307693
0 0.5372596153846154 0.026442307692307692 0.06971153846153846 0.052884615384615384
0 0.4579326923076923 0.046875 0.07451923076923077 0.09134615384615384
0 0.3329326923076923 0.14903846153846154 0.04567307692307692 0.0625
0 0.29447115384615385 0.14903846153846154 0.052884615384615384 0.055288461538461536
0 0.28365384615384615 0.06971153846153846 0.0625 0.0673076923076923
0 0.057692307692307696 0.45913461538461536 0.06490384615384616 0.07451923076923077
0 0.03365384615384615 0.4795673076923077 0.06490384615384616 0.06971153846153846
0 0.20192307692307693 0.12139423076923077 0.06971153846153846 0.0889423076923077