0 0.4519230769230769 0.3293269230769231 0.10336538461538461 0.09375
0 0.7560096153846154 0.6237980769230769 0.09615384615384616 0.0985576923076923
0 0.4206730769230769 0.6057692307692307 0.09134615384615384 0.0889423076923077
0 0.27884615384615385 0.3545673076923077 0.0889423076923077 0.09615384615384616
0 0.34975961538461536 0.03125 0.0889423076923077 0.0625
0 0.5168269230769231 0.02403846153846154 0.10576923076923077 0.04807692307692308
0 0.6045673076923077 0.17427884615384615 0.07932692307692307 0.09375
0 0.7824519230769231 0.8545673076923077 0.11057692307692307 0.11538461538461539
0 0.046875 0.5552884615384616 0.09375 0.15384615384615385
0 0.3557692307692308 0.4831730769230769 0.10817307692307693 0.13701923076923078
0 0.5661057692307693 0.3112980769230769 0.13942307692307693 0.15625
0 0.8377403846153846 0.6706730769230769 0.10817307692307693 0.13221153846153846
0 0.1658653846153846 0.8557692307692307 0.1201923076923077 0.10096153846153846
0 0.5048076923076923 0.6394230769230769 0.12259615384615384 0.1346153846153846
0 0.24278846153846154 0.18629807692307693 0.10096153846153846 0.11057692307692307
0 0.7608173076923077 0.13942307692307693 0.0985576923076923 0.0985576923076923
0 0.08173076923076923 0.6526442307692307 0.1466346153846154 0.15865384615384615
0 0.3798076923076923 0.9050480769230769 0.10576923076923077 0.1346153846153846