0 0.3389423076923077 0.37740384615384615 0.057692307692307696 0.054086538461538464
0 0.2403846153846154 0.5817307692307693 0.05889423076923077 0.12980769230769232
0 0.016826923076923076 0.5721153846153846 0.03245192307692308 0.09134615384615384
0 0.08653846153846154 0.8774038461538461 0.057692307692307696 0.09375
0 0.35096153846153844 0.8449519230769231 0.08653846153846154 0.055288461538461536
0 0.3581730769230769 0.7800480769230769 0.07211538461538461 0.09375
0 0.5997596153846154 0.6959134615384616 0.03485576923076923 0.09615384615384616
0 0.6225961538461539 0.7439903846153846 0.052884615384615384 0.09975961538461539
0 0.7355769230769231 0.8064903846153846 0.03485576923076923 0.08533653846153846
0 0.7572115384615384 0.65625 0.03125 0.1201923076923077
0 0.7391826923076923 0.6153846153846154 0.038461538461538464 0.07091346153846154
0 0.6526442307692307 0.33653846153846156 0.0733173076923077 0.08774038461538461
0 0.5288461538461539 0.5456730769230769 0.0889423076923077 0.1346153846153846
0 0.6069711538461539 0.203125 0.046875 0.09134615384615384
0 0.6574519230769231 0.13341346153846154 0.055288461538461536 0.10817307692307693
0 0.7211538461538461 0.08653846153846154 0.04567307692307692 0.07692307692307693
0 0.7956730769230769 0.04447115384615385 0.04567307692307692 0.055288461538461536
0 0.4014423076923077 0.47836538461538464 0.0889423076923077 0.14302884615384615
0 0.38100961538461536 0.5817307692307693 0.051682692307692304 0.09254807692307693
0 0.0733173076923077 0.6622596153846154 0.06971153846153846 0.1045673076923077