0 0.24879807692307693 0.12740384615384615 0.057692307692307696 0.0625
0 0.3112980769230769 0.13581730769230768 0.057692307692307696 0.055288461538461536
0 0.2956730769230769 0.06129807692307692 0.03365384615384615 0.038461538461538464
0 0.3449519230769231 0.028846153846153848 0.04567307692307692 0.03365384615384615
0 0.18269230769230768 0.15985576923076922 0.07451923076923077 0.07932692307692307
0 0.051682692307692304 0.17548076923076922 0.06490384615384616 0.04807692307692308
0 0.08774038461538461 0.22956730769230768 0.0625 0.0625
0 0.019230769230769232 0.26322115384615385 0.038461538461538464 0.05048076923076923
0 0.028846153846153848 0.4495192307692308 0.057692307692307696 0.07692307692307693
0 0.055288461538461536 0.4795673076923077 0.07211538461538461 0.055288461538461536
0 0.04447115384615385 0.5432692307692307 0.06971153846153846 0.0625
0 0.0673076923076923 0.6478365384615384 0.09134615384615384 0.07932692307692307
0 0.09254807692307693 0.7367788461538461 0.06009615384615385 0.04807692307692308
0 0.15384615384615385 0.7415865384615384 0.04807692307692308 0.057692307692307696
0 0.1778846153846154 0.6947115384615384 0.055288461538461536 0.07211538461538461
0 0.171875 0.6141826923076923 0.0625 0.07932692307692307
0 0.5192307692307693 0.9831730769230769 0.0673076923076923 0.03365384615384615
0 0.6394230769230769 0.9447115384615384 0.08173076923076923 0.08653846153846154
0 0.7836538461538461 0.7584134615384616 0.08653846153846154 0.09615384615384616
0 0.8028846153846154 0.8329326923076923 0.07692307692307693 0.06971153846153846
0 0.6189903846153846 0.6622596153846154 0.06490384615384616 0.07211538461538461
0 0.5985576923076923 0.5588942307692307 0.055288461538461536 0.07211538461538461
0 0.5552884615384616 0.49278846153846156 0.06971153846153846 0.06971153846153846
0 0.5805288461538461 0.41346153846153844 0.0625 0.0625
0 0.421875 0.23317307692307693 0.06971153846153846 0.06971153846153846
0 0.3329326923076923 0.23197115384615385 0.06490384615384616 0.08413461538461539
0 0.3137019230769231 0.2644230769230769 0.06971153846153846 0.08173076923076923
0 0.47596153846153844 0.08533653846153846 0.052884615384615384 0.04807692307692308
0 0.5096153846153846 0.16826923076923078 0.0625 0.07451923076923077
0 0.5336538461538461 0.04927884615384615 0.0673076923076923 0.06490384615384616
0 0.5420673076923077 0.019230769230769232 0.06490384615384616 0.038461538461538464
0 0.5072115384615384 0.01201923076923077 0.052884615384615384 0.02403846153846154
0 0.45552884615384615 0.006009615384615385 0.05048076923076923 0.01201923076923077
0 0.4411057692307692 0.009615384615384616 0.040865384615384616 0.019230769230769232
0 0.6766826923076923 0.014423076923076924 0.07451923076923077 0.028846153846153848
0 0.7211538461538461 0.0625 0.06009615384615385 0.07451923076923077
0 0.8185096153846154 0.06370192307692307 0.055288461538461536 0.06009615384615385
0 0.8185096153846154 0.10817307692307693 0.05048076923076923 0.04807692307692308
0 0.8004807692307693 0.140625 0.06490384615384616 0.0673076923076923
0 0.8161057692307693 0.1971153846153846 0.04567307692307692 0.04567307692307692
0 0.7764423076923077 0.19230769230769232 0.07451923076923077 0.07451923076923077
0 0.7139423076923077 0.11057692307692307 0.05048076923076923 0.06009615384615385
0 0.8918269230769231 0.4807692307692308 0.07451923076923077 0.08653846153846154
0 0.9435096153846154 0.4483173076923077 0.06009615384615385 0.07692307692307693
0 0.9699519230769231 0.3786057692307692 0.06009615384615385 0.057692307692307696
0 0.9459134615384616 0.2824519230769231 0.03365384615384615 0.06009615384615385
0 0.8653846153846154 0.36899038461538464 0.052884615384615384 0.0625
0 0.7536057692307693 0.38461538461538464 0.057692307692307696 0.0625
0 0.7283653846153846 0.4182692307692308 0.057692307692307696 0.06009615384615385
0 0.6526442307692307 0.30408653846153844 0.05048076923076923 0.057692307692307696
0 0.6778846153846154 0.2668269230769231 0.052884615384615384 0.055288461538461536
0 0.7295673076923077 0.5336538461538461 0.07451923076923077 0.07932692307692307
0 0.4675480769230769 0.6598557692307693 0.06490384615384616 0.07211538461538461
0 0.38100961538461536 0.7307692307692307 0.07211538461538461 0.07932692307692307