0 0.6165865384615384 0.31971153846153844 0.12980769230769232 0.125
0 0.4098557692307692 0.09975961538461539 0.07451923076923077 0.0889423076923077
0 0.4723557692307692 0.015625 0.09375 0.03125
0 0.16706730769230768 0.15504807692307693 0.1201923076923077 0.11538461538461539
0 0.16346153846153846 0.4026442307692308 0.10576923076923077 0.10096153846153846
0 0.24278846153846154 0.5817307692307693 0.10576923076923077 0.12980769230769232
0 0.5036057692307693 0.6995192307692307 0.1346153846153846 0.14423076923076922
0 0.39302884615384615 0.6766826923076923 0.07211538461538461 0.10096153846153846
0 0.33774038461538464 0.8774038461538461 0.0889423076923077 0.1201923076923077
0 0.3786057692307692 0.9771634615384616 0.06009615384615385 0.04567307692307692
0 0.2776442307692308 0.9278846153846154 0.0889423076923077 0.0673076923076923
0 0.5480769230769231 0.9314903846153846 0.08173076923076923 0.08653846153846154
0 0.5408653846153846 0.7992788461538461 0.09134615384615384 0.11298076923076923
0 0.40024038461538464 0.7367788461538461 0.12259615384615384 0.11538461538461539
0 0.6802884615384616 0.7331730769230769 0.0889423076923077 0.10096153846153846
0 0.6153846153846154 0.7271634615384616 0.10576923076923077 0.0985576923076923
0 0.6298076923076923 0.8701923076923077 0.07211538461538461 0.08173076923076923
0 0.5949519230769231 0.9879807692307693 0.10336538461538461 0.02403846153846154
0 0.9242788461538461 0.7415865384615384 0.0673076923076923 0.10336538461538461
0 0.8209134615384616 0.7980769230769231 0.11538461538461539 0.12259615384615384
0 0.8137019230769231 0.6346153846153846 0.09615384615384616 0.10817307692307693
0 0.6658653846153846 0.609375 0.07692307692307693 0.0985576923076923
0 0.6490384615384616 0.5576923076923077 0.0985576923076923 0.08653846153846154
0 0.6911057692307693 0.515625 0.0889423076923077 0.08413461538461539
0 0.5925480769230769 0.4387019230769231 0.1201923076923077 0.13221153846153846
0 0.7620192307692307 0.15865384615384615 0.0985576923076923 0.13942307692307693
0 0.7043269230769231 0.12860576923076922 0.12740384615384615 0.15625
0 0.9567307692307693 0.2644230769230769 0.08653846153846154 0.12980769230769232
0 0.9855769230769231 0.3449519230769231 0.028846153846153848 0.10336538461538461
0 0.9771634615384616 0.4014423076923077 0.04567307692307692 0.09134615384615384
0 0.9326923076923077 0.5721153846153846 0.12259615384615384 0.12740384615384615
0 0.0889423076923077 0.671875 0.12259615384615384 0.14182692307692307
0 0.036057692307692304 0.6117788461538461 0.07211538461538461 0.10817307692307693
0 0.6189903846153846 0.8233173076923077 0.08173076923076923 0.07932692307692307