0 0.3798076923076923 0.3173076923076923 0.036057692307692304 0.038461538461538464
0 0.4338942307692308 0.30408653846153844 0.030048076923076924 0.040865384615384616
0 0.44350961538461536 0.1814903846153846 0.030048076923076924 0.027644230769230768
0 0.453125 0.09134615384615384 0.02283653846153846 0.030048076923076924
0 0.4639423076923077 0.06971153846153846 0.018028846153846152 0.04326923076923077
0 0.5697115384615384 0.0829326923076923 0.026442307692307692 0.056490384615384616
0 0.6442307692307693 0.32211538461538464 0.04326923076923077 0.06009615384615385
0 0.6959134615384616 0.43509615384615385 0.028846153846153848 0.05889423076923077
0 0.7536057692307693 0.625 0.036057692307692304 0.03245192307692308
0 0.7319711538461539 0.6862980769230769 0.028846153846153848 0.02403846153846154
0 0.7355769230769231 0.7175480769230769 0.042067307692307696 0.02283653846153846
0 0.7367788461538461 0.7427884615384616 0.016826923076923076 0.028846153846153848
0 0.7019230769230769 0.8221153846153846 0.021634615384615384 0.046875
0 0.6646634615384616 0.8161057692307693 0.027644230769230768 0.03485576923076923
0 0.6081730769230769 0.8197115384615384 0.019230769230769232 0.05889423076923077
0 0.5985576923076923 0.8846153846153846 0.03245192307692308 0.040865384615384616
0 0.5264423076923077 0.9182692307692307 0.04807692307692308 0.042067307692307696
0 0.4338942307692308 0.9483173076923077 0.03365384615384615 0.046875
0 0.41947115384615385 0.9723557692307693 0.03365384615384615 0.025240384615384616
0 0.42908653846153844 0.8545673076923077 0.027644230769230768 0.046875
0 0.36177884615384615 0.8317307692307693 0.03125 0.052884615384615384
0 0.3317307692307692 0.9110576923076923 0.04927884615384615 0.038461538461538464
0 0.3557692307692308 0.7920673076923077 0.026442307692307692 0.05048076923076923
0 0.3233173076923077 0.7824519230769231 0.03245192307692308 0.036057692307692304
0 0.33052884615384615 0.71875 0.03245192307692308 0.037259615384615384
0 0.38822115384615385 0.7367788461538461 0.040865384615384616 0.042067307692307696
0 0.36538461538461536 0.6887019230769231 0.03485576923076923 0.04326923076923077
0 0.3317307692307692 0.6550480769230769 0.03485576923076923 0.025240384615384616
0 0.30528846153846156 0.6838942307692307 0.030048076923076924 0.03125
0 0.28365384615384615 0.7512019230769231 0.026442307692307692 0.05048076923076923
0 0.24278846153846154 0.6274038461538461 0.030048076923076924 0.040865384615384616
0 0.18629807692307693 0.5745192307692307 0.028846153846153848 0.056490384615384616
0 0.1935096153846154 0.6598557692307693 0.030048076923076924 0.0625
0 0.11298076923076923 0.5504807692307693 0.028846153846153848 0.06129807692307692
0 0.0889423076923077 0.5480769230769231 0.021634615384615384 0.040865384615384616
0 0.051682692307692304 0.6514423076923077 0.025240384615384616 0.04326923076923077
0 0.026442307692307692 0.6262019230769231 0.027644230769230768 0.039663461538461536
0 0.3076923076923077 0.3629807692307692 0.027644230769230768 0.042067307692307696
0 0.27163461538461536 0.36177884615384615 0.030048076923076924 0.039663461538461536
0 0.27163461538461536 0.2764423076923077 0.037259615384615384 0.05048076923076923
0 0.29447115384615385 0.18990384615384615 0.042067307692307696 0.051682692307692304
0 0.29927884615384615 0.41586538461538464 0.03485576923076923 0.03125
0 0.3233173076923077 0.4543269230769231 0.02403846153846154 0.03485576923076923
0 0.33413461538461536 0.5240384615384616 0.028846153846153848 0.046875
0 0.4170673076923077 0.5516826923076923 0.02403846153846154 0.04447115384615385
0 0.4543269230769231 0.5961538461538461 0.04807692307692308 0.040865384615384616
0 0.5168269230769231 0.6225961538461539 0.027644230769230768 0.054086538461538464
0 0.5865384615384616 0.6911057692307693 0.02403846153846154 0.05048076923076923
0 0.5877403846153846 0.5408653846153846 0.03365384615384615 0.0625
0 0.515625 0.5276442307692307 0.028846153846153848 0.054086538461538464
0 0.5625 0.43149038461538464 0.03485576923076923 0.046875
0 0.4855769230769231 0.4387019230769231 0.03245192307692308 0.040865384615384616
0 0.4495192307692308 0.39783653846153844 0.028846153846153848 0.04447115384615385
0 0.6742788461538461 0.6394230769230769 0.039663461538461536 0.0625
0 0.8858173076923077 0.5228365384615384 0.03245192307692308 0.04807692307692308
0 0.49399038461538464 0.8581730769230769 0.040865384615384616 0.06009615384615385
0 0.21875 0.30288461538461536 0.03365384615384615 0.038461538461538464
0 0.6382211538461539 0.8233173076923077 0.02403846153846154 0.038461538461538464