0 0.33653846153846156 0.054086538461538464 0.04807692307692308 0.06971153846153846
0 0.2776442307692308 0.039663461538461536 0.036057692307692304 0.021634615384615384
0 0.18629807692307693 0.08052884615384616 0.05048076923076923 0.06971153846153846
0 0.21634615384615385 0.17668269230769232 0.04567307692307692 0.055288461538461536
0 0.09254807692307693 0.1935096153846154 0.06971153846153846 0.07692307692307693
0 0.03365384615384615 0.171875 0.052884615384615384 0.0625
0 0.051682692307692304 0.12139423076923077 0.05048076923076923 0.04326923076923077
0 0.06971153846153846 0.45913461538461536 0.05048076923076923 0.07211538461538461
0 0.015625 0.5480769230769231 0.03125 0.04807692307692308
0 0.027644230769230768 0.609375 0.040865384615384616 0.06490384615384616
0 0.08052884615384616 0.9711538461538461 0.021634615384615384 0.057692307692307696
0 0.11778846153846154 0.9819711538461539 0.0625 0.036057692307692304
0 0.20793269230769232 0.8269230769230769 0.07211538461538461 0.08173076923076923
0 0.22596153846153846 0.8822115384615384 0.08413461538461539 0.08413461538461539
0 0.16706730769230768 0.6862980769230769 0.0625 0.08413461538461539
0 0.16947115384615385 0.5745192307692307 0.0625 0.05048076923076923
0 0.2692307692307692 0.5180288461538461 0.05048076923076923 0.08173076923076923
0 0.35216346153846156 0.6694711538461539 0.04326923076923077 0.057692307692307696
0 0.3858173076923077 0.6935096153846154 0.05048076923076923 0.09375
0 0.38822115384615385 0.5336538461538461 0.03125 0.06009615384615385
0 0.5216346153846154 0.5853365384615384 0.04567307692307692 0.04807692307692308
0 0.42427884615384615 0.052884615384615384 0.03365384615384615 0.06009615384615385
0 0.7463942307692307 0.006009615384615385 0.04567307692307692 0.01201923076923077
0 0.7788461538461539 0.04927884615384615 0.06490384615384616 0.08173076923076923
0 0.8737980769230769 0.020432692307692308 0.05048076923076923 0.040865384615384616
0 0.8581730769230769 0.12139423076923077 0.0625 0.09375
0 0.8870192307692307 0.20192307692307693 0.03125 0.04807692307692308
0 0.8569711538461539 0.25240384615384615 0.0673076923076923 0.07451923076923077
0 0.9290865384615384 0.18509615384615385 0.052884615384615384 0.055288461538461536
0 0.9471153846153846 0.22716346153846154 0.03125 0.057692307692307696
0 0.9807692307692307 0.4170673076923077 0.03365384615384615 0.055288461538461536
0 0.9627403846153846 0.453125 0.057692307692307696 0.08173076923076923
0 0.9194711538461539 0.4375 0.038461538461538464 0.04567307692307692
0 0.8725961538461539 0.4050480769230769 0.06009615384615385 0.0673076923076923
0 0.9110576923076923 0.4963942307692308 0.04326923076923077 0.055288461538461536
0 0.9591346153846154 0.8413461538461539 0.08173076923076923 0.09134615384615384
0 0.9663461538461539 0.7079326923076923 0.057692307692307696 0.06971153846153846
0 0.9338942307692307 0.5733173076923077 0.08173076923076923 0.07451923076923077
0 0.84375 0.515625 0.07692307692307693 0.038461538461538464
0 0.7596153846153846 0.4338942307692308 0.06971153846153846 0.057692307692307696
0 0.7103365384615384 0.5276442307692307 0.05048076923076923 0.06009615384615385
0 0.6778846153846154 0.3737980769230769 0.04567307692307692 0.06009615384615385
0 0.6550480769230769 0.27403846153846156 0.07211538461538461 0.07692307692307693
0 0.7139423076923077 0.2848557692307692 0.05048076923076923 0.06009615384615385
0 0.5853365384615384 0.33653846153846156 0.057692307692307696 0.07451923076923077
0 0.5901442307692307 0.11177884615384616 0.0625 0.07451923076923077
0 0.46634615384615385 0.030048076923076924 0.057692307692307696 0.06009615384615385
0 0.5721153846153846 0.6129807692307693 0.036057692307692304 0.06009615384615385
0 0.6442307692307693 0.6887019230769231 0.055288461538461536 0.0625
0 0.6358173076923077 0.7271634615384616 0.0673076923076923 0.04326923076923077
0 0.6971153846153846 0.7067307692307693 0.0673076923076923 0.06490384615384616
0 0.7620192307692307 0.7163461538461539 0.03365384615384615 0.07211538461538461
0 0.8185096153846154 0.7163461538461539 0.04807692307692308 0.08653846153846154
0 0.84375 0.6177884615384616 0.07692307692307693 0.07932692307692307
0 0.7884615384615384 0.6177884615384616 0.038461538461538464 0.04567307692307692
0 0.7331730769230769 0.8701923076923077 0.06971153846153846 0.0673076923076923
0 0.6971153846153846 0.890625 0.06971153846153846 0.057692307692307696
0 0.7475961538461539 0.9290865384615384 0.05048076923076923 0.04567307692307692
0 0.5841346153846154 0.8713942307692307 0.07692307692307693 0.0673076923076923
0 0.4891826923076923 0.8509615384615384 0.05048076923076923 0.06490384615384616
0 0.3786057692307692 0.7800480769230769 0.08173076923076923 0.07211538461538461
0 0.2980769230769231 0.4338942307692308 0.06490384615384616 0.07211538461538461
0 0.4735576923076923 0.9002403846153846 0.06009615384615385 0.06971153846153846
0 0.3425480769230769 0.8918269230769231 0.052884615384615384 0.08173076923076923
0 0.4675480769230769 0.9735576923076923 0.055288461538461536 0.052884615384615384