0 0.2956730769230769 0.5048076923076923 0.07451923076923077 0.08173076923076923
0 0.3762019230769231 0.6875 0.06490384615384616 0.0889423076923077
0 0.25841346153846156 0.21153846153846154 0.07692307692307693 0.07692307692307693
0 0.31971153846153844 0.5877403846153846 0.08173076923076923 0.09375
0 0.16346153846153846 0.2764423076923077 0.06971153846153846 0.0673076923076923
0 0.8245192307692307 0.6814903846153846 0.06009615384615385 0.08653846153846154
0 0.46153846153846156 0.4362980769230769 0.08173076923076923 0.09375
0 0.12860576923076922 0.5697115384615384 0.11057692307692307 0.14903846153846154
0 0.12980769230769232 0.5264423076923077 0.07211538461538461 0.0985576923076923
0 0.04927884615384615 0.38221153846153844 0.07211538461538461 0.07692307692307693
0 0.05889423076923077 0.3485576923076923 0.06490384615384616 0.08173076923076923
0 0.036057692307692304 0.2848557692307692 0.07211538461538461 0.10336538461538461
0 0.042067307692307696 0.22596153846153846 0.07451923076923077 0.09375
0 0.09375 0.23076923076923078 0.07451923076923077 0.09375
0 0.38100961538461536 0.28846153846153844 0.07451923076923077 0.09134615384615384
0 0.4723557692307692 0.30408653846153844 0.06971153846153846 0.09134615384615384
0 0.609375 0.016826923076923076 0.06971153846153846 0.03365384615384615
0 0.9170673076923077 0.47836538461538464 0.07451923076923077 0.09134615384615384
0 0.9855769230769231 0.6057692307692307 0.028846153846153848 0.09134615384615384
0 0.9711538461538461 0.703125 0.057692307692307696 0.07932692307692307
0 0.9050480769230769 0.6875 0.07451923076923077 0.09375
0 0.8076923076923077 0.7536057692307693 0.10096153846153846 0.11778846153846154
0 0.5204326923076923 0.796875 0.10817307692307693 0.11057692307692307
0 0.5913461538461539 0.8822115384615384 0.08173076923076923 0.10817307692307693
0 0.44350961538461536 0.8677884615384616 0.10096153846153846 0.12259615384615384
0 0.25600961538461536 0.625 0.10096153846153846 0.11538461538461539
0 0.4050480769230769 0.4254807692307692 0.07211538461538461 0.08413461538461539
0 0.6706730769230769 0.12980769230769232 0.08653846153846154 0.10576923076923077
0 0.9819711538461539 0.43149038461538464 0.036057692307692304 0.0889423076923077
0 0.9651442307692307 0.6478365384615384 0.052884615384615384 0.06490384615384616