0 0.5949519230769231 0.06610576923076923 0.0625 0.06490384615384616
0 0.5216346153846154 0.025240384615384616 0.052884615384615384 0.05048076923076923
0 0.5132211538461539 0.10216346153846154 0.040865384615384616 0.04326923076923077
0 0.4699519230769231 0.09975961538461539 0.057692307692307696 0.04807692307692308
0 0.4651442307692308 0.21875 0.05048076923076923 0.06009615384615385
0 0.5108173076923077 0.2644230769230769 0.0625 0.052884615384615384
0 0.5865384615384616 0.32211538461538464 0.0625 0.07211538461538461
0 0.6382211538461539 0.2668269230769231 0.06490384615384616 0.06971153846153846
0 0.6213942307692307 0.18028846153846154 0.0625 0.07692307692307693
0 0.6670673076923077 0.16826923076923078 0.06490384615384616 0.08413461538461539
0 0.6826923076923077 0.09134615384615384 0.06009615384615385 0.0625
0 0.7788461538461539 0.1814903846153846 0.040865384615384616 0.055288461538461536
0 0.7932692307692307 0.2127403846153846 0.04807692307692308 0.06490384615384616
0 0.8341346153846154 0.1346153846153846 0.052884615384615384 0.0625
0 0.9387019230769231 0.22956730769230768 0.06490384615384616 0.0673076923076923
0 0.9579326923076923 0.1778846153846154 0.04567307692307692 0.05048076923076923
0 0.8786057692307693 0.35336538461538464 0.07211538461538461 0.06971153846153846
0 0.9831730769230769 0.4675480769230769 0.03365384615384615 0.05048076923076923
0 0.8737980769230769 0.49399038461538464 0.06009615384615385 0.06009615384615385
0 0.8076923076923077 0.6069711538461539 0.0673076923076923 0.07211538461538461
0 0.75 0.5877403846153846 0.055288461538461536 0.06490384615384616
0 0.7019230769230769 0.4014423076923077 0.07211538461538461 0.07451923076923077
0 0.7319711538461539 0.390625 0.04807692307692308 0.052884615384615384
0 0.6923076923076923 0.43990384615384615 0.04807692307692308 0.0673076923076923
0 0.6213942307692307 0.44350961538461536 0.07211538461538461 0.07932692307692307
0 0.5060096153846154 0.5637019230769231 0.0625 0.057692307692307696
0 0.6009615384615384 0.6586538461538461 0.07692307692307693 0.07692307692307693
0 0.44591346153846156 0.7211538461538461 0.07211538461538461 0.06971153846153846
0 0.3737980769230769 0.6201923076923077 0.08413461538461539 0.07932692307692307
0 0.33052884615384615 0.5132211538461539 0.06490384615384616 0.07692307692307693
0 0.2848557692307692 0.3894230769230769 0.06490384615384616 0.06971153846153846
0 0.2980769230769231 0.42908653846153844 0.0625 0.0625
0 0.5576923076923077 0.9314903846153846 0.0889423076923077 0.11538461538461539
0 0.4050480769230769 0.9375 0.10817307692307693 0.125
0 0.6814903846153846 0.9507211538461539 0.08413461538461539 0.08653846153846154
0 0.7451923076923077 0.9663461538461539 0.07211538461538461 0.0673076923076923
0 0.7896634615384616 0.9002403846153846 0.055288461538461536 0.055288461538461536
0 0.0625 0.5324519230769231 0.07932692307692307 0.09375
0 0.12740384615384615 0.3545673076923077 0.0673076923076923 0.08413461538461539
0 0.2704326923076923 0.019230769230769232 0.040865384615384616 0.038461538461538464
0 0.234375 0.10336538461538461 0.04567307692307692 0.04807692307692308
0 0.22716346153846154 0.44471153846153844 0.0673076923076923 0.08413461538461539