0 0.21153846153846154 0.21754807692307693 0.06490384615384616 0.08173076923076923
0 0.24519230769230768 0.20192307692307693 0.04326923076923077 0.04807692307692308
0 0.26322115384615385 0.14783653846153846 0.07451923076923077 0.08173076923076923
0 0.4206730769230769 0.18870192307692307 0.07451923076923077 0.07211538461538461
0 0.4795673076923077 0.3137019230769231 0.06971153846153846 0.09134615384615384
0 0.49038461538461536 0.41346153846153844 0.057692307692307696 0.0625
0 0.5132211538461539 0.45552884615384615 0.06971153846153846 0.07211538461538461
0 0.39903846153846156 0.3918269230769231 0.0889423076923077 0.0889423076923077
0 0.38341346153846156 0.546875 0.08653846153846154 0.10576923076923077
0 0.27884615384615385 0.4266826923076923 0.0673076923076923 0.07211538461538461
0 0.23557692307692307 0.5492788461538461 0.06009615384615385 0.08173076923076923
0 0.25841346153846156 0.7391826923076923 0.06009615384615385 0.06490384615384616
0 0.28125 0.8221153846153846 0.08413461538461539 0.09615384615384616
0 0.3137019230769231 0.7271634615384616 0.04807692307692308 0.052884615384615384
0 0.421875 0.7415865384615384 0.07692307692307693 0.07211538461538461
0 0.5877403846153846 0.30649038461538464 0.07692307692307693 0.0985576923076923
0 0.6526442307692307 0.34375 0.07211538461538461 0.08653846153846154
0 0.6466346153846154 0.234375 0.08173076923076923 0.11538461538461539
0 0.6995192307692307 0.24519230769230768 0.06490384615384616 0.08653846153846154
0 0.7259615384615384 0.3401442307692308 0.09134615384615384 0.10817307692307693
0 0.7932692307692307 0.35096153846153844 0.05048076923076923 0.07451923076923077
0 0.6286057692307693 0.0625 0.06971153846153846 0.08173076923076923
0 0.8966346153846154 0.6129807692307693 0.07692307692307693 0.10096153846153846