0 0.2956730769230769 0.5024038461538461 0.052884615384615384 0.055288461538461536
0 0.37740384615384615 0.4831730769230769 0.04807692307692308 0.057692307692307696
0 0.47596153846153844 0.3293269230769231 0.04326923076923077 0.06009615384615385
0 0.5733173076923077 0.9254807692307693 0.052884615384615384 0.07451923076923077
0 0.5733173076923077 0.7776442307692307 0.057692307692307696 0.10817307692307693
0 0.4230769230769231 0.4831730769230769 0.04567307692307692 0.09134615384615384
0 0.42427884615384615 0.9350961538461539 0.06009615384615385 0.09375
0 0.3894230769230769 0.9146634615384616 0.04807692307692308 0.07451923076923077
0 0.3701923076923077 0.8341346153846154 0.055288461538461536 0.0889423076923077
0 0.23798076923076922 0.6586538461538461 0.052884615384615384 0.07451923076923077
0 0.17427884615384615 0.49038461538461536 0.038461538461538464 0.057692307692307696
0 0.6706730769230769 0.9326923076923077 0.0625 0.0625
0 0.828125 0.9675480769230769 0.04567307692307692 0.06490384615384616
0 0.890625 0.9026442307692307 0.0673076923076923 0.09375
0 0.8954326923076923 0.5889423076923077 0.052884615384615384 0.0985576923076923
0 0.8653846153846154 0.45552884615384615 0.04326923076923077 0.07451923076923077
0 0.921875 0.09975961538461539 0.06971153846153846 0.10096153846153846
0 0.9915865384615384 0.0673076923076923 0.016826923076923076 0.07211538461538461