0 0.39663461538461536 0.1935096153846154 0.10817307692307693 0.11538461538461539
0 0.36538461538461536 0.4170673076923077 0.07211538461538461 0.0985576923076923
0 0.38221153846153844 0.5853365384615384 0.08413461538461539 0.125
0 0.4579326923076923 0.5625 0.0673076923076923 0.09615384615384616
0 0.6165865384615384 0.39302884615384615 0.0889423076923077 0.09615384615384616
0 0.7512019230769231 0.3245192307692308 0.0673076923076923 0.10817307692307693
0 0.7944711538461539 0.4855769230769231 0.09134615384615384 0.07692307692307693
0 0.8798076923076923 0.5384615384615384 0.07451923076923077 0.0889423076923077
0 0.8605769230769231 0.9122596153846154 0.07932692307692307 0.11057692307692307
0 0.7740384615384616 0.8653846153846154 0.06971153846153846 0.08653846153846154
0 0.5901442307692307 0.8798076923076923 0.06490384615384616 0.09615384615384616
0 0.5336538461538461 0.7283653846153846 0.07211538461538461 0.0985576923076923
0 0.45913461538461536 0.6959134615384616 0.07932692307692307 0.11778846153846154
0 0.2403846153846154 0.5240384615384616 0.08653846153846154 0.125