0 0.4074519230769231 0.42427884615384615 0.11538461538461539 0.1201923076923077
0 0.45913461538461536 0.5492788461538461 0.0985576923076923 0.10336538461538461
0 0.5204326923076923 0.6875 0.10336538461538461 0.10817307692307693
0 0.59375 0.6117788461538461 0.10096153846153846 0.10576923076923077
0 0.6105769230769231 0.5264423076923077 0.0889423076923077 0.09134615384615384
0 0.7043269230769231 0.5288461538461539 0.10336538461538461 0.10576923076923077
0 0.78125 0.3701923076923077 0.10576923076923077 0.10817307692307693
0 0.9675480769230769 0.3954326923076923 0.06490384615384616 0.10336538461538461
0 0.8725961538461539 0.24519230769230768 0.10336538461538461 0.10576923076923077
0 0.6754807692307693 0.12860576923076922 0.10096153846153846 0.10096153846153846
0 0.8798076923076923 0.6778846153846154 0.125 0.12980769230769232
0 0.6442307692307693 0.8737980769230769 0.08173076923076923 0.08173076923076923
0 0.32211538461538464 0.8786057692307693 0.09134615384615384 0.09375
0 0.15384615384615385 0.8269230769230769 0.10336538461538461 0.10817307692307693
0 0.2668269230769231 0.7283653846153846 0.10336538461538461 0.10817307692307693
0 0.051682692307692304 0.40865384615384615 0.07692307692307693 0.07932692307692307
0 0.12860576923076922 0.2091346153846154 0.10576923076923077 0.10576923076923077
0 0.3137019230769231 0.49158653846153844 0.11298076923076923 0.11538461538461539
0 0.39302884615384615 0.6033653846153846 0.10576923076923077 0.10817307692307693
0 0.4951923076923077 0.4050480769230769 0.12259615384615384 0.125
0 0.23317307692307693 0.14182692307692307 0.11538461538461539 0.11778846153846154
0 0.7980769230769231 0.14543269230769232 0.14423076923076922 0.14903846153846154