0 0.45552884615384615 0.6622596153846154 0.12740384615384615 0.13701923076923078
0 0.29927884615384615 0.45072115384615385 0.09375 0.0889423076923077
0 0.38822115384615385 0.4387019230769231 0.09375 0.08413461538461539
0 0.4050480769230769 0.34615384615384615 0.0889423076923077 0.08653846153846154
0 0.3485576923076923 0.078125 0.125 0.1201923076923077
0 0.6069711538461539 0.24759615384615385 0.06009615384615385 0.055288461538461536
0 0.6875 0.2536057692307692 0.07451923076923077 0.07692307692307693
0 0.6850961538461539 0.15625 0.09375 0.09375
0 0.7608173076923077 0.19110576923076922 0.08653846153846154 0.08653846153846154
0 0.9254807692307693 0.26322115384615385 0.07692307692307693 0.07451923076923077
0 0.8822115384615384 0.44591346153846156 0.10576923076923077 0.11057692307692307
0 0.9495192307692307 0.5588942307692307 0.10096153846153846 0.10817307692307693
0 0.8473557692307693 0.6274038461538461 0.1201923076923077 0.1201923076923077
0 0.6622596153846154 0.39302884615384615 0.07932692307692307 0.08173076923076923
0 0.5853365384615384 0.4723557692307692 0.07932692307692307 0.08413461538461539
0 0.6141826923076923 0.5661057692307693 0.07451923076923077 0.07692307692307693
0 0.6538461538461539 0.6598557692307693 0.0889423076923077 0.09134615384615384
0 0.6430288461538461 0.7367788461538461 0.08173076923076923 0.0889423076923077
0 0.234375 0.6802884615384616 0.12980769230769232 0.12740384615384615
0 0.16706730769230768 0.59375 0.0673076923076923 0.0673076923076923
0 0.2127403846153846 0.3317307692307692 0.10576923076923077 0.10576923076923077
0 0.4795673076923077 0.030048076923076924 0.08413461538461539 0.06009615384615385
0 0.6995192307692307 0.05048076923076923 0.055288461538461536 0.057692307692307696
0 0.078125 0.6923076923076923 0.09615384615384616 0.09375
0 0.9399038461538461 0.7211538461538461 0.11057692307692307 0.12740384615384615
0 0.6310096153846154 0.8653846153846154 0.0985576923076923 0.09375
0 0.7884615384615384 0.11899038461538461 0.07211538461538461 0.06971153846153846
0 0.11899038461538461 0.6201923076923077 0.0889423076923077 0.0889423076923077
0 0.039663461538461536 0.7271634615384616 0.07692307692307693 0.08413461538461539
0 0.07932692307692307 0.78125 0.07932692307692307 0.07451923076923077
0 0.6394230769230769 0.13942307692307693 0.052884615384615384 0.055288461538461536
0 0.7283653846153846 0.44591346153846156 0.10576923076923077 0.11298076923076923
0 0.6947115384615384 0.4230769230769231 0.08173076923076923 0.0889423076923077