0 0.21514423076923078 0.02403846153846154 0.06971153846153846 0.04807692307692308
0 0.3401442307692308 0.02283653846153846 0.06971153846153846 0.04567307692307692
0 0.4795673076923077 0.042067307692307696 0.07692307692307693 0.055288461538461536
0 0.6550480769230769 0.1201923076923077 0.057692307692307696 0.0673076923076923
0 0.6165865384615384 0.17548076923076922 0.07932692307692307 0.055288461538461536
0 0.39302884615384615 0.22235576923076922 0.07211538461538461 0.09615384615384616
0 0.31009615384615385 0.1778846153846154 0.08653846153846154 0.09375
0 0.11658653846153846 0.2091346153846154 0.057692307692307696 0.10336538461538461
0 0.1141826923076923 0.35216346153846156 0.08413461538461539 0.08653846153846154
0 0.2692307692307692 0.4014423076923077 0.04807692307692308 0.06971153846153846
0 0.30649038461538464 0.4519230769230769 0.055288461538461536 0.04326923076923077
0 0.515625 0.4855769230769231 0.038461538461538464 0.052884615384615384
0 0.5625 0.5144230769230769 0.052884615384615384 0.055288461538461536
0 0.5408653846153846 0.5432692307692307 0.052884615384615384 0.028846153846153848
0 0.5637019230769231 0.59375 0.07211538461538461 0.06009615384615385
0 0.5817307692307693 0.6790865384615384 0.040865384615384616 0.06971153846153846
0 0.5276442307692307 0.8028846153846154 0.05048076923076923 0.04567307692307692
0 0.43028846153846156 0.6766826923076923 0.07692307692307693 0.0673076923076923
0 0.34615384615384615 0.6658653846153846 0.06009615384615385 0.09134615384615384
0 0.25961538461538464 0.7463942307692307 0.057692307692307696 0.07932692307692307
0 0.11658653846153846 0.7451923076923077 0.08413461538461539 0.07451923076923077
0 0.24639423076923078 0.8774038461538461 0.07451923076923077 0.09375
0 0.3942307692307692 0.8954326923076923 0.055288461538461536 0.08173076923076923
0 0.5192307692307693 0.9555288461538461 0.07211538461538461 0.0889423076923077
0 0.6887019230769231 0.9326923076923077 0.08413461538461539 0.08653846153846154
0 0.7512019230769231 0.8389423076923077 0.06490384615384616 0.08653846153846154
0 0.7752403846153846 0.7848557692307693 0.07451923076923077 0.07211538461538461
0 0.9098557692307693 0.6177884615384616 0.07932692307692307 0.0673076923076923
0 0.9555288461538461 0.7079326923076923 0.052884615384615384 0.08413461538461539
0 0.9723557692307693 0.5336538461538461 0.055288461538461536 0.07692307692307693
0 0.9519230769230769 0.40625 0.06490384615384616 0.07932692307692307
0 0.8894230769230769 0.3701923076923077 0.07451923076923077 0.07932692307692307
0 0.7908653846153846 0.26322115384615385 0.057692307692307696 0.057692307692307696
0 0.6983173076923077 0.3449519230769231 0.05048076923076923 0.07451923076923077
0 0.7884615384615384 0.04447115384615385 0.06490384615384616 0.03365384615384615
0 0.9254807692307693 0.2403846153846154 0.08653846153846154 0.08173076923076923
0 0.9038461538461539 0.2824519230769231 0.06971153846153846 0.057692307692307696
0 0.9807692307692307 0.203125 0.038461538461538464 0.07932692307692307
0 0.8485576923076923 0.5997596153846154 0.06490384615384616 0.07692307692307693
0 0.6814903846153846 0.07451923076923077 0.07211538461538461 0.07692307692307693
0 0.390625 0.3173076923076923 0.07451923076923077 0.07211538461538461