0 0.38221153846153844 0.17668269230769232 0.052884615384615384 0.11899038461538461
0 0.20072115384615385 0.47836538461538464 0.03245192307692308 0.10216346153846154
0 0.13701923076923078 0.5108173076923077 0.027644230769230768 0.10576923076923077
0 0.07692307692307693 0.3762019230769231 0.055288461538461536 0.09615384615384616
0 0.037259615384615384 0.17307692307692307 0.054086538461538464 0.09735576923076923
0 0.3076923076923077 0.6165865384615384 0.051682692307692304 0.08653846153846154
0 0.22115384615384615 0.5985576923076923 0.04807692307692308 0.08774038461538461
0 0.39302884615384615 0.7127403846153846 0.039663461538461536 0.10817307692307693
0 0.5060096153846154 0.9507211538461539 0.038461538461538464 0.06971153846153846
0 0.6045673076923077 0.96875 0.03125 0.055288461538461536
0 0.5721153846153846 0.6478365384615384 0.055288461538461536 0.11778846153846154
0 0.7920673076923077 0.625 0.042067307692307696 0.07091346153846154
0 0.9134615384615384 0.9675480769230769 0.04807692307692308 0.05048076923076923
0 0.9627403846153846 0.625 0.038461538461538464 0.09014423076923077
0 0.7127403846153846 0.4483173076923077 0.06129807692307692 0.078125
0 0.7091346153846154 0.2127403846153846 0.06490384615384616 0.09495192307692307
0 0.8257211538461539 0.35697115384615385 0.04326923076923077 0.12620192307692307
0 0.5685096153846154 0.33653846153846156 0.057692307692307696 0.09014423076923077
0 0.49038461538461536 0.3125 0.054086538461538464 0.06490384615384616
0 0.28966346153846156 0.29086538461538464 0.056490384615384616 0.08774038461538461
0 0.6598557692307693 0.6826923076923077 0.05048076923076923 0.08052884615384616