0 0.3389423076923077 0.34134615384615385 0.057692307692307696 0.07211538461538461
0 0.30288461538461536 0.24519230769230768 0.03125 0.04807692307692308
0 0.2980769230769231 0.21033653846153846 0.03365384615384615 0.06009615384615385
0 0.23918269230769232 0.2776442307692308 0.055288461538461536 0.06971153846153846
0 0.21634615384615385 0.3088942307692308 0.04326923076923077 0.06971153846153846
0 0.02403846153846154 0.22716346153846154 0.04807692307692308 0.06490384615384616
0 0.17067307692307693 0.5408653846153846 0.06971153846153846 0.10096153846153846
0 0.16706730769230768 0.7091346153846154 0.06490384615384616 0.09134615384615384
0 0.3329326923076923 0.7139423076923077 0.052884615384615384 0.06490384615384616
0 0.3786057692307692 0.5697115384615384 0.06009615384615385 0.09375
0 0.49759615384615385 0.5757211538461539 0.07932692307692307 0.09615384615384616
0 0.45913461538461536 0.4206730769230769 0.06009615384615385 0.07211538461538461
0 0.4795673076923077 0.21514423076923078 0.04807692307692308 0.06971153846153846
0 0.5180288461538461 0.25 0.04807692307692308 0.05048076923076923
0 0.4495192307692308 0.18990384615384615 0.04807692307692308 0.05048076923076923
0 0.4026442307692308 0.125 0.057692307692307696 0.07932692307692307
0 0.6682692307692307 0.24278846153846154 0.057692307692307696 0.08653846153846154
0 0.5721153846153846 0.20432692307692307 0.057692307692307696 0.07932692307692307
0 0.6802884615384616 0.07091346153846154 0.0625 0.07932692307692307
0 0.6598557692307693 0.09735576923076923 0.04326923076923077 0.06490384615384616
0 0.7427884615384616 0.0733173076923077 0.055288461538461536 0.07451923076923077
0 0.7427884615384616 0.15384615384615385 0.04567307692307692 0.057692307692307696
0 0.7259615384615384 0.1778846153846154 0.05048076923076923 0.055288461538461536
0 0.8173076923076923 0.3557692307692308 0.038461538461538464 0.052884615384615384
0 0.8413461538461539 0.33774038461538464 0.04807692307692308 0.07451923076923077
0 0.7235576923076923 0.3581730769230769 0.04807692307692308 0.06009615384615385
0 0.6502403846153846 0.41466346153846156 0.04807692307692308 0.06971153846153846
0 0.7572115384615384 0.4519230769230769 0.05048076923076923 0.06009615384615385
0 0.9110576923076923 0.5252403846153846 0.04567307692307692 0.057692307692307696
0 0.8197115384615384 0.5564903846153846 0.04567307692307692 0.06971153846153846
0 0.7992788461538461 0.6177884615384616 0.0625 0.057692307692307696
0 0.7319711538461539 0.6298076923076923 0.04807692307692308 0.0625
0 0.7247596153846154 0.6983173076923077 0.06490384615384616 0.07692307692307693
0 0.7896634615384616 0.7259615384615384 0.04567307692307692 0.0625
0 0.8016826923076923 0.7920673076923077 0.04807692307692308 0.06490384615384616
0 0.8605769230769231 0.7451923076923077 0.057692307692307696 0.0673076923076923
0 0.8365384615384616 0.6730769230769231 0.055288461538461536 0.07211538461538461
0 0.9627403846153846 0.7560096153846154 0.036057692307692304 0.057692307692307696
0 0.7379807692307693 0.7800480769230769 0.04807692307692308 0.06009615384615385
0 0.5721153846153846 0.6694711538461539 0.07451923076923077 0.08653846153846154
0 0.5841346153846154 0.7716346153846154 0.040865384615384616 0.057692307692307696
0 0.4411057692307692 0.6658653846153846 0.052884615384615384 0.04807692307692308
0 0.4326923076923077 0.8028846153846154 0.05048076923076923 0.06971153846153846
0 0.4423076923076923 0.8786057692307693 0.057692307692307696 0.07211538461538461
0 0.4098557692307692 0.9807692307692307 0.040865384615384616 0.038461538461538464
0 0.6454326923076923 0.9158653846153846 0.07211538461538461 0.06971153846153846
0 0.6141826923076923 0.9783653846153846 0.055288461538461536 0.028846153846153848
0 0.8257211538461539 0.9110576923076923 0.057692307692307696 0.05048076923076923
0 0.6730769230769231 0.35336538461538464 0.07211538461538461 0.07211538461538461