0 0.43509615384615385 0.1814903846153846 0.07692307692307693 0.07692307692307693
0 0.49278846153846156 0.11057692307692307 0.07451923076923077 0.0889423076923077
0 0.37740384615384615 0.04326923076923077 0.0625 0.0625
0 0.6237980769230769 0.04447115384615385 0.08413461538461539 0.0889423076923077
0 0.3389423076923077 0.16105769230769232 0.07932692307692307 0.09134615384615384
0 0.11538461538461539 0.7019230769230769 0.08413461538461539 0.0673076923076923
0 0.19951923076923078 0.8040865384615384 0.07692307692307693 0.08413461538461539
0 0.16105769230769232 0.8509615384615384 0.0673076923076923 0.07692307692307693
0 0.06971153846153846 0.8305288461538461 0.05048076923076923 0.07451923076923077
0 0.1141826923076923 0.9230769230769231 0.08653846153846154 0.057692307692307696
0 0.6045673076923077 0.7908653846153846 0.0625 0.07692307692307693
0 0.6442307692307693 0.7067307692307693 0.055288461538461536 0.07692307692307693
0 0.6262019230769231 0.8665865384615384 0.055288461538461536 0.07932692307692307
0 0.4795673076923077 0.9759615384615384 0.07451923076923077 0.04807692307692308
0 0.7560096153846154 0.8473557692307693 0.055288461538461536 0.07451923076923077
0 0.6298076923076923 0.9723557692307693 0.05048076923076923 0.03125
0 0.8473557692307693 0.7572115384615384 0.07451923076923077 0.09134615384615384
0 0.9050480769230769 0.7716346153846154 0.07211538461538461 0.07451923076923077
0 0.9831730769230769 0.6454326923076923 0.03365384615384615 0.07451923076923077
0 0.9831730769230769 0.8677884615384616 0.03365384615384615 0.04326923076923077
0 0.96875 0.9026442307692307 0.0625 0.05048076923076923
0 0.5492788461538461 0.4110576923076923 0.0625 0.07692307692307693
0 0.29447115384615385 0.24519230769230768 0.0625 0.07932692307692307
0 0.3485576923076923 0.3137019230769231 0.0625 0.06490384615384616
0 0.3798076923076923 0.38822115384615385 0.04807692307692308 0.0625
0 0.328125 0.41947115384615385 0.06490384615384616 0.052884615384615384
0 0.36538461538461536 0.5120192307692307 0.04807692307692308 0.0625
0 0.7115384615384616 0.2920673076923077 0.07451923076923077 0.07692307692307693
0 0.9146634615384616 0.3425480769230769 0.05048076923076923 0.07932692307692307
0 0.8497596153846154 0.6310096153846154 0.04326923076923077 0.06009615384615385
0 0.5288461538461539 0.5144230769230769 0.0673076923076923 0.07211538461538461
0 0.4699519230769231 0.47475961538461536 0.04567307692307692 0.055288461538461536