0 0.46634615384615385 0.36538461538461536 0.021634615384615384 0.04567307692307692
0 0.49759615384615385 0.34615384615384615 0.02283653846153846 0.055288461538461536
0 0.47596153846153844 0.47716346153846156 0.03125 0.052884615384615384
0 0.4110576923076923 0.48677884615384615 0.02403846153846154 0.04326923076923077
0 0.34975961538461536 0.5576923076923077 0.028846153846153848 0.020432692307692308
0 0.4855769230769231 0.5432692307692307 0.021634615384615384 0.03365384615384615
0 0.53125 0.46033653846153844 0.030048076923076924 0.040865384615384616
0 0.3545673076923077 0.27283653846153844 0.040865384615384616 0.03245192307692308
0 0.27884615384615385 0.44711538461538464 0.039663461538461536 0.03365384615384615
0 0.2824519230769231 0.5853365384615384 0.02403846153846154 0.038461538461538464
0 0.328125 0.6081730769230769 0.025240384615384616 0.030048076923076924
0 0.5456730769230769 0.7175480769230769 0.042067307692307696 0.037259615384615384
0 0.6346153846153846 0.8221153846153846 0.037259615384615384 0.051682692307692304
0 0.4338942307692308 0.6478365384615384 0.03485576923076923 0.037259615384615384
0 0.42788461538461536 0.5733173076923077 0.04927884615384615 0.04326923076923077
0 0.39663461538461536 0.6875 0.026442307692307692 0.04447115384615385
0 0.3641826923076923 0.6766826923076923 0.014423076923076924 0.027644230769230768
0 0.3762019230769231 0.7211538461538461 0.02283653846153846 0.030048076923076924
0 0.4254807692307692 0.7932692307692307 0.028846153846153848 0.06129807692307692
0 0.3449519230769231 0.8004807692307693 0.037259615384615384 0.042067307692307696
0 0.5252403846153846 0.38100961538461536 0.018028846153846152 0.02403846153846154
0 0.5540865384615384 0.43509615384615385 0.019230769230769232 0.03245192307692308
0 0.6057692307692307 0.40625 0.039663461538461536 0.06490384615384616
0 0.6466346153846154 0.39903846153846156 0.028846153846153848 0.04326923076923077
0 0.31971153846153844 0.22956730769230768 0.027644230769230768 0.04326923076923077
0 0.7800480769230769 0.07451923076923077 0.02403846153846154 0.038461538461538464
0 0.29447115384615385 0.2620192307692308 0.030048076923076924 0.04447115384615385
0 0.23197115384615385 0.8221153846153846 0.025240384615384616 0.021634615384615384
0 0.2608173076923077 0.8846153846153846 0.02403846153846154 0.040865384615384616
0 0.6995192307692307 0.9302884615384616 0.027644230769230768 0.037259615384615384
0 0.2403846153846154 0.6081730769230769 0.020432692307692308 0.036057692307692304
0 0.5048076923076923 0.6298076923076923 0.028846153846153848 0.037259615384615384
0 0.34375 0.5 0.025240384615384616 0.02283653846153846
0 0.3737980769230769 0.5048076923076923 0.019230769230769232 0.025240384615384616
0 0.2283653846153846 0.8557692307692307 0.019230769230769232 0.03125
0 0.6790865384615384 0.5997596153846154 0.037259615384615384 0.05889423076923077
0 0.6610576923076923 0.7139423076923077 0.019230769230769232 0.055288461538461536
0 0.6201923076923077 0.7740384615384616 0.03365384615384615 0.039663461538461536
0 0.5012019230769231 0.8569711538461539 0.03125 0.039663461538461536
0 0.2283653846153846 0.78125 0.03125 0.057692307692307696
0 0.28846153846153844 0.7235576923076923 0.027644230769230768 0.0625
0 0.31009615384615385 0.6262019230769231 0.025240384615384616 0.055288461538461536
0 0.3425480769230769 0.6586538461538461 0.020432692307692308 0.04326923076923077
0 0.5769230769230769 0.2824519230769231 0.020432692307692308 0.04447115384615385
0 0.7367788461538461 0.08653846153846154 0.027644230769230768 0.04927884615384615
0 0.8822115384615384 0.5985576923076923 0.027644230769230768 0.05048076923076923
0 0.8762019230769231 0.6310096153846154 0.03125 0.042067307692307696
0 0.8557692307692307 0.5504807692307693 0.03245192307692308 0.040865384615384616
0 0.8269230769230769 0.5853365384615384 0.027644230769230768 0.052884615384615384
0 0.8449519230769231 0.8377403846153846 0.03245192307692308 0.03125
0 0.8449519230769231 0.8774038461538461 0.016826923076923076 0.04927884615384615
0 0.8293269230769231 0.8701923076923077 0.019230769230769232 0.042067307692307696
0 0.6706730769230769 0.8533653846153846 0.03125 0.056490384615384616
0 0.3233173076923077 0.8100961538461539 0.019230769230769232 0.037259615384615384