0 0.016826923076923076 0.3137019230769231 0.03365384615384615 0.04567307692307692
0 0.040865384615384616 0.3125 0.05048076923076923 0.06009615384615385
0 0.1201923076923077 0.3713942307692308 0.04807692307692308 0.05048076923076923
0 0.17427884615384615 0.4519230769230769 0.0625 0.055288461538461536
0 0.22716346153846154 0.5300480769230769 0.057692307692307696 0.0625
0 0.4879807692307692 0.03485576923076923 0.06009615384615385 0.06971153846153846
0 0.5108173076923077 0.10697115384615384 0.04326923076923077 0.04807692307692308
0 0.4951923076923077 0.12740384615384615 0.057692307692307696 0.06490384615384616
0 0.6213942307692307 0.17908653846153846 0.0673076923076923 0.07451923076923077
0 0.4651442307692308 0.18629807692307693 0.06009615384615385 0.07451923076923077
0 0.3112980769230769 0.11538461538461539 0.055288461538461536 0.0625
0 0.4326923076923077 0.28125 0.04807692307692308 0.055288461538461536
0 0.44591346153846156 0.3713942307692308 0.055288461538461536 0.055288461538461536
0 0.4735576923076923 0.43028846153846156 0.040865384615384616 0.05048076923076923
0 0.5600961538461539 0.46274038461538464 0.05048076923076923 0.057692307692307696
0 0.5 0.5192307692307693 0.06009615384615385 0.0625
0 0.5576923076923077 0.5661057692307693 0.04326923076923077 0.05048076923076923
0 0.7115384615384616 0.5444711538461539 0.055288461538461536 0.06490384615384616
0 0.8930288461538461 0.7175480769230769 0.055288461538461536 0.055288461538461536
0 0.7403846153846154 0.7391826923076923 0.055288461538461536 0.052884615384615384
0 0.7007211538461539 0.7920673076923077 0.0625 0.07451923076923077
0 0.6502403846153846 0.7151442307692307 0.057692307692307696 0.06009615384615385
0 0.5480769230769231 0.7019230769230769 0.057692307692307696 0.06971153846153846
0 0.4735576923076923 0.6057692307692307 0.052884615384615384 0.055288461538461536
0 0.40865384615384615 0.5492788461538461 0.0625 0.0673076923076923
0 0.3762019230769231 0.4879807692307692 0.06009615384615385 0.06971153846153846
0 0.29927884615384615 0.4182692307692308 0.06971153846153846 0.07211538461538461
0 0.2920673076923077 0.3449519230769231 0.055288461538461536 0.06490384615384616
0 0.2644230769230769 0.30649038461538464 0.055288461538461536 0.0625
0 0.29086538461538464 0.27163461538461536 0.05048076923076923 0.057692307692307696
0 0.2536057692307692 0.24639423076923078 0.04807692307692308 0.04567307692307692
0 0.25841346153846156 0.17668269230769232 0.06490384615384616 0.07451923076923077
0 0.2704326923076923 0.515625 0.04326923076923077 0.04567307692307692
0 0.3004807692307692 0.5805288461538461 0.036057692307692304 0.036057692307692304
0 0.3161057692307692 0.6225961538461539 0.04567307692307692 0.05048076923076923
0 0.25721153846153844 0.5805288461538461 0.055288461538461536 0.0673076923076923
0 0.234375 0.625 0.052884615384615384 0.055288461538461536
0 0.20432692307692307 0.5805288461538461 0.04567307692307692 0.04807692307692308
0 0.27283653846153844 0.6442307692307693 0.055288461538461536 0.055288461538461536
0 0.27283653846153844 0.6887019230769231 0.040865384615384616 0.04326923076923077
0 0.33413461538461536 0.7475961538461539 0.040865384615384616 0.036057692307692304
0 0.328125 0.8365384615384616 0.0625 0.07692307692307693
0 0.3125 0.8473557692307693 0.04567307692307692 0.06009615384615385
0 0.4170673076923077 0.9170673076923077 0.04807692307692308 0.04807692307692308
0 0.42427884615384615 0.9435096153846154 0.052884615384615384 0.055288461538461536
0 0.4338942307692308 0.9867788461538461 0.05048076923076923 0.026442307692307692
0 0.4831730769230769 0.9723557692307693 0.04326923076923077 0.04807692307692308
0 0.4423076923076923 0.8569711538461539 0.040865384615384616 0.05048076923076923
0 0.3858173076923077 0.8137019230769231 0.05048076923076923 0.057692307692307696
0 0.22596153846153846 0.7427884615384616 0.052884615384615384 0.052884615384615384
0 0.14182692307692307 0.6105769230769231 0.08173076923076923 0.09615384615384616
0 0.5721153846153846 0.8317307692307693 0.05048076923076923 0.055288461538461536
0 0.6141826923076923 0.8581730769230769 0.040865384615384616 0.04567307692307692
0 0.6478365384615384 0.8653846153846154 0.05048076923076923 0.04567307692307692
0 0.5444711538461539 0.828125 0.055288461538461536 0.0673076923076923
0 0.5192307692307693 0.8713942307692307 0.0673076923076923 0.07692307692307693
0 0.4182692307692308 0.7439903846153846 0.06971153846153846 0.08413461538461539
0 0.3737980769230769 0.2692307692307692 0.04567307692307692 0.052884615384615384
0 0.19951923076923078 0.1658653846153846 0.055288461538461536 0.057692307692307696
0 0.41225961538461536 0.7920673076923077 0.06490384615384616 0.06971153846153846
0 0.5829326923076923 0.05889423076923077 0.08653846153846154 0.09134615384615384
0 0.6610576923076923 0.42427884615384615 0.0673076923076923 0.07451923076923077
0 0.8545673076923077 0.4855769230769231 0.057692307692307696 0.0625