0 0.27403846153846156 0.20793269230769232 0.10096153846153846 0.10336538461538461
0 0.32211538461538464 0.13221153846153846 0.0625 0.057692307692307696
0 0.14423076923076922 0.3137019230769231 0.08173076923076923 0.08653846153846154
0 0.018028846153846152 0.41346153846153844 0.036057692307692304 0.0625
0 0.07932692307692307 0.7067307692307693 0.06490384615384616 0.0673076923076923
0 0.28725961538461536 0.41466346153846156 0.07211538461538461 0.07451923076923077
0 0.37259615384615385 0.4495192307692308 0.08173076923076923 0.08413461538461539
0 0.4651442307692308 0.6947115384615384 0.0673076923076923 0.07451923076923077
0 0.734375 0.7872596153846154 0.07692307692307693 0.08173076923076923
0 0.9314903846153846 0.53125 0.07211538461538461 0.07932692307692307
0 0.9855769230769231 0.5733173076923077 0.028846153846153848 0.06971153846153846
0 0.4963942307692308 0.9735576923076923 0.07932692307692307 0.052884615384615384
0 0.3425480769230769 0.6875 0.07932692307692307 0.08413461538461539
0 0.1814903846153846 0.6790865384615384 0.07451923076923077 0.08413461538461539
0 0.11177884615384616 0.7548076923076923 0.07211538461538461 0.07692307692307693
0 0.49038461538461536 0.19831730769230768 0.08173076923076923 0.0889423076923077
0 0.6237980769230769 0.32572115384615385 0.06971153846153846 0.07451923076923077
0 0.7415865384615384 0.3701923076923077 0.06971153846153846 0.07211538461538461
0 0.6574519230769231 0.4326923076923077 0.06490384615384616 0.06490384615384616
0 0.421875 0.33533653846153844 0.08173076923076923 0.0889423076923077
0 0.4519230769230769 0.29447115384615385 0.06971153846153846 0.07211538461538461
0 0.2608173076923077 0.34134615384615385 0.07932692307692307 0.08173076923076923
0 0.43149038461538464 0.46634615384615385 0.0889423076923077 0.09375
0 0.2920673076923077 0.4807692307692308 0.0625 0.06490384615384616
0 0.4375 0.6081730769230769 0.07211538461538461 0.07692307692307693
0 0.41225961538461536 0.5925480769230769 0.052884615384615384 0.05048076923076923
0 0.8605769230769231 0.6045673076923077 0.10576923076923077 0.11778846153846154
0 0.6418269230769231 0.8076923076923077 0.11298076923076923 0.12740384615384615
0 0.671875 0.9266826923076923 0.09134615384615384 0.0985576923076923
0 0.26802884615384615 0.765625 0.08413461538461539 0.09134615384615384
0 0.23677884615384615 0.7475961538461539 0.09615384615384616 0.10096153846153846
0 0.16826923076923078 0.8569711538461539 0.057692307692307696 0.052884615384615384