0 0.23557692307692307 0.32211538461538464 0.055288461538461536 0.051682692307692304
0 0.2824519230769231 0.17668269230769232 0.051682692307692304 0.03365384615384615
0 0.2403846153846154 0.12379807692307693 0.046875 0.040865384615384616
0 0.4543269230769231 0.28125 0.03245192307692308 0.046875
0 0.5012019230769231 0.31009615384615385 0.040865384615384616 0.051682692307692304
0 0.4579326923076923 0.3954326923076923 0.040865384615384616 0.057692307692307696
0 0.43509615384615385 0.6875 0.04567307692307692 0.04807692307692308
0 0.5757211538461539 0.6153846153846154 0.039663461538461536 0.06971153846153846
0 0.6538461538461539 0.6177884615384616 0.037259615384615384 0.078125
0 0.6033653846153846 0.6947115384615384 0.03485576923076923 0.06610576923076923
0 0.7235576923076923 0.36899038461538464 0.04326923076923077 0.055288461538461536
0 0.7043269230769231 0.17548076923076922 0.03245192307692308 0.07932692307692307
0 0.7331730769230769 0.10096153846153846 0.039663461538461536 0.06009615384615385
0 0.6105769230769231 0.24519230769230768 0.03125 0.06971153846153846
0 0.7848557692307693 0.6634615384615384 0.02283653846153846 0.07091346153846154
0 0.8497596153846154 0.5865384615384616 0.052884615384615384 0.06610576923076923
0 0.796875 0.4206730769230769 0.038461538461538464 0.037259615384615384
0 0.12259615384615384 0.484375 0.028846153846153848 0.054086538461538464
0 0.65625 0.8209134615384616 0.04447115384615385 0.09014423076923077
0 0.48197115384615385 0.7764423076923077 0.028846153846153848 0.07572115384615384
0 0.4170673076923077 0.5552884615384616 0.028846153846153848 0.08653846153846154
0 0.43149038461538464 0.019230769230769232 0.038461538461538464 0.038461538461538464
0 0.20552884615384615 0.4795673076923077 0.06009615384615385 0.09014423076923077
0 0.28846153846153844 0.5180288461538461 0.057692307692307696 0.0733173076923077
0 0.2439903846153846 0.7716346153846154 0.08052884615384616 0.09615384615384616
0 0.33774038461538464 0.7247596153846154 0.06129807692307692 0.07932692307692307
0 0.33413461538461536 0.09495192307692307 0.03365384615384615 0.08653846153846154
0 0.2980769230769231 0.109375 0.042067307692307696 0.052884615384615384
0 0.6959134615384616 0.28725961538461536 0.052884615384615384 0.05889423076923077
0 0.8665865384615384 0.21394230769230768 0.025240384615384616 0.0673076923076923
0 0.8425480769230769 0.27884615384615385 0.03485576923076923 0.0625
0 0.8269230769230769 0.3173076923076923 0.036057692307692304 0.06129807692307692
0 0.9771634615384616 0.34975961538461536 0.04447115384615385 0.07211538461538461
0 0.8497596153846154 0.453125 0.05889423076923077 0.06129807692307692
0 0.6911057692307693 0.7091346153846154 0.039663461538461536 0.1141826923076923
0 0.7331730769230769 0.7403846153846154 0.046875 0.07211538461538461