0 0.09735576923076923 0.4579326923076923 0.09134615384615384 0.0889423076923077
0 0.1502403846153846 0.5204326923076923 0.08413461538461539 0.08413461538461539
0 0.08413461538461539 0.5901442307692307 0.0985576923076923 0.0985576923076923
0 0.14302884615384615 0.6430288461538461 0.07451923076923077 0.07451923076923077
0 0.010817307692307692 0.5264423076923077 0.021634615384615384 0.08653846153846154
0 0.08052884615384616 0.35216346153846156 0.09134615384615384 0.09134615384615384
0 0.3269230769230769 0.23798076923076922 0.10336538461538461 0.10576923076923077
0 0.2512019230769231 0.6153846153846154 0.07932692307692307 0.08173076923076923
0 0.3389423076923077 0.6514423076923077 0.06971153846153846 0.06971153846153846
0 0.46875 0.828125 0.06971153846153846 0.06971153846153846
0 0.5408653846153846 0.8834134615384616 0.10096153846153846 0.10096153846153846
0 0.6826923076923077 0.8173076923076923 0.10096153846153846 0.10096153846153846
0 0.7199519230769231 0.8701923076923077 0.07692307692307693 0.07692307692307693
0 0.7668269230769231 0.9182692307692307 0.07211538461538461 0.06971153846153846
0 0.8629807692307693 0.48677884615384615 0.10817307692307693 0.10817307692307693
0 0.8064903846153846 0.4387019230769231 0.07451923076923077 0.07451923076923077
0 0.5288461538461539 0.33774038461538464 0.07451923076923077 0.07451923076923077
0 0.6838942307692307 0.038461538461538464 0.10336538461538461 0.07692307692307693
0 0.7824519230769231 0.12259615384615384 0.07932692307692307 0.07932692307692307
0 0.7992788461538461 0.23197115384615385 0.08413461538461539 0.08413461538461539
0 0.9411057692307693 0.2668269230769231 0.07451923076923077 0.07451923076923077
0 0.9759615384615384 0.3713942307692308 0.04807692307692308 0.08413461538461539
0 0.9651442307692307 0.4795673076923077 0.06971153846153846 0.08413461538461539