0 0.010817307692307692 0.5889423076923077 0.021634615384615384 0.08173076923076923
0 0.11899038461538461 0.6069711538461539 0.09134615384615384 0.09134615384615384
0 0.10697115384615384 0.7536057692307693 0.0625 0.0625
0 0.3161057692307692 0.9639423076923077 0.0985576923076923 0.07211538461538461
0 0.30528846153846156 0.8882211538461539 0.08173076923076923 0.07692307692307693
0 0.3737980769230769 0.3870192307692308 0.09134615384615384 0.09375
0 0.359375 0.3233173076923077 0.08173076923076923 0.07692307692307693
0 0.2127403846153846 0.28125 0.07211538461538461 0.07692307692307693
0 0.1346153846153846 0.3425480769230769 0.07932692307692307 0.07932692307692307
0 0.17307692307692307 0.3425480769230769 0.06490384615384616 0.0625
0 0.3173076923076923 0.21514423076923078 0.0889423076923077 0.0889423076923077
0 0.3473557692307692 0.03125 0.0889423076923077 0.0625
0 0.4074519230769231 0.019230769230769232 0.06490384615384616 0.038461538461538464
0 0.4567307692307692 0.18028846153846154 0.07932692307692307 0.08173076923076923
0 0.6081730769230769 0.21033653846153846 0.0889423076923077 0.08413461538461539
0 0.6610576923076923 0.3317307692307692 0.13221153846153846 0.13942307692307693
0 0.5024038461538461 0.3942307692307692 0.08653846153846154 0.0889423076923077
0 0.5516826923076923 0.5036057692307693 0.07211538461538461 0.07451923076923077
0 0.109375 0.3954326923076923 0.07451923076923077 0.07451923076923077
0 0.6418269230769231 0.057692307692307696 0.10576923076923077 0.10336538461538461
0 0.7560096153846154 0.11177884615384616 0.10096153846153846 0.10576923076923077
0 0.9807692307692307 0.7139423076923077 0.038461538461538464 0.057692307692307696