0 0.421875 0.24879807692307693 0.07451923076923077 0.07932692307692307
0 0.4891826923076923 0.3088942307692308 0.08173076923076923 0.0889423076923077
0 0.4495192307692308 0.08413461538461539 0.057692307692307696 0.06971153846153846
0 0.40384615384615385 0.10336538461538461 0.0673076923076923 0.06490384615384616
0 0.44471153846153844 0.013221153846153846 0.07692307692307693 0.026442307692307692
0 0.078125 0.46875 0.07451923076923077 0.0889423076923077
0 0.23798076923076922 0.5168269230769231 0.06971153846153846 0.08173076923076923
0 0.25961538461538464 0.5625 0.06490384615384616 0.07692307692307693
0 0.1935096153846154 0.5961538461538461 0.08413461538461539 0.07692307692307693
0 0.3870192307692308 0.8088942307692307 0.08173076923076923 0.08413461538461539
0 0.5036057692307693 0.9242788461538461 0.08413461538461539 0.0889423076923077
0 0.5480769230769231 0.7163461538461539 0.07932692307692307 0.0889423076923077
0 0.6802884615384616 0.8161057692307693 0.09375 0.0985576923076923
0 0.8461538461538461 0.7091346153846154 0.08653846153846154 0.09134615384615384
0 0.9254807692307693 0.7163461538461539 0.0625 0.0673076923076923
0 0.9807692307692307 0.5576923076923077 0.038461538461538464 0.07692307692307693
0 0.9543269230769231 0.3701923076923077 0.08653846153846154 0.0985576923076923
0 0.7908653846153846 0.49399038461538464 0.06971153846153846 0.06009615384615385
0 0.7776442307692307 0.4326923076923077 0.0625 0.06490384615384616
0 0.7475961538461539 0.4567307692307692 0.06971153846153846 0.0673076923076923
0 0.75 0.5 0.04567307692307692 0.052884615384615384
0 0.6622596153846154 0.5384615384615384 0.09375 0.10096153846153846
0 0.5817307692307693 0.3737980769230769 0.10817307692307693 0.11057692307692307
0 0.6346153846153846 0.27884615384615385 0.07692307692307693 0.06971153846153846
0 0.5973557692307693 0.18509615384615385 0.07211538461538461 0.06009615384615385
0 0.6394230769230769 0.16826923076923078 0.06971153846153846 0.07692307692307693
0 0.7848557692307693 0.14543269230769232 0.06490384615384616 0.09375
0 0.8112980769230769 0.18509615384615385 0.06490384615384616 0.0889423076923077
0 0.9735576923076923 0.18990384615384615 0.052884615384615384 0.038461538461538464
0 0.6442307692307693 0.054086538461538464 0.07451923076923077 0.08653846153846154
0 0.5504807692307693 0.03245192307692308 0.08653846153846154 0.06490384615384616