0 0.23317307692307693 0.057692307692307696 0.05048076923076923 0.040865384615384616
0 0.1971153846153846 0.1622596153846154 0.05048076923076923 0.042067307692307696
0 0.0889423076923077 0.43028846153846156 0.042067307692307696 0.0673076923076923
0 0.036057692307692304 0.46033653846153844 0.04807692307692308 0.04807692307692308
0 0.3293269230769231 0.16826923076923078 0.040865384615384616 0.056490384615384616
0 0.35697115384615385 0.2127403846153846 0.028846153846153848 0.042067307692307696
0 0.4963942307692308 0.09735576923076923 0.03125 0.04567307692307692
0 0.5673076923076923 0.15144230769230768 0.038461538461538464 0.06370192307692307
0 0.6165865384615384 0.09495192307692307 0.03125 0.054086538461538464
0 0.703125 0.0625 0.04447115384615385 0.06370192307692307
0 0.7247596153846154 0.15745192307692307 0.051682692307692304 0.0625
0 0.6322115384615384 0.2668269230769231 0.05048076923076923 0.10336538461538461
0 0.5661057692307693 0.28966346153846156 0.036057692307692304 0.06490384615384616
0 0.5012019230769231 0.3605769230769231 0.040865384615384616 0.057692307692307696
0 0.4795673076923077 0.39903846153846156 0.03245192307692308 0.056490384615384616
0 0.41947115384615385 0.33653846153846156 0.03125 0.06850961538461539
0 0.39903846153846156 0.3449519230769231 0.026442307692307692 0.0625
0 0.23798076923076922 0.43149038461538464 0.036057692307692304 0.07211538461538461
0 0.22355769230769232 0.4266826923076923 0.02403846153846154 0.057692307692307696
0 0.18028846153846154 0.4495192307692308 0.04326923076923077 0.030048076923076924
0 0.19471153846153846 0.5084134615384616 0.04447115384615385 0.04807692307692308
0 0.09254807692307693 0.7211538461538461 0.042067307692307696 0.03485576923076923
0 0.11057692307692307 0.7680288461538461 0.036057692307692304 0.054086538461538464
0 0.04567307692307692 0.78125 0.03485576923076923 0.04326923076923077
0 0.2704326923076923 0.8713942307692307 0.052884615384615384 0.046875
0 0.22956730769230768 0.9399038461538461 0.03485576923076923 0.06490384615384616
0 0.25240384615384615 0.9302884615384616 0.026442307692307692 0.046875
0 0.3858173076923077 0.9146634615384616 0.04927884615384615 0.04927884615384615
0 0.5757211538461539 0.8004807692307693 0.039663461538461536 0.04927884615384615
0 0.5612980769230769 0.9615384615384616 0.039663461538461536 0.06610576923076923
0 0.6033653846153846 0.9711538461538461 0.026442307692307692 0.052884615384615384
0 0.6057692307692307 0.7079326923076923 0.057692307692307696 0.06370192307692307
0 0.6021634615384616 0.6117788461538461 0.052884615384615384 0.06850961538461539
0 0.5180288461538461 0.6045673076923077 0.055288461538461536 0.052884615384615384
0 0.5600961538461539 0.46875 0.03365384615384615 0.07091346153846154
0 0.359375 0.5492788461538461 0.04447115384615385 0.07211538461538461
0 0.7728365384615384 0.35697115384615385 0.04447115384615385 0.04447115384615385
0 0.7572115384615384 0.39783653846153844 0.04567307692307692 0.04567307692307692
0 0.7427884615384616 0.45072115384615385 0.038461538461538464 0.04807692307692308
0 0.7067307692307693 0.46033653846153844 0.039663461538461536 0.027644230769230768
0 0.8786057692307693 0.41225961538461536 0.06370192307692307 0.04447115384615385
0 0.7836538461538461 0.4567307692307692 0.03485576923076923 0.056490384615384616
0 0.15144230769230768 0.5492788461538461 0.056490384615384616 0.09735576923076923