0 0.30408653846153844 0.7079326923076923 0.055288461538461536 0.0673076923076923
0 0.3713942307692308 0.7043269230769231 0.052884615384615384 0.07211538461538461
0 0.4495192307692308 0.7764423076923077 0.057692307692307696 0.06971153846153846
0 0.6430288461538461 0.24879807692307693 0.0673076923076923 0.07692307692307693
0 0.7836538461538461 0.109375 0.057692307692307696 0.07211538461538461
0 0.8305288461538461 0.8786057692307693 0.07451923076923077 0.09375
0 0.9266826923076923 0.7331730769230769 0.06971153846153846 0.11057692307692307
0 0.7908653846153846 0.9603365384615384 0.057692307692307696 0.07932692307692307
0 0.6694711538461539 0.8641826923076923 0.0625 0.09134615384615384
0 0.016826923076923076 0.5985576923076923 0.03365384615384615 0.07211538461538461
0 0.22596153846153846 0.5432692307692307 0.07932692307692307 0.07211538461538461
0 0.5216346153846154 0.6802884615384616 0.10336538461538461 0.10576923076923077
0 0.38461538461538464 0.6021634615384616 0.08653846153846154 0.11057692307692307
0 0.22956730769230768 0.6862980769230769 0.07211538461538461 0.08653846153846154
0 0.140625 0.6201923076923077 0.09375 0.0985576923076923
0 0.038461538461538464 0.4795673076923077 0.07692307692307693 0.12259615384615384
0 0.7800480769230769 0.765625 0.07451923076923077 0.10336538461538461
0 0.6826923076923077 0.6814903846153846 0.06490384615384616 0.08653846153846154
0 0.6466346153846154 0.7992788461538461 0.08173076923076923 0.11778846153846154
0 0.8185096153846154 0.9831730769230769 0.055288461538461536 0.03365384615384615