0 0.33413461538461536 0.5456730769230769 0.04447115384615385 0.04807692307692308
0 0.4074519230769231 0.5228365384615384 0.040865384615384616 0.05048076923076923
0 0.4879807692307692 0.3762019230769231 0.037259615384615384 0.051682692307692304
0 0.6165865384615384 0.9170673076923077 0.04326923076923077 0.06610576923076923
0 0.6069711538461539 0.78125 0.046875 0.09615384615384616
0 0.4495192307692308 0.5204326923076923 0.036057692307692304 0.08173076923076923
0 0.47836538461538464 0.9362980769230769 0.04927884615384615 0.0829326923076923
0 0.44591346153846156 0.9194711538461539 0.039663461538461536 0.06610576923076923
0 0.42427884615384615 0.8461538461538461 0.04447115384615385 0.07932692307692307
0 0.29086538461538464 0.6935096153846154 0.04326923076923077 0.06610576923076923
0 0.22115384615384615 0.5420673076923077 0.03245192307692308 0.051682692307692304
0 0.7055288461538461 0.9170673076923077 0.052884615384615384 0.054086538461538464
0 0.8533653846153846 0.9459134615384616 0.037259615384615384 0.06971153846153846
0 0.90625 0.875 0.055288461538461536 0.0829326923076923
0 0.8894230769230769 0.5877403846153846 0.04326923076923077 0.0889423076923077
0 0.8545673076923077 0.46634615384615385 0.03365384615384615 0.06610576923076923
0 0.8834134615384616 0.13581730769230768 0.05889423076923077 0.0889423076923077
0 0.9795673076923077 0.19230769230769232 0.039663461538461536 0.06610576923076923
0 0.9591346153846154 0.09735576923076923 0.037259615384615384 0.07572115384615384