0 0.5408653846153846 0.19110576923076922 0.07451923076923077 0.08173076923076923
0 0.453125 0.1814903846153846 0.04807692307692308 0.06009615384615385
0 0.40625 0.11177884615384616 0.06490384615384616 0.07692307692307693
0 0.21514423076923078 0.13581730769230768 0.08173076923076923 0.09375
0 0.21995192307692307 0.04807692307692308 0.06009615384615385 0.0625
0 0.10336538461538461 0.3004807692307692 0.0673076923076923 0.08653846153846154
0 0.018028846153846152 0.4026442307692308 0.02403846153846154 0.036057692307692304
0 0.014423076923076924 0.5192307692307693 0.028846153846153848 0.0625
0 0.3125 0.8485576923076923 0.0625 0.09615384615384616
0 0.3870192307692308 0.890625 0.05048076923076923 0.057692307692307696
0 0.47475961538461536 0.8846153846153846 0.04807692307692308 0.07451923076923077
0 0.5889423076923077 0.9278846153846154 0.05048076923076923 0.0625
0 0.5024038461538461 0.3485576923076923 0.04567307692307692 0.04326923076923077
0 0.5492788461538461 0.34615384615384615 0.03125 0.036057692307692304
0 0.5817307692307693 0.3894230769230769 0.04807692307692308 0.040865384615384616
0 0.5637019230769231 0.46153846153846156 0.04326923076923077 0.04326923076923077
0 0.6021634615384616 0.4735576923076923 0.040865384615384616 0.04807692307692308
0 0.47596153846153844 0.46153846153846156 0.04326923076923077 0.055288461538461536
0 0.40384615384615385 0.5661057692307693 0.05048076923076923 0.040865384615384616
0 0.34134615384615385 0.5829326923076923 0.04807692307692308 0.040865384615384616
0 0.33653846153846156 0.5048076923076923 0.07451923076923077 0.07211538461538461
0 0.3137019230769231 0.32091346153846156 0.04807692307692308 0.052884615384615384
0 0.4170673076923077 0.2800480769230769 0.040865384615384616 0.06490384615384616
0 0.27884615384615385 0.21153846153846154 0.052884615384615384 0.052884615384615384
0 0.5276442307692307 0.24759615384615385 0.04807692307692308 0.04567307692307692
0 0.46274038461538464 0.26802884615384615 0.040865384615384616 0.04567307692307692
0 0.6334134615384616 0.2956730769230769 0.06009615384615385 0.057692307692307696
0 0.65625 0.19471153846153846 0.05048076923076923 0.040865384615384616
0 0.7403846153846154 0.2920673076923077 0.04326923076923077 0.04326923076923077
0 0.7920673076923077 0.25841346153846156 0.052884615384615384 0.038461538461538464
0 0.8064903846153846 0.22716346153846154 0.04567307692307692 0.040865384615384616
0 0.8629807692307693 0.33052884615384615 0.040865384615384616 0.04567307692307692
0 0.8209134615384616 0.33052884615384615 0.038461538461538464 0.04326923076923077
0 0.7668269230769231 0.4879807692307692 0.04326923076923077 0.05048076923076923
0 0.7055288461538461 0.453125 0.036057692307692304 0.052884615384615384
0 0.6971153846153846 0.5697115384615384 0.038461538461538464 0.04807692307692308
0 0.7427884615384616 0.5612980769230769 0.04326923076923077 0.04326923076923077
0 0.6935096153846154 0.6322115384615384 0.038461538461538464 0.057692307692307696
0 0.6298076923076923 0.6622596153846154 0.040865384615384616 0.04326923076923077
0 0.7391826923076923 0.7055288461538461 0.055288461538461536 0.0625
0 0.8028846153846154 0.6682692307692307 0.04567307692307692 0.04567307692307692
0 0.8125 0.5432692307692307 0.052884615384615384 0.0625
0 0.9266826923076923 0.4362980769230769 0.04326923076923077 0.04326923076923077
0 0.8605769230769231 0.41466346153846156 0.05048076923076923 0.057692307692307696
0 0.9771634615384616 0.4735576923076923 0.04567307692307692 0.04326923076923077
0 0.9783653846153846 0.22956730769230768 0.04326923076923077 0.05048076923076923
0 0.9375 0.5372596153846154 0.05048076923076923 0.03125
0 0.9399038461538461 0.5685096153846154 0.02403846153846154 0.028846153846153848
0 0.9555288461538461 0.6298076923076923 0.0673076923076923 0.07211538461538461
0 0.9038461538461539 0.6790865384615384 0.06009615384615385 0.04807692307692308
0 0.8629807692307693 0.7367788461538461 0.04326923076923077 0.07211538461538461
0 0.9387019230769231 0.7548076923076923 0.03125 0.03125
0 0.9314903846153846 0.796875 0.02403846153846154 0.028846153846153848
0 0.9086538461538461 0.8677884615384616 0.038461538461538464 0.05048076923076923
0 0.8161057692307693 0.9014423076923077 0.04807692307692308 0.07211538461538461
0 0.7199519230769231 0.9483173076923077 0.04326923076923077 0.052884615384615384
0 0.6658653846153846 0.9555288461538461 0.055288461538461536 0.0673076923076923