0 0.27163461538461536 0.05889423076923077 0.052884615384615384 0.06850961538461539
0 0.265625 0.15144230769230768 0.03485576923076923 0.06370192307692307
0 0.20432692307692307 0.23918269230769232 0.030048076923076924 0.052884615384615384
0 0.15384615384615385 0.23557692307692307 0.04567307692307692 0.042067307692307696
0 0.07932692307692307 0.3401442307692308 0.03245192307692308 0.036057692307692304
0 0.09975961538461539 0.4014423076923077 0.06129807692307692 0.03125
0 0.16105769230769232 0.46153846153846156 0.04326923076923077 0.054086538461538464
0 0.1201923076923077 0.5793269230769231 0.04326923076923077 0.038461538461538464
0 0.19471153846153846 0.5384615384615384 0.03485576923076923 0.038461538461538464
0 0.24158653846153846 0.5444711538461539 0.03245192307692308 0.04807692307692308
0 0.2800480769230769 0.5408653846153846 0.036057692307692304 0.038461538461538464
0 0.22115384615384615 0.5793269230769231 0.036057692307692304 0.040865384615384616
0 0.19591346153846154 0.7235576923076923 0.03485576923076923 0.054086538461538464
0 0.24879807692307693 0.75 0.03485576923076923 0.04447115384615385
0 0.3641826923076923 0.6586538461538461 0.027644230769230768 0.038461538461538464
0 0.43990384615384615 0.5348557692307693 0.05048076923076923 0.042067307692307696
0 0.42908653846153844 0.39663461538461536 0.038461538461538464 0.04447115384615385
0 0.42908653846153844 0.3629807692307692 0.039663461538461536 0.027644230769230768
0 0.38461538461538464 0.265625 0.040865384615384616 0.06370192307692307
0 0.3245192307692308 0.21634615384615385 0.042067307692307696 0.039663461538461536
0 0.3233173076923077 0.3317307692307692 0.042067307692307696 0.04447115384615385
0 0.2764423076923077 0.3389423076923077 0.03125 0.056490384615384616
0 0.24519230769230768 0.41586538461538464 0.03485576923076923 0.052884615384615384
0 0.421875 0.12860576923076922 0.05048076923076923 0.046875
0 0.47716346153846156 0.19591346153846154 0.04447115384615385 0.036057692307692304
0 0.5084134615384616 0.33653846153846156 0.027644230769230768 0.05889423076923077
0 0.6057692307692307 0.23677884615384615 0.037259615384615384 0.051682692307692304
0 0.640625 0.2932692307692308 0.04326923076923077 0.028846153846153848
0 0.6466346153846154 0.31971153846153844 0.04447115384615385 0.02403846153846154
0 0.5985576923076923 0.39783653846153844 0.040865384615384616 0.039663461538461536
0 0.5564903846153846 0.4362980769230769 0.03125 0.052884615384615384
0 0.4879807692307692 0.6502403846153846 0.04326923076923077 0.040865384615384616
0 0.6730769230769231 0.5372596153846154 0.038461538461538464 0.05048076923076923
0 0.71875 0.5384615384615384 0.038461538461538464 0.05048076923076923
0 0.7451923076923077 0.5228365384615384 0.025240384615384616 0.05048076923076923
0 0.7956730769230769 0.46875 0.037259615384615384 0.052884615384615384
0 0.8389423076923077 0.5649038461538461 0.03365384615384615 0.040865384615384616
0 0.7824519230769231 0.6117788461538461 0.021634615384615384 0.037259615384615384
0 0.7403846153846154 0.3076923076923077 0.04447115384615385 0.04927884615384615
0 0.8100961538461539 0.9639423076923077 0.051682692307692304 0.06129807692307692
0 0.8786057692307693 0.6658653846153846 0.026442307692307692 0.039663461538461536