0 0.3713942307692308 0.390625 0.036057692307692304 0.05889423076923077
0 0.4206730769230769 0.39903846153846156 0.04567307692307692 0.0625
0 0.47475961538461536 0.4735576923076923 0.05889423076923077 0.03365384615384615
0 0.515625 0.5649038461538461 0.039663461538461536 0.051682692307692304
0 0.3942307692307692 0.5877403846153846 0.03125 0.07932692307692307
0 0.3401442307692308 0.5540865384615384 0.04447115384615385 0.09975961538461539
0 0.35336538461538464 0.7223557692307693 0.03365384615384615 0.06490384615384616
0 0.3137019230769231 0.7211538461538461 0.036057692307692304 0.04326923076923077
0 0.2848557692307692 0.7127403846153846 0.040865384615384616 0.0625
0 0.21754807692307693 0.7319711538461539 0.036057692307692304 0.056490384615384616
0 0.20432692307692307 0.7884615384615384 0.046875 0.04447115384615385
0 0.21875 0.4423076923076923 0.0673076923076923 0.042067307692307696
0 0.21514423076923078 0.30288461538461536 0.046875 0.06971153846153846
0 0.13822115384615385 0.3629807692307692 0.042067307692307696 0.054086538461538464
0 0.3161057692307692 0.27524038461538464 0.03245192307692308 0.06129807692307692
0 0.4543269230769231 0.05889423076923077 0.04567307692307692 0.04447115384615385
0 0.5576923076923077 0.07091346153846154 0.06009615384615385 0.054086538461538464
0 0.6682692307692307 0.09615384615384616 0.04807692307692308 0.05048076923076923
0 0.7139423076923077 0.054086538461538464 0.030048076923076924 0.038461538461538464
0 0.6826923076923077 0.021634615384615384 0.04807692307692308 0.036057692307692304
0 0.6286057692307693 0.01201923076923077 0.042067307692307696 0.018028846153846152
0 0.7259615384615384 0.016826923076923076 0.038461538461538464 0.015625
0 0.9399038461538461 0.051682692307692304 0.04927884615384615 0.052884615384615384
0 0.984375 0.14423076923076922 0.028846153846153848 0.057692307692307696
0 0.9290865384615384 0.18028846153846154 0.06129807692307692 0.046875
0 0.8137019230769231 0.23677884615384615 0.04927884615384615 0.056490384615384616
0 0.7608173076923077 0.25600961538461536 0.03485576923076923 0.04326923076923077
0 0.7572115384615384 0.1658653846153846 0.055288461538461536 0.0673076923076923
0 0.7043269230769231 0.1778846153846154 0.015625 0.03125
0 0.6418269230769231 0.28846153846153844 0.05048076923076923 0.025240384615384616
0 0.6658653846153846 0.3233173076923077 0.05048076923076923 0.04567307692307692
0 0.5757211538461539 0.4423076923076923 0.028846153846153848 0.04807692307692308
0 0.6454326923076923 0.5060096153846154 0.057692307692307696 0.03125
0 0.7355769230769231 0.4675480769230769 0.040865384615384616 0.056490384615384616
0 0.8521634615384616 0.4362980769230769 0.052884615384615384 0.040865384615384616
0 0.8605769230769231 0.4014423076923077 0.03125 0.04447115384615385
0 0.9603365384615384 0.5108173076923077 0.03365384615384615 0.07211538461538461
0 0.9302884615384616 0.6646634615384616 0.042067307692307696 0.052884615384615384
0 0.8653846153846154 0.6778846153846154 0.04567307692307692 0.0625
0 0.8100961538461539 0.5480769230769231 0.03485576923076923 0.07572115384615384
0 0.7644230769230769 0.6165865384615384 0.03485576923076923 0.0625
0 0.7139423076923077 0.6021634615384616 0.038461538461538464 0.055288461538461536
0 0.6009615384615384 0.6923076923076923 0.04807692307692308 0.06129807692307692
0 0.6262019230769231 0.8112980769230769 0.046875 0.07692307692307693