0 0.14543269230769232 0.6165865384615384 0.09134615384615384 0.09615384615384616
0 0.007211538461538462 0.4014423076923077 0.014423076923076924 0.04807692307692308
0 0.1045673076923077 0.32572115384615385 0.07451923076923077 0.07451923076923077
0 0.28125 0.08413461538461539 0.057692307692307696 0.0625
0 0.3605769230769231 0.203125 0.06009615384615385 0.06490384615384616
0 0.39903846153846156 0.171875 0.057692307692307696 0.0625
0 0.43990384615384615 0.10336538461538461 0.07211538461538461 0.07451923076923077
0 0.38341346153846156 0.020432692307692308 0.055288461538461536 0.040865384615384616
0 0.5264423076923077 0.09134615384615384 0.07932692307692307 0.08173076923076923
0 0.5985576923076923 0.16947115384615385 0.07211538461538461 0.07211538461538461
0 0.6069711538461539 0.057692307692307696 0.07211538461538461 0.07451923076923077
0 0.6490384615384616 0.016826923076923076 0.07211538461538461 0.03365384615384615
0 0.6189903846153846 0.27163461538461536 0.055288461538461536 0.055288461538461536
0 0.3870192307692308 0.46875 0.06490384615384616 0.0625
0 0.41346153846153844 0.4987980769230769 0.0625 0.06009615384615385
0 0.41346153846153844 0.5444711538461539 0.052884615384615384 0.055288461538461536
0 0.3605769230769231 0.6298076923076923 0.08173076923076923 0.08173076923076923
0 0.3076923076923077 0.6262019230769231 0.07451923076923077 0.07451923076923077
0 0.4375 0.6586538461538461 0.07211538461538461 0.07211538461538461
0 0.5576923076923077 0.7403846153846154 0.0985576923076923 0.10096153846153846
0 0.4362980769230769 0.9723557692307693 0.10817307692307693 0.055288461538461536
0 0.7331730769230769 0.8629807692307693 0.07451923076923077 0.07932692307692307
0 0.7704326923076923 0.8413461538461539 0.055288461538461536 0.057692307692307696
0 0.7800480769230769 0.7079326923076923 0.09134615384615384 0.09615384615384616
0 0.7836538461538461 0.5673076923076923 0.0625 0.0625
0 0.8353365384615384 0.5528846153846154 0.06009615384615385 0.057692307692307696
0 0.8786057692307693 0.5528846153846154 0.07692307692307693 0.07692307692307693
0 0.8485576923076923 0.48197115384615385 0.0625 0.06490384615384616
0 0.8473557692307693 0.6057692307692307 0.06009615384615385 0.06009615384615385
0 0.8653846153846154 0.6586538461538461 0.055288461538461536 0.057692307692307696
0 0.9711538461538461 0.6634615384615384 0.057692307692307696 0.0625
0 0.984375 0.578125 0.03125 0.08413461538461539