0 0.4074519230769231 0.04807692307692308 0.0889423076923077 0.09615384615384616
0 0.4543269230769231 0.15985576923076922 0.07211538461538461 0.08173076923076923
0 0.5829326923076923 0.06850961538461539 0.06971153846153846 0.08413461538461539
0 0.6814903846153846 0.13822115384615385 0.07211538461538461 0.07211538461538461
0 0.6370192307692307 0.20072115384615385 0.08173076923076923 0.08413461538461539
0 0.5144230769230769 0.33533653846153844 0.09375 0.11298076923076923
0 0.3088942307692308 0.4519230769230769 0.09375 0.0985576923076923
0 0.17908653846153846 0.44350961538461536 0.09134615384615384 0.0985576923076923
0 0.34134615384615385 0.6141826923076923 0.052884615384615384 0.057692307692307696
0 0.15985576923076922 0.7403846153846154 0.07692307692307693 0.08173076923076923
0 0.5516826923076923 0.4987980769230769 0.08653846153846154 0.0889423076923077
0 0.6129807692307693 0.39903846153846156 0.08653846153846154 0.10336538461538461
0 0.6826923076923077 0.33413461538461536 0.07932692307692307 0.08173076923076923
0 0.8701923076923077 0.4387019230769231 0.0889423076923077 0.09615384615384616
0 0.9110576923076923 0.4795673076923077 0.07692307692307693 0.0889423076923077
0 0.96875 0.390625 0.0625 0.09375
0 0.7908653846153846 0.7692307692307693 0.08413461538461539 0.08653846153846154
0 0.8221153846153846 0.8245192307692307 0.07692307692307693 0.0889423076923077
0 0.6189903846153846 0.7283653846153846 0.09375 0.09134615384615384
0 0.7043269230769231 0.6069711538461539 0.08413461538461539 0.08653846153846154