0 0.6213942307692307 0.15865384615384615 0.06009615384615385 0.07932692307692307
0 0.6814903846153846 0.22956730769230768 0.07211538461538461 0.09134615384615384
0 0.3954326923076923 0.27884615384615385 0.07211538461538461 0.08653846153846154
0 0.24879807692307693 0.02403846153846154 0.07451923076923077 0.04807692307692308
0 0.43509615384615385 0.013221153846153846 0.07211538461538461 0.026442307692307692
0 0.17067307692307693 0.3173076923076923 0.04326923076923077 0.05048076923076923
0 0.08052884615384616 0.78125 0.08653846153846154 0.09375
0 0.8209134615384616 0.6334134615384616 0.057692307692307696 0.07451923076923077
0 0.9086538461538461 0.5649038461538461 0.057692307692307696 0.0889423076923077
0 0.7319711538461539 0.5853365384615384 0.06009615384615385 0.08413461538461539
0 0.8858173076923077 0.25721153846153844 0.07451923076923077 0.0985576923076923
0 0.4951923076923077 0.24278846153846154 0.0889423076923077 0.1466346153846154
0 0.6694711538461539 0.7259615384615384 0.09375 0.09134615384615384
0 0.8076923076923077 0.7319711538461539 0.052884615384615384 0.08173076923076923
0 0.9134615384615384 0.6430288461538461 0.06971153846153846 0.0889423076923077
0 0.9459134615384616 0.6706730769230769 0.06009615384615385 0.09615384615384616
0 0.25721153846153844 0.8605769230769231 0.052884615384615384 0.06971153846153846
0 0.30288461538461536 0.9338942307692307 0.03365384615384615 0.052884615384615384
0 0.3473557692307692 0.9507211538461539 0.038461538461538464 0.04807692307692308
0 0.3858173076923077 0.9579326923076923 0.038461538461538464 0.04807692307692308
0 0.7692307692307693 0.7151442307692307 0.057692307692307696 0.07451923076923077
0 0.8125 0.5564903846153846 0.057692307692307696 0.07692307692307693
0 0.8209134615384616 0.1310096153846154 0.06490384615384616 0.0985576923076923
0 0.9435096153846154 0.15264423076923078 0.06009615384615385 0.06971153846153846
0 0.9783653846153846 0.15625 0.04326923076923077 0.052884615384615384
0 0.34615384615384615 0.018028846153846152 0.08653846153846154 0.036057692307692304