0 0.24879807692307693 0.2824519230769231 0.06490384615384616 0.08653846153846154
0 0.203125 0.5324519230769231 0.07211538461538461 0.11538461538461539
0 0.14182692307692307 0.4543269230769231 0.052884615384615384 0.07451923076923077
0 0.13221153846153846 0.39903846153846156 0.05048076923076923 0.06490384615384616
0 0.051682692307692304 0.3605769230769231 0.057692307692307696 0.08413461538461539
0 0.06610576923076923 0.7487980769230769 0.057692307692307696 0.07451923076923077
0 0.12980769230769232 0.8834134615384616 0.06009615384615385 0.0673076923076923
0 0.18990384615384615 0.9639423076923077 0.05048076923076923 0.0673076923076923
0 0.2247596153846154 0.9254807692307693 0.05048076923076923 0.07451923076923077
0 0.2620192307692308 0.9747596153846154 0.057692307692307696 0.05048076923076923
0 0.32091346153846156 0.9831730769230769 0.04567307692307692 0.03365384615384615
0 0.2668269230769231 0.7800480769230769 0.0673076923076923 0.09615384615384616
0 0.30528846153846156 0.6862980769230769 0.04807692307692308 0.07692307692307693
0 0.4026442307692308 0.7596153846153846 0.057692307692307696 0.06490384615384616
0 0.46634615384615385 0.7680288461538461 0.052884615384615384 0.0673076923076923
0 0.5036057692307693 0.9699519230769231 0.06490384615384616 0.06009615384615385
0 0.5829326923076923 0.9771634615384616 0.04567307692307692 0.040865384615384616
0 0.6658653846153846 0.9302884615384616 0.04326923076923077 0.07211538461538461
0 0.5889423076923077 0.8016826923076923 0.052884615384615384 0.08413461538461539
0 0.5432692307692307 0.6466346153846154 0.057692307692307696 0.06009615384615385
0 0.6598557692307693 0.7367788461538461 0.05048076923076923 0.0673076923076923
0 0.5432692307692307 0.4423076923076923 0.06009615384615385 0.07451923076923077
0 0.6790865384615384 0.47475961538461536 0.04807692307692308 0.07932692307692307
0 0.9038461538461539 0.6057692307692307 0.07211538461538461 0.07932692307692307
0 0.8521634615384616 0.734375 0.07451923076923077 0.10817307692307693
0 0.8016826923076923 0.890625 0.055288461538461536 0.08653846153846154
0 0.9807692307692307 0.7439903846153846 0.038461538461538464 0.05048076923076923
0 0.9579326923076923 0.7199519230769231 0.038461538461538464 0.04567307692307692
0 0.9302884615384616 0.7127403846153846 0.04326923076923077 0.04326923076923077
0 0.9338942307692307 0.33653846153846156 0.055288461538461536 0.08413461538461539
0 0.10096153846153846 0.21634615384615385 0.0985576923076923 0.14182692307692307