0 0.2620192307692308 0.026442307692307692 0.04326923076923077 0.052884615384615384
0 0.23798076923076922 0.01201923076923077 0.057692307692307696 0.02403846153846154
0 0.15264423076923078 0.013221153846153846 0.04567307692307692 0.026442307692307692
0 0.27403846153846156 0.11899038461538461 0.04326923076923077 0.040865384615384616
0 0.25841346153846156 0.21153846153846154 0.04567307692307692 0.04807692307692308
0 0.23918269230769232 0.31490384615384615 0.040865384615384616 0.08653846153846154
0 0.2764423076923077 0.34615384615384615 0.04326923076923077 0.03125
0 0.2620192307692308 0.4050480769230769 0.052884615384615384 0.057692307692307696
0 0.23918269230769232 0.453125 0.04326923076923077 0.06009615384615385
0 0.22115384615384615 0.3737980769230769 0.03125 0.04807692307692308
0 0.1814903846153846 0.3389423076923077 0.052884615384615384 0.06009615384615385
0 0.17427884615384615 0.4050480769230769 0.038461538461538464 0.04567307692307692
0 0.18509615384615385 0.4495192307692308 0.040865384615384616 0.03365384615384615
0 0.15625 0.48197115384615385 0.04567307692307692 0.057692307692307696
0 0.16346153846153846 0.5685096153846154 0.04567307692307692 0.0673076923076923
0 0.15985576923076922 0.6526442307692307 0.052884615384615384 0.07451923076923077
0 0.22355769230769232 0.6394230769230769 0.038461538461538464 0.06009615384615385
0 0.16105769230769232 0.7475961538461539 0.04326923076923077 0.0889423076923077
0 0.10096153846153846 0.7740384615384616 0.03365384615384615 0.04326923076923077
0 0.0733173076923077 0.8004807692307693 0.04326923076923077 0.038461538461538464
0 0.08774038461538461 0.6478365384615384 0.038461538461538464 0.0673076923076923
0 0.06490384615384616 0.640625 0.03125 0.07692307692307693
0 0.07692307692307693 0.47716346153846156 0.038461538461538464 0.06971153846153846
0 0.21995192307692307 0.8125 0.05048076923076923 0.0625
0 0.2692307692307692 0.796875 0.026442307692307692 0.04567307692307692
0 0.28725961538461536 0.8257211538461539 0.04326923076923077 0.04807692307692308
0 0.3004807692307692 0.8677884615384616 0.03365384615384615 0.04326923076923077
0 0.3161057692307692 0.9074519230769231 0.05048076923076923 0.0673076923076923
0 0.390625 0.3942307692307692 0.04326923076923077 0.04807692307692308
0 0.4326923076923077 0.21995192307692307 0.04567307692307692 0.036057692307692304
0 0.47836538461538464 0.10336538461538461 0.038461538461538464 0.052884615384615384
0 0.48677884615384615 0.15144230769230768 0.040865384615384616 0.06009615384615385
0 0.5324519230769231 0.06971153846153846 0.04326923076923077 0.05048076923076923
0 0.6165865384615384 0.04326923076923077 0.040865384615384616 0.055288461538461536
0 0.7716346153846154 0.18389423076923078 0.038461538461538464 0.038461538461538464
0 0.8088942307692307 0.11778846153846154 0.040865384615384616 0.055288461538461536
0 0.7439903846153846 0.18389423076923078 0.04567307692307692 0.06490384615384616
0 0.6790865384615384 0.21875 0.04326923076923077 0.0889423076923077
0 0.578125 0.2824519230769231 0.038461538461538464 0.04567307692307692
0 0.53125 0.34615384615384615 0.03365384615384615 0.052884615384615384
0 0.5144230769230769 0.41466346153846156 0.038461538461538464 0.055288461538461536
0 0.4639423076923077 0.5012019230769231 0.04326923076923077 0.0673076923076923
0 0.3858173076923077 0.5504807692307693 0.052884615384615384 0.06009615384615385
0 0.36177884615384615 0.6899038461538461 0.04807692307692308 0.09375
0 0.43990384615384615 0.7740384615384616 0.04567307692307692 0.06490384615384616
0 0.6262019230769231 0.9627403846153846 0.06009615384615385 0.07211538461538461
0 0.49038461538461536 0.8701923076923077 0.038461538461538464 0.0625
0 0.4338942307692308 0.8629807692307693 0.028846153846153848 0.04807692307692308
0 0.41947115384615385 0.8942307692307693 0.036057692307692304 0.040865384615384616
0 0.40625 0.9098557692307693 0.038461538461538464 0.04567307692307692
0 0.6634615384615384 0.5528846153846154 0.03365384615384615 0.06490384615384616
0 0.6105769230769231 0.6814903846153846 0.052884615384615384 0.07932692307692307
0 0.5516826923076923 0.5012019230769231 0.03365384615384615 0.057692307692307696
0 0.4831730769230769 0.5877403846153846 0.05048076923076923 0.06971153846153846
0 0.8149038461538461 0.3269230769230769 0.057692307692307696 0.06971153846153846
0 0.43990384615384615 0.17067307692307693 0.040865384615384616 0.04567307692307692
0 0.5504807692307693 0.22115384615384615 0.040865384615384616 0.06009615384615385
0 0.484375 0.021634615384615384 0.05048076923076923 0.04326923076923077
0 0.38221153846153844 0.27283653846153844 0.04807692307692308 0.06009615384615385
0 0.8653846153846154 0.1814903846153846 0.08173076923076923 0.09615384615384616