0 0.03125 0.6213942307692307 0.0625 0.07932692307692307
0 0.15985576923076922 0.6358173076923077 0.0889423076923077 0.09134615384615384
0 0.15384615384615385 0.7800480769230769 0.0625 0.0625
0 0.36658653846153844 0.9711538461538461 0.0985576923076923 0.057692307692307696
0 0.34975961538461536 0.9050480769230769 0.07932692307692307 0.07692307692307693
0 0.4026442307692308 0.4110576923076923 0.09134615384615384 0.09134615384615384
0 0.3858173076923077 0.3473557692307692 0.07932692307692307 0.07692307692307693
0 0.2403846153846154 0.3125 0.07211538461538461 0.07451923076923077
0 0.1658653846153846 0.375 0.07932692307692307 0.07932692307692307
0 0.203125 0.3737980769230769 0.0625 0.0625
0 0.3401442307692308 0.2439903846153846 0.0889423076923077 0.0889423076923077
0 0.36177884615384615 0.04807692307692308 0.0889423076923077 0.0889423076923077
0 0.42427884615384615 0.036057692307692304 0.06490384615384616 0.0625
0 0.47596153846153844 0.20552884615384615 0.07932692307692307 0.07932692307692307
0 0.6262019230769231 0.2283653846153846 0.08653846153846154 0.08413461538461539
0 0.6826923076923077 0.3449519230769231 0.13221153846153846 0.1346153846153846
0 0.5288461538461539 0.41346153846153844 0.08653846153846154 0.08653846153846154
0 0.5805288461538461 0.5192307692307693 0.07211538461538461 0.07211538461538461
0 0.14302884615384615 0.42908653846153844 0.07451923076923077 0.07451923076923077
0 0.5504807692307693 0.02283653846153846 0.1201923076923077 0.04567307692307692
0 0.6538461538461539 0.078125 0.10336538461538461 0.10336538461538461
0 0.7680288461538461 0.12740384615384615 0.0985576923076923 0.10336538461538461