0 0.46875 0.5420673076923077 0.0889423076923077 0.10336538461538461
0 0.5108173076923077 0.390625 0.07932692307692307 0.09134615384615384
0 0.7007211538461539 0.7055288461538461 0.08653846153846154 0.09615384615384616
0 0.4014423076923077 0.6189903846153846 0.08413461538461539 0.08413461538461539
0 0.3125 0.7680288461538461 0.06971153846153846 0.07692307692307693
0 0.20552884615384615 0.6959134615384616 0.0889423076923077 0.10096153846153846
0 0.13581730769230768 0.4074519230769231 0.07932692307692307 0.10336538461538461
0 0.04567307692307692 0.5012019230769231 0.06490384615384616 0.08653846153846154
0 0.018028846153846152 0.5925480769230769 0.036057692307692304 0.06971153846153846
0 0.054086538461538464 0.6442307692307693 0.08173076923076923 0.07932692307692307
0 0.29447115384615385 0.9098557692307693 0.07692307692307693 0.08653846153846154
0 0.32572115384615385 0.9735576923076923 0.08413461538461539 0.052884615384615384
0 0.6790865384615384 0.4855769230769231 0.16346153846153846 0.16346153846153846
0 0.5192307692307693 0.5276442307692307 0.06971153846153846 0.07932692307692307