0 0.359375 0.35336538461538464 0.07451923076923077 0.1201923076923077
0 0.8317307692307693 0.3329326923076923 0.07211538461538461 0.11057692307692307
0 0.6382211538461539 0.7055288461538461 0.0673076923076923 0.08413461538461539
0 0.6081730769230769 0.6478365384615384 0.052884615384615384 0.0673076923076923
0 0.5096153846153846 0.8509615384615384 0.07692307692307693 0.125
0 0.6826923076923077 0.9375 0.0625 0.057692307692307696
0 0.06009615384615385 0.5288461538461539 0.08173076923076923 0.14903846153846154
0 0.19591346153846154 0.7175480769230769 0.07932692307692307 0.14423076923076922
0 0.05048076923076923 0.7788461538461539 0.07211538461538461 0.10336538461538461
0 0.11538461538461539 0.9735576923076923 0.0673076923076923 0.052884615384615384
0 0.14302884615384615 0.18990384615384615 0.1346153846153846 0.14423076923076922
0 0.6274038461538461 0.8581730769230769 0.06009615384615385 0.05048076923076923
0 0.6706730769230769 0.8834134615384616 0.06490384615384616 0.04807692307692308