0 0.41947115384615385 0.5661057692307693 0.06490384615384616 0.07211538461538461
0 0.4362980769230769 0.7439903846153846 0.0673076923076923 0.07692307692307693
0 0.3762019230769231 0.7596153846153846 0.06490384615384616 0.07692307692307693
0 0.3942307692307692 0.8942307692307693 0.10817307692307693 0.11538461538461539
0 0.33774038461538464 0.7908653846153846 0.09615384615384616 0.11298076923076923
0 0.140625 0.7716346153846154 0.07932692307692307 0.09134615384615384
0 0.16706730769230768 0.6598557692307693 0.08173076923076923 0.09134615384615384
0 0.056490384615384616 0.5757211538461539 0.06971153846153846 0.0673076923076923
0 0.16826923076923078 0.4170673076923077 0.07211538461538461 0.07932692307692307
0 0.8052884615384616 0.5276442307692307 0.06009615384615385 0.08413461538461539
0 0.9122596153846154 0.5336538461538461 0.08173076923076923 0.09134615384615384
0 0.9338942307692307 0.734375 0.052884615384615384 0.07932692307692307
0 0.3485576923076923 0.6959134615384616 0.0625 0.07932692307692307
0 0.3137019230769231 0.6466346153846154 0.07211538461538461 0.07932692307692307
0 0.28125 0.7379807692307693 0.057692307692307696 0.07692307692307693
0 0.07572115384615384 0.3798076923076923 0.09134615384615384 0.11538461538461539
0 0.27283653846153844 0.27524038461538464 0.06490384615384616 0.08173076923076923
0 0.8942307692307693 0.6538461538461539 0.07211538461538461 0.07932692307692307
0 0.9158653846153846 0.7199519230769231 0.08413461538461539 0.10576923076923077
0 0.6418269230769231 0.4651442307692308 0.0889423076923077 0.10096153846153846