0 0.33774038461538464 0.4423076923076923 0.04807692307692308 0.06971153846153846
0 0.3942307692307692 0.44471153846153844 0.057692307692307696 0.07451923076923077
0 0.4639423076923077 0.5204326923076923 0.06971153846153846 0.04567307692307692
0 0.5216346153846154 0.6153846153846154 0.05048076923076923 0.0625
0 0.390625 0.65625 0.04567307692307692 0.09134615384615384
0 0.32572115384615385 0.6262019230769231 0.0625 0.11538461538461539
0 0.3641826923076923 0.8100961538461539 0.04567307692307692 0.07692307692307693
0 0.31971153846153844 0.8137019230769231 0.04567307692307692 0.052884615384615384
0 0.28725961538461536 0.8088942307692307 0.052884615384615384 0.07451923076923077
0 0.21514423076923078 0.8401442307692307 0.04807692307692308 0.0673076923076923
0 0.20793269230769232 0.9038461538461539 0.057692307692307696 0.057692307692307696
0 0.1778846153846154 0.5204326923076923 0.08173076923076923 0.055288461538461536
0 0.15384615384615385 0.36658653846153844 0.06009615384615385 0.08413461538461539
0 0.078125 0.4423076923076923 0.052884615384615384 0.06490384615384616
0 0.2608173076923077 0.32211538461538464 0.04326923076923077 0.07211538461538461
0 0.38461538461538464 0.06610576923076923 0.057692307692307696 0.055288461538461536
0 0.5012019230769231 0.06370192307692307 0.07211538461538461 0.0673076923076923
0 0.6262019230769231 0.078125 0.06009615384615385 0.0625
0 0.671875 0.02403846153846154 0.038461538461538464 0.04567307692307692
0 0.6322115384615384 0.007211538461538462 0.057692307692307696 0.014423076923076924
0 0.9170673076923077 0.01201923076923077 0.055288461538461536 0.02403846153846154
0 0.9254807692307693 0.13581730769230768 0.07211538461538461 0.06009615384615385
0 0.8052884615384616 0.2127403846153846 0.0625 0.06971153846153846
0 0.75 0.2403846153846154 0.04326923076923077 0.052884615384615384
0 0.734375 0.14182692307692307 0.06971153846153846 0.08173076923076923
0 0.6778846153846154 0.16346153846153846 0.021634615384615384 0.036057692307692304
0 0.6225961538461539 0.2932692307692308 0.06009615384615385 0.03365384615384615
0 0.6550480769230769 0.328125 0.0625 0.057692307692307696
0 0.5709134615384616 0.4723557692307692 0.038461538461538464 0.055288461538461536
0 0.65625 0.5324519230769231 0.06971153846153846 0.04326923076923077
0 0.7512019230769231 0.47716346153846156 0.052884615384615384 0.06971153846153846
0 0.875 0.42788461538461536 0.06490384615384616 0.052884615384615384
0 0.8798076923076923 0.38822115384615385 0.040865384615384616 0.055288461538461536
0 0.9903846153846154 0.4951923076923077 0.019230769230769232 0.08173076923076923
0 0.9831730769230769 0.6670673076923077 0.03365384615384615 0.06490384615384616
0 0.9230769230769231 0.6923076923076923 0.06009615384615385 0.07451923076923077
0 0.8449519230769231 0.5552884615384616 0.05048076923076923 0.0889423076923077
0 0.8028846153846154 0.6382211538461539 0.04807692307692308 0.07211538461538461
0 0.7451923076923077 0.6298076923076923 0.05048076923076923 0.0673076923076923
0 0.6334134615384616 0.7439903846153846 0.0625 0.07451923076923077
0 0.6766826923076923 0.8713942307692307 0.0625 0.09134615384615384