0 0.0625 0.20552884615384615 0.04807692307692308 0.06490384615384616
0 0.06009615384615385 0.03245192307692308 0.05048076923076923 0.03125
0 0.056490384615384616 0.3954326923076923 0.04567307692307692 0.07932692307692307
0 0.13341346153846154 0.41346153846153844 0.04567307692307692 0.07451923076923077
0 0.04567307692307692 0.4891826923076923 0.052884615384615384 0.07451923076923077
0 0.11177884615384616 0.5348557692307693 0.052884615384615384 0.057692307692307696
0 0.09495192307692307 0.6141826923076923 0.038461538461538464 0.07932692307692307
0 0.013221153846153846 0.8245192307692307 0.02403846153846154 0.0673076923076923
0 0.12740384615384615 0.9110576923076923 0.03125 0.0625
0 0.35697115384615385 0.9699519230769231 0.04326923076923077 0.038461538461538464
0 0.3629807692307692 0.7512019230769231 0.03365384615384615 0.08413461538461539
0 0.3125 0.6033653846153846 0.0673076923076923 0.06490384615384616
0 0.3449519230769231 0.4831730769230769 0.03125 0.055288461538461536
0 0.3004807692307692 0.27403846153846156 0.05048076923076923 0.04567307692307692
0 0.3629807692307692 0.171875 0.04567307692307692 0.04807692307692308
0 0.3701923076923077 0.08653846153846154 0.036057692307692304 0.057692307692307696
0 0.4495192307692308 0.05048076923076923 0.055288461538461536 0.06009615384615385
0 0.5685096153846154 0.14783653846153846 0.04807692307692308 0.09615384615384616
0 0.640625 0.25240384615384615 0.06009615384615385 0.07211538461538461
0 0.5504807692307693 0.39903846153846156 0.055288461538461536 0.04807692307692308
0 0.5420673076923077 0.5048076923076923 0.04326923076923077 0.06490384615384616
0 0.47115384615384615 0.6694711538461539 0.052884615384615384 0.06490384615384616
0 0.5252403846153846 0.8052884615384616 0.038461538461538464 0.06490384615384616
0 0.6346153846153846 0.6514423076923077 0.04807692307692308 0.04807692307692308
0 0.7716346153846154 0.9399038461538461 0.038461538461538464 0.06971153846153846
0 0.8425480769230769 0.7451923076923077 0.03125 0.09134615384615384
0 0.8028846153846154 0.13581730769230768 0.05048076923076923 0.06490384615384616
0 0.9170673076923077 0.08774038461538461 0.05048076923076923 0.07451923076923077
0 0.9567307692307693 0.08173076923076923 0.036057692307692304 0.06009615384615385
0 0.0733173076923077 0.9567307692307693 0.07211538461538461 0.07451923076923077
0 0.016826923076923076 0.9579326923076923 0.03365384615384615 0.06490384615384616
0 0.01201923076923077 0.6153846153846154 0.02403846153846154 0.05048076923076923