0 0.5252403846153846 0.3137019230769231 0.039663461538461536 0.05048076923076923
0 0.5817307692307693 0.2824519230769231 0.046875 0.05048076923076923
0 0.6274038461538461 0.30649038461538464 0.03245192307692308 0.03485576923076923
0 0.6502403846153846 0.3137019230769231 0.04927884615384615 0.042067307692307696
0 0.8100961538461539 0.2932692307692308 0.055288461538461536 0.052884615384615384
0 0.8425480769230769 0.3942307692307692 0.028846153846153848 0.056490384615384616
0 0.8930288461538461 0.42427884615384615 0.03365384615384615 0.055288461538461536
0 0.9134615384615384 0.30288461538461536 0.02283653846153846 0.040865384615384616
0 0.9026442307692307 0.7584134615384616 0.02403846153846154 0.04447115384615385
0 0.9014423076923077 0.8786057692307693 0.03245192307692308 0.03485576923076923
0 0.8966346153846154 0.9194711538461539 0.018028846153846152 0.05889423076923077
0 0.8569711538461539 0.90625 0.03365384615384615 0.036057692307692304
0 0.8137019230769231 0.9170673076923077 0.025240384615384616 0.07211538461538461
0 0.7944711538461539 0.8425480769230769 0.030048076923076924 0.04807692307692308
0 0.8112980769230769 0.7620192307692307 0.03125 0.04927884615384615
0 0.8377403846153846 0.7908653846153846 0.028846153846153848 0.03485576923076923
0 0.8365384615384616 0.6850961538461539 0.025240384615384616 0.040865384615384616
0 0.8016826923076923 0.6490384615384616 0.038461538461538464 0.040865384615384616
0 0.7271634615384616 0.609375 0.04447115384615385 0.03245192307692308
0 0.7007211538461539 0.8689903846153846 0.056490384615384616 0.05889423076923077
0 0.625 0.7740384615384616 0.040865384615384616 0.046875
0 0.46274038461538464 0.9158653846153846 0.038461538461538464 0.046875
0 0.4639423076923077 0.8822115384615384 0.027644230769230768 0.037259615384615384
0 0.4723557692307692 0.9747596153846154 0.03485576923076923 0.037259615384615384
0 0.44591346153846156 0.6105769230769231 0.02403846153846154 0.03245192307692308
0 0.4230769230769231 0.5865384615384616 0.03125 0.055288461538461536
0 0.38822115384615385 0.6045673076923077 0.03245192307692308 0.04326923076923077
0 0.41346153846153844 0.6802884615384616 0.039663461538461536 0.05048076923076923
0 0.09254807692307693 0.2403846153846154 0.025240384615384616 0.052884615384615384
0 0.5396634615384616 0.36538461538461536 0.026442307692307692 0.03125
0 0.5817307692307693 0.4987980769230769 0.025240384615384616 0.05048076923076923
0 0.5564903846153846 0.5757211538461539 0.04927884615384615 0.028846153846153848
0 0.6298076923076923 0.46033653846153844 0.030048076923076924 0.04567307692307692
0 0.5180288461538461 0.25721153846153844 0.028846153846153848 0.04927884615384615
0 0.4110576923076923 0.34375 0.042067307692307696 0.036057692307692304
0 0.4675480769230769 0.5048076923076923 0.03365384615384615 0.046875
0 0.43990384615384615 0.8052884615384616 0.04927884615384615 0.051682692307692304
0 0.5012019230769231 0.35697115384615385 0.03365384615384615 0.06370192307692307
0 0.47716346153846156 0.33052884615384615 0.025240384615384616 0.07211538461538461
0 0.07451923076923077 0.5036057692307693 0.04807692307692308 0.078125
0 0.37259615384615385 0.46875 0.05048076923076923 0.06490384615384616