0 0.5324519230769231 0.45072115384615385 0.04807692307692308 0.04807692307692308
0 0.45072115384615385 0.46153846153846156 0.04807692307692308 0.06971153846153846
0 0.34134615384615385 0.4206730769230769 0.05048076923076923 0.057692307692307696
0 0.2283653846153846 0.37740384615384615 0.040865384615384616 0.07211538461538461
0 0.1658653846153846 0.4014423076923077 0.026442307692307692 0.0625
0 0.21394230769230768 0.8665865384615384 0.04807692307692308 0.055288461538461536
0 0.34375 0.7487980769230769 0.028846153846153848 0.0673076923076923
0 0.5396634615384616 0.7572115384615384 0.040865384615384616 0.057692307692307696
0 0.5612980769230769 0.1622596153846154 0.028846153846153848 0.0625
0 0.7115384615384616 0.14903846153846154 0.038461538461538464 0.06971153846153846
0 0.7055288461538461 0.2536057692307692 0.03365384615384615 0.07211538461538461
0 0.6322115384615384 0.37259615384615385 0.06009615384615385 0.04567307692307692
0 0.5084134615384616 0.09975961538461539 0.040865384615384616 0.0625
0 0.5829326923076923 0.0985576923076923 0.038461538461538464 0.0673076923076923
0 0.8100961538461539 0.6754807692307693 0.040865384615384616 0.06490384615384616
0 0.7920673076923077 0.33413461538461536 0.04326923076923077 0.052884615384615384
0 0.32572115384615385 0.21153846153846154 0.03365384615384615 0.028846153846153848
0 0.30408653846153844 0.09735576923076923 0.052884615384615384 0.0625
0 0.46153846153846156 0.7752403846153846 0.038461538461538464 0.07451923076923077
0 0.5012019230769231 0.7836538461538461 0.04326923076923077 0.07932692307692307
0 0.5528846153846154 0.828125 0.04326923076923077 0.07692307692307693
0 0.6550480769230769 0.6862980769230769 0.06009615384615385 0.09615384615384616
0 0.75 0.6021634615384616 0.052884615384615384 0.09134615384615384
0 0.7223557692307693 0.5108173076923077 0.05048076923076923 0.09134615384615384
0 0.8822115384615384 0.7884615384615384 0.052884615384615384 0.10096153846153846
0 0.42788461538461536 0.5961538461538461 0.04567307692307692 0.07932692307692307
0 0.47836538461538464 0.5288461538461539 0.03125 0.06971153846153846
0 0.11538461538461539 0.19110576923076922 0.052884615384615384 0.08413461538461539
0 0.17427884615384615 0.15384615384615385 0.036057692307692304 0.06971153846153846
0 0.21754807692307693 0.14783653846153846 0.052884615384615384 0.06490384615384616
0 0.27403846153846156 0.028846153846153848 0.038461538461538464 0.04567307692307692
0 0.2956730769230769 0.29086538461538464 0.04807692307692308 0.10096153846153846
0 0.4170673076923077 0.8954326923076923 0.055288461538461536 0.07451923076923077
0 0.2403846153846154 0.9326923076923077 0.03125 0.038461538461538464
0 0.8677884615384616 0.38461538461538464 0.04326923076923077 0.08413461538461539
0 0.35216346153846156 0.15745192307692307 0.04326923076923077 0.07451923076923077