0 0.4699519230769231 0.2668269230769231 0.07692307692307693 0.0625
0 0.5685096153846154 0.17427884615384615 0.08653846153846154 0.06971153846153846
0 0.5745192307692307 0.21875 0.0673076923076923 0.07211538461538461
0 0.6201923076923077 0.10336538461538461 0.07932692307692307 0.08173076923076923
0 0.7115384615384616 0.14783653846153846 0.057692307692307696 0.057692307692307696
0 0.6935096153846154 0.30288461538461536 0.07211538461538461 0.08173076923076923
0 0.6225961538461539 0.32211538461538464 0.09134615384615384 0.09615384615384616
0 0.24278846153846154 0.26802884615384615 0.09615384615384616 0.0889423076923077
0 0.24759615384615385 0.1875 0.0625 0.04807692307692308
0 0.038461538461538464 0.19110576923076922 0.07692307692307693 0.07932692307692307
0 0.057692307692307696 0.39663461538461536 0.06009615384615385 0.07692307692307693
0 0.10697115384615384 0.5 0.07692307692307693 0.07932692307692307
0 0.11899038461538461 0.6706730769230769 0.09134615384615384 0.07451923076923077
0 0.33653846153846156 0.5973557692307693 0.06009615384615385 0.07692307692307693
0 0.40625 0.6069711538461539 0.06971153846153846 0.057692307692307696
0 0.4014423076923077 0.6502403846153846 0.07932692307692307 0.04807692307692308
0 0.4567307692307692 0.6706730769230769 0.07451923076923077 0.057692307692307696
0 0.53125 0.7608173076923077 0.055288461538461536 0.07932692307692307
0 0.5540865384615384 0.8966346153846154 0.07692307692307693 0.09134615384615384
0 0.38461538461538464 0.8305288461538461 0.10096153846153846 0.0985576923076923
0 0.7704326923076923 0.7439903846153846 0.08413461538461539 0.06490384615384616
0 0.7752403846153846 0.8040865384615384 0.052884615384615384 0.0673076923076923
0 0.7896634615384616 0.9122596153846154 0.0889423076923077 0.07692307692307693
0 0.8942307692307693 0.5877403846153846 0.0625 0.07932692307692307
0 0.7992788461538461 0.5360576923076923 0.0889423076923077 0.08653846153846154
0 0.796875 0.4182692307692308 0.0625 0.07451923076923077
0 0.9675480769230769 0.43509615384615385 0.06490384615384616 0.10576923076923077
0 0.7259615384615384 0.5504807692307693 0.0985576923076923 0.10336538461538461
0 0.4338942307692308 0.38221153846153844 0.07692307692307693 0.10336538461538461
0 0.04567307692307692 0.6466346153846154 0.06490384615384616 0.09134615384615384
0 0.2620192307692308 0.9711538461538461 0.0625 0.057692307692307696
0 0.3016826923076923 0.8798076923076923 0.07451923076923077 0.10576923076923077
0 0.6826923076923077 0.47716346153846156 0.12980769230769232 0.11298076923076923