0 0.046875 0.21754807692307693 0.056490384615384616 0.06850961538461539
0 0.026442307692307692 0.2824519230769231 0.052884615384615384 0.08413461538461539
0 0.009615384615384616 0.21514423076923078 0.019230769230769232 0.07451923076923077
0 0.040865384615384616 0.5108173076923077 0.06129807692307692 0.0733173076923077
0 0.0889423076923077 0.4254807692307692 0.056490384615384616 0.037259615384615384
0 0.016826923076923076 0.6153846153846154 0.03365384615384615 0.08653846153846154
0 0.17548076923076922 0.7163461538461539 0.054086538461538464 0.06610576923076923
0 0.12620192307692307 0.8617788461538461 0.06850961538461539 0.04927884615384615
0 0.3161057692307692 0.875 0.057692307692307696 0.06129807692307692
0 0.35697115384615385 0.9423076923076923 0.042067307692307696 0.0673076923076923
0 0.29927884615384615 0.5036057692307693 0.052884615384615384 0.07692307692307693
0 0.3485576923076923 0.5516826923076923 0.040865384615384616 0.05889423076923077
0 0.390625 0.4362980769230769 0.036057692307692304 0.0733173076923077
0 0.45913461538461536 0.2247596153846154 0.057692307692307696 0.05889423076923077
0 0.484375 0.16826923076923078 0.03365384615384615 0.04927884615384615
0 0.5504807692307693 0.1141826923076923 0.057692307692307696 0.06370192307692307
0 0.5216346153846154 0.3269230769230769 0.06129807692307692 0.06971153846153846
0 0.5288461538461539 0.3942307692307692 0.057692307692307696 0.054086538461538464
0 0.6682692307692307 0.34375 0.036057692307692304 0.07091346153846154
0 0.8774038461538461 0.0733173076923077 0.03245192307692308 0.07211538461538461
0 0.9675480769230769 0.4026442307692308 0.025240384615384616 0.09134615384615384
0 0.890625 0.8521634615384616 0.07091346153846154 0.109375
0 0.7295673076923077 0.7548076923076923 0.042067307692307696 0.10576923076923077
0 0.6694711538461539 0.8497596153846154 0.05048076923076923 0.09375
0 0.5612980769230769 0.7584134615384616 0.046875 0.06129807692307692
0 0.7235576923076923 0.5841346153846154 0.05889423076923077 0.09495192307692307
0 0.7560096153846154 0.9555288461538461 0.038461538461538464 0.078125