0 0.11899038461538461 0.1310096153846154 0.056490384615384616 0.052884615384615384
0 0.15384615384615385 0.039663461538461536 0.055288461538461536 0.04807692307692308
0 0.12860576923076922 0.19110576923076922 0.046875 0.05889423076923077
0 0.054086538461538464 0.21514423076923078 0.06009615384615385 0.06370192307692307
0 0.06850961538461539 0.28725961538461536 0.06009615384615385 0.0673076923076923
0 0.15865384615384615 0.31850961538461536 0.04326923076923077 0.05889423076923077
0 0.21514423076923078 0.3918269230769231 0.046875 0.028846153846153848
0 0.40625 0.07692307692307693 0.038461538461538464 0.055288461538461536
0 0.4230769230769231 0.16947115384615385 0.040865384615384616 0.07211538461538461
0 0.5252403846153846 0.2620192307692308 0.04927884615384615 0.055288461538461536
0 0.609375 0.11778846153846154 0.03365384615384615 0.05048076923076923
0 0.6454326923076923 0.09495192307692307 0.04567307692307692 0.051682692307692304
0 0.8305288461538461 0.10576923076923077 0.06490384615384616 0.06129807692307692
0 0.859375 0.24759615384615385 0.04447115384615385 0.08173076923076923
0 0.9519230769230769 0.2848557692307692 0.051682692307692304 0.08052884615384616
0 0.9314903846153846 0.4411057692307692 0.046875 0.08052884615384616
0 0.984375 0.4326923076923077 0.030048076923076924 0.09134615384615384
0 0.9170673076923077 0.5384615384615384 0.05048076923076923 0.07211538461538461
0 0.8353365384615384 0.609375 0.04927884615384615 0.06490384615384616
0 0.75 0.5564903846153846 0.07091346153846154 0.06490384615384616
0 0.7127403846153846 0.48197115384615385 0.040865384615384616 0.07572115384615384
0 0.7596153846153846 0.35336538461538464 0.051682692307692304 0.054086538461538464
0 0.44711538461538464 0.38221153846153844 0.04807692307692308 0.04927884615384615
0 0.3870192307692308 0.30288461538461536 0.054086538461538464 0.037259615384615384
0 0.07572115384615384 0.5264423076923077 0.039663461538461536 0.042067307692307696
0 0.11538461538461539 0.8713942307692307 0.037259615384615384 0.06490384615384616
0 0.14423076923076922 0.8569711538461539 0.03125 0.038461538461538464
0 0.23317307692307693 0.6033653846153846 0.051682692307692304 0.046875
0 0.2608173076923077 0.6778846153846154 0.05048076923076923 0.057692307692307696
0 0.32091346153846156 0.796875 0.04567307692307692 0.06370192307692307
0 0.35216346153846156 0.7764423076923077 0.028846153846153848 0.057692307692307696
0 0.4110576923076923 0.7067307692307693 0.06490384615384616 0.07451923076923077
0 0.41466346153846156 0.7620192307692307 0.03365384615384615 0.046875
0 0.42788461538461536 0.8497596153846154 0.057692307692307696 0.0829326923076923
0 0.43509615384615385 0.9771634615384616 0.056490384615384616 0.04326923076923077
0 0.6298076923076923 0.9230769230769231 0.06850961538461539 0.06370192307692307
0 0.8942307692307693 0.7163461538461539 0.039663461538461536 0.0625
0 0.9495192307692307 0.7091346153846154 0.051682692307692304 0.06971153846153846
0 0.9519230769230769 0.7560096153846154 0.07211538461538461 0.046875
0 0.9254807692307693 0.8677884615384616 0.042067307692307696 0.057692307692307696
0 0.9387019230769231 0.9350961538461539 0.037259615384615384 0.05048076923076923
0 0.8197115384615384 0.7788461538461539 0.057692307692307696 0.09014423076923077