0 0.46634615384615385 0.5625 0.05048076923076923 0.06490384615384616
0 0.59375 0.671875 0.052884615384615384 0.06971153846153846
0 0.5637019230769231 0.7223557692307693 0.05048076923076923 0.06971153846153846
0 0.6634615384615384 0.8016826923076923 0.09134615384615384 0.10096153846153846
0 0.5564903846153846 0.7680288461538461 0.07211538461538461 0.10336538461538461
0 0.4110576923076923 0.8846153846153846 0.0625 0.08413461538461539
0 0.3557692307692308 0.7908653846153846 0.06490384615384616 0.08173076923076923
0 0.22596153846153846 0.8076923076923077 0.06009615384615385 0.057692307692307696
0 0.1971153846153846 0.6262019230769231 0.057692307692307696 0.06971153846153846
0 0.7019230769230769 0.2824519230769231 0.040865384615384616 0.07932692307692307
0 0.7776442307692307 0.21754807692307693 0.0673076923076923 0.08173076923076923
0 0.9399038461538461 0.33533653846153844 0.0625 0.08653846153846154
0 0.5024038461538461 0.6959134615384616 0.04807692307692308 0.07451923076923077
0 0.44711538461538464 0.6875 0.057692307692307696 0.06971153846153846
0 0.484375 0.7692307692307693 0.040865384615384616 0.07451923076923077
0 0.2860576923076923 0.96875 0.04807692307692308 0.0625
0 0.39783653846153844 0.9807692307692307 0.06490384615384616 0.038461538461538464
0 0.11057692307692307 0.6610576923076923 0.0673076923076923 0.11057692307692307
0 0.17548076923076922 0.46033653846153844 0.04567307692307692 0.07932692307692307
0 0.8449519230769231 0.3112980769230769 0.057692307692307696 0.07211538461538461
0 0.9026442307692307 0.34134615384615385 0.06009615384615385 0.10096153846153846
0 0.5504807692307693 0.3485576923076923 0.07211538461538461 0.09134615384615384