0 0.609375 0.30408653846153844 0.06490384615384616 0.0673076923076923
0 0.6610576923076923 0.2283653846153846 0.038461538461538464 0.040865384615384616
0 0.6838942307692307 0.20793269230769232 0.04567307692307692 0.05048076923076923
0 0.6045673076923077 0.19951923076923078 0.0625 0.06490384615384616
0 0.5709134615384616 0.19831730769230768 0.055288461538461536 0.06009615384615385
0 0.5264423076923077 0.021634615384615384 0.0673076923076923 0.04326923076923077
0 0.37740384615384615 0.28365384615384615 0.08653846153846154 0.09134615384615384
0 0.25240384615384615 0.36658653846153844 0.07932692307692307 0.08173076923076923
0 0.33413461538461536 0.4891826923076923 0.057692307692307696 0.06009615384615385
0 0.46274038461538464 0.4495192307692308 0.07692307692307693 0.08173076923076923
0 0.5204326923076923 0.5396634615384616 0.0889423076923077 0.09134615384615384
0 0.6129807692307693 0.43149038461538464 0.06490384615384616 0.0673076923076923
0 0.7728365384615384 0.3425480769230769 0.057692307692307696 0.06009615384615385
0 0.7668269230769231 0.38822115384615385 0.05048076923076923 0.05048076923076923
0 0.7752403846153846 0.3076923076923077 0.04807692307692308 0.04807692307692308
0 0.7980769230769231 0.2403846153846154 0.06971153846153846 0.07211538461538461
0 0.8497596153846154 0.4951923076923077 0.07211538461538461 0.07692307692307693
0 0.8293269230769231 0.4050480769230769 0.06971153846153846 0.07211538461538461
0 0.9711538461538461 0.41466346153846156 0.057692307692307696 0.07451923076923077
0 0.9507211538461539 0.41346153846153844 0.052884615384615384 0.057692307692307696
0 0.9891826923076923 0.46153846153846156 0.021634615384615384 0.0673076923076923
0 0.9519230769230769 0.5036057692307693 0.05048076923076923 0.052884615384615384
0 0.9254807692307693 0.5024038461538461 0.052884615384615384 0.055288461538461536
0 0.8425480769230769 0.6598557692307693 0.04567307692307692 0.04807692307692308
0 0.8689903846153846 0.6682692307692307 0.0625 0.06490384615384616
0 0.7932692307692307 0.5925480769230769 0.052884615384615384 0.055288461538461536
0 0.7151442307692307 0.5685096153846154 0.057692307692307696 0.06009615384615385
0 0.7415865384615384 0.6646634615384616 0.055288461538461536 0.057692307692307696
0 0.7668269230769231 0.8149038461538461 0.052884615384615384 0.055288461538461536
0 0.6983173076923077 0.765625 0.057692307692307696 0.06009615384615385
0 0.6418269230769231 0.78125 0.0625 0.0625
0 0.5997596153846154 0.7379807692307693 0.057692307692307696 0.057692307692307696
0 0.5456730769230769 0.7692307692307693 0.07211538461538461 0.07451923076923077
0 0.5576923076923077 0.8293269230769231 0.052884615384615384 0.055288461538461536
0 0.5168269230769231 0.8713942307692307 0.055288461538461536 0.06009615384615385
0 0.5817307692307693 0.8918269230769231 0.06490384615384616 0.06490384615384616
0 0.6201923076923077 0.8365384615384616 0.0625 0.06490384615384616
0 0.6262019230769231 0.9711538461538461 0.04567307692307692 0.04807692307692308
0 0.49278846153846156 0.8185096153846154 0.052884615384615384 0.055288461538461536
0 0.4891826923076923 0.6418269230769231 0.07932692307692307 0.08173076923076923
0 0.4206730769230769 0.7019230769230769 0.05048076923076923 0.052884615384615384
0 0.42427884615384615 0.5444711538461539 0.052884615384615384 0.052884615384615384
0 0.32091346153846156 0.6081730769230769 0.06009615384615385 0.0625
0 0.2692307692307692 0.6538461538461539 0.06490384615384616 0.0673076923076923
0 0.16826923076923078 0.6911057692307693 0.052884615384615384 0.057692307692307696
0 0.16706730769230768 0.7644230769230769 0.06971153846153846 0.07211538461538461
0 0.03245192307692308 0.6887019230769231 0.057692307692307696 0.057692307692307696
0 0.3473557692307692 0.8209134615384616 0.07211538461538461 0.06971153846153846
0 0.2764423076923077 0.8413461538461539 0.06490384615384616 0.06490384615384616
0 0.234375 0.8894230769230769 0.05048076923076923 0.04807692307692308
0 0.18269230769230768 0.8677884615384616 0.052884615384615384 0.05048076923076923
0 0.43028846153846156 0.9615384615384616 0.07692307692307693 0.07692307692307693
0 0.7704326923076923 0.5552884615384616 0.07451923076923077 0.07451923076923077