0 0.13341346153846154 0.45072115384615385 0.06971153846153846 0.09375
0 0.1141826923076923 0.36177884615384615 0.06009615384615385 0.036057692307692304
0 0.11658653846153846 0.6189903846153846 0.055288461538461536 0.08173076923076923
0 0.08774038461538461 0.7920673076923077 0.0625 0.040865384615384616
0 0.11057692307692307 0.8942307692307693 0.055288461538461536 0.07692307692307693
0 0.34975961538461536 0.9435096153846154 0.05048076923076923 0.055288461538461536
0 0.29086538461538464 0.5877403846153846 0.055288461538461536 0.0625
0 0.3762019230769231 0.5516826923076923 0.055288461538461536 0.07692307692307693
0 0.6165865384615384 0.6598557692307693 0.040865384615384616 0.07211538461538461
0 0.8737980769230769 0.5336538461538461 0.05048076923076923 0.07211538461538461
0 0.8317307692307693 0.2127403846153846 0.04567307692307692 0.07692307692307693
0 0.9134615384615384 0.18990384615384615 0.04326923076923077 0.06490384615384616
0 0.8461538461538461 0.8449519230769231 0.06490384615384616 0.0625
0 0.9483173076923077 0.9002403846153846 0.052884615384615384 0.0625
0 0.5240384615384616 0.7427884615384616 0.05048076923076923 0.07932692307692307
0 0.4026442307692308 0.8509615384615384 0.04326923076923077 0.08413461538461539
0 0.40865384615384615 0.9543269230769231 0.04326923076923077 0.07451923076923077
0 0.2800480769230769 0.28966346153846156 0.04807692307692308 0.08413461538461539
0 0.46634615384615385 0.2848557692307692 0.040865384615384616 0.07211538461538461
0 0.5817307692307693 0.23317307692307693 0.05048076923076923 0.06490384615384616
0 0.5673076923076923 0.33653846153846156 0.05048076923076923 0.052884615384615384
0 0.328125 0.4362980769230769 0.052884615384615384 0.08173076923076923
0 0.32091346153846156 0.3858173076923077 0.055288461538461536 0.057692307692307696
0 0.21995192307692307 0.5552884615384616 0.06009615384615385 0.0673076923076923
0 0.43028846153846156 0.5216346153846154 0.06009615384615385 0.08413461538461539
0 0.3401442307692308 0.6322115384615384 0.04567307692307692 0.055288461538461536
0 0.5348557692307693 0.6177884615384616 0.04807692307692308 0.06971153846153846
0 0.5060096153846154 0.625 0.04567307692307692 0.038461538461538464
0 0.8317307692307693 0.3161057692307692 0.06009615384615385 0.11778846153846154
0 0.9411057692307693 0.19230769230769232 0.04326923076923077 0.07211538461538461
0 0.8209134615384616 0.6153846153846154 0.0625 0.12740384615384615
0 0.9278846153846154 0.6790865384615384 0.055288461538461536 0.0985576923076923
0 0.9483173076923077 0.8233173076923077 0.10336538461538461 0.12740384615384615
0 0.5264423076923077 0.8521634615384616 0.04807692307692308 0.09134615384615384
0 0.4891826923076923 0.859375 0.06971153846153846 0.0889423076923077
0 0.5192307692307693 0.984375 0.052884615384615384 0.03125
0 0.04567307692307692 0.8197115384615384 0.026442307692307692 0.07692307692307693