0 0.13581730769230768 0.2608173076923077 0.06971153846153846 0.06971153846153846
0 0.39783653846153844 0.06610576923076923 0.06490384615384616 0.06490384615384616
0 0.4375 0.021634615384615384 0.08653846153846154 0.04326923076923077
0 0.296875 0.055288461538461536 0.06490384615384616 0.06490384615384616
0 0.08653846153846154 0.25240384615384615 0.08413461538461539 0.08413461538461539
0 0.11177884615384616 0.40024038461538464 0.07211538461538461 0.07211538461538461
0 0.06009615384615385 0.5685096153846154 0.10096153846153846 0.10096153846153846
0 0.1935096153846154 0.7884615384615384 0.09134615384615384 0.09134615384615384
0 0.33533653846153844 0.23197115384615385 0.0985576923076923 0.0985576923076923
0 0.3293269230769231 0.1502403846153846 0.07451923076923077 0.07451923076923077
0 0.28365384615384615 0.09735576923076923 0.09134615384615384 0.09134615384615384
0 0.17908653846153846 0.12620192307692307 0.1346153846153846 0.1346153846153846
0 0.6382211538461539 0.9122596153846154 0.11057692307692307 0.11057692307692307
0 0.6778846153846154 0.8774038461538461 0.08653846153846154 0.08653846153846154
0 0.7067307692307693 0.8389423076923077 0.09375 0.09375
0 0.7367788461538461 0.7391826923076923 0.09134615384615384 0.09134615384615384
0 0.6646634615384616 0.6766826923076923 0.055288461538461536 0.055288461538461536
0 0.6478365384615384 0.7163461538461539 0.06490384615384616 0.06490384615384616
0 0.6802884615384616 0.5540865384615384 0.08413461538461539 0.08413461538461539
0 0.7932692307692307 0.6634615384615384 0.08653846153846154 0.08653846153846154
0 0.8293269230769231 0.7632211538461539 0.06009615384615385 0.06009615384615385
0 0.7848557692307693 0.8629807692307693 0.08653846153846154 0.08653846153846154
0 0.5132211538461539 0.9134615384615384 0.07932692307692307 0.07932692307692307
0 0.30288461538461536 0.9387019230769231 0.07451923076923077 0.07451923076923077
0 0.2704326923076923 0.5300480769230769 0.08173076923076923 0.08173076923076923
0 0.24519230769230768 0.3605769230769231 0.09375 0.09375
0 0.49278846153846156 0.13822115384615385 0.0673076923076923 0.0673076923076923
0 0.5192307692307693 0.09254807692307693 0.0625 0.0625
0 0.5528846153846154 0.04567307692307692 0.07451923076923077 0.07451923076923077
0 0.6442307692307693 0.039663461538461536 0.09615384615384616 0.07932692307692307
0 0.484375 0.3473557692307692 0.0985576923076923 0.0985576923076923