0 0.4338942307692308 0.4326923076923077 0.055288461538461536 0.06971153846153846
0 0.38221153846153844 0.3473557692307692 0.09375 0.0985576923076923
0 0.3942307692307692 0.20432692307692307 0.04807692307692308 0.06971153846153846
0 0.4879807692307692 0.296875 0.07932692307692307 0.09375
0 0.45072115384615385 0.17668269230769232 0.07211538461538461 0.055288461538461536
0 0.5564903846153846 0.23918269230769232 0.07211538461538461 0.08413461538461539
0 0.6286057692307693 0.3125 0.06971153846153846 0.06009615384615385
0 0.5985576923076923 0.38341346153846156 0.0625 0.055288461538461536
0 0.7103365384615384 0.30288461538461536 0.03365384615384615 0.036057692307692304
0 0.7403846153846154 0.35096153846153844 0.052884615384615384 0.038461538461538464
0 0.7043269230769231 0.41586538461538464 0.040865384615384616 0.036057692307692304
0 0.5925480769230769 0.46875 0.055288461538461536 0.04567307692307692
0 0.41225961538461536 0.49399038461538464 0.04807692307692308 0.028846153846153848
0 0.34975961538461536 0.5420673076923077 0.055288461538461536 0.04807692307692308
0 0.3473557692307692 0.13581730769230768 0.038461538461538464 0.055288461538461536
0 0.38100961538461536 0.08774038461538461 0.07692307692307693 0.07451923076923077
0 0.36899038461538464 0.014423076923076924 0.06009615384615385 0.028846153846153848
0 0.24158653846153846 0.09134615384615384 0.04326923076923077 0.038461538461538464
0 0.18629807692307693 0.11057692307692307 0.0673076923076923 0.04567307692307692
0 0.1310096153846154 0.027644230769230768 0.052884615384615384 0.055288461538461536
0 0.3125 0.4026442307692308 0.07932692307692307 0.07211538461538461
0 0.8137019230769231 0.6237980769230769 0.06009615384615385 0.057692307692307696
0 0.1310096153846154 0.4110576923076923 0.07211538461538461 0.09615384615384616
0 0.2764423076923077 0.296875 0.04326923076923077 0.055288461538461536
0 0.6370192307692307 0.08173076923076923 0.052884615384615384 0.06009615384615385
0 0.6971153846153846 0.0673076923076923 0.08173076923076923 0.07692307692307693
0 0.7668269230769231 0.08052884615384616 0.038461538461538464 0.055288461538461536
0 0.3942307692307692 0.35216346153846156 0.04567307692307692 0.0625
0 0.26322115384615385 0.6670673076923077 0.036057692307692304 0.04807692307692308
0 0.34134615384615385 0.8365384615384616 0.07211538461538461 0.04807692307692308
0 0.2512019230769231 0.7956730769230769 0.0673076923076923 0.06971153846153846
0 0.010817307692307692 0.7704326923076923 0.021634615384615384 0.06009615384615385
0 0.4182692307692308 0.6069711538461539 0.052884615384615384 0.07451923076923077
0 0.9362980769230769 0.6502403846153846 0.057692307692307696 0.08173076923076923
0 0.9567307692307693 0.6346153846153846 0.057692307692307696 0.055288461538461536
0 0.7427884615384616 0.1935096153846154 0.07211538461538461 0.06971153846153846
0 0.039663461538461536 0.3293269230769231 0.03365384615384615 0.055288461538461536