0 0.49158653846153844 0.10817307692307693 0.09375 0.0985576923076923
0 0.296875 0.23677884615384615 0.0625 0.07692307692307693
0 0.140625 0.25600961538461536 0.09375 0.09134615384615384
0 0.22115384615384615 0.40384615384615385 0.09134615384615384 0.0985576923076923
0 0.23557692307692307 0.3004807692307692 0.07211538461538461 0.09375
0 0.37259615384615385 0.27403846153846156 0.0889423076923077 0.0985576923076923
0 0.33413461538461536 0.46033653846153844 0.07932692307692307 0.0889423076923077
0 0.055288461538461536 0.6213942307692307 0.0889423076923077 0.08413461538461539
0 0.013221153846153846 0.6850961538461539 0.026442307692307692 0.08653846153846154
0 0.21394230769230768 0.7800480769230769 0.08413461538461539 0.0889423076923077
0 0.31009615384615385 0.6334134615384616 0.08413461538461539 0.10096153846153846
0 0.09495192307692307 0.31971153846153844 0.07692307692307693 0.09134615384615384
0 0.5276442307692307 0.17427884615384615 0.06009615384615385 0.06490384615384616
0 0.6766826923076923 0.125 0.08653846153846154 0.09615384615384616
0 0.6730769230769231 0.6610576923076923 0.07451923076923077 0.10576923076923077
0 0.8461538461538461 0.5084134615384616 0.07932692307692307 0.10817307692307693
0 0.9567307692307693 0.3088942307692308 0.08653846153846154 0.11778846153846154
0 0.8497596153846154 0.8137019230769231 0.08653846153846154 0.10096153846153846
0 0.6947115384615384 0.2091346153846154 0.06971153846153846 0.09375
0 0.21754807692307693 0.23317307692307693 0.07451923076923077 0.09134615384615384
0 0.3762019230769231 0.06490384615384616 0.07211538461538461 0.07211538461538461
0 0.65625 0.453125 0.07451923076923077 0.08653846153846154
0 0.3389423076923077 0.7487980769230769 0.06009615384615385 0.055288461538461536
0 0.18509615384615385 0.7295673076923077 0.0985576923076923 0.125
0 0.8449519230769231 0.4326923076923077 0.07211538461538461 0.09615384615384616
0 0.9543269230769231 0.6310096153846154 0.09134615384615384 0.12740384615384615
0 0.734375 0.14543269230769232 0.07692307692307693 0.0985576923076923
0 0.7680288461538461 0.2548076923076923 0.08173076923076923 0.1201923076923077
0 0.6454326923076923 0.054086538461538464 0.0625 0.07451923076923077
0 0.45552884615384615 0.38461538461538464 0.09134615384615384 0.10576923076923077
0 0.625 0.8665865384615384 0.08413461538461539 0.11538461538461539
0 0.7247596153846154 0.7836538461538461 0.0985576923076923 0.14182692307692307