0 0.37259615384615385 0.30408653846153844 0.052884615384615384 0.08653846153846154
0 0.3870192307692308 0.5072115384615384 0.06490384615384616 0.07692307692307693
0 0.5588942307692307 0.71875 0.0625 0.04807692307692308
0 0.25721153846153844 0.41947115384615385 0.06009615384615385 0.04326923076923077
0 0.06009615384615385 0.34375 0.06490384615384616 0.057692307692307696
0 0.21514423076923078 0.0889423076923077 0.06490384615384616 0.06971153846153846
0 0.039663461538461536 0.47716346153846156 0.07932692307692307 0.06009615384615385
0 0.5168269230769231 0.2620192307692308 0.06490384615384616 0.0625
0 0.6141826923076923 0.9603365384615384 0.06490384615384616 0.052884615384615384
0 0.3317307692307692 0.9795673076923077 0.057692307692307696 0.040865384615384616
0 0.05889423076923077 0.9615384615384616 0.07211538461538461 0.06009615384615385
0 0.1658653846153846 0.9375 0.057692307692307696 0.052884615384615384
0 0.05048076923076923 0.8497596153846154 0.06009615384615385 0.057692307692307696
0 0.040865384615384616 0.7127403846153846 0.0625 0.03365384615384615
0 0.27524038461538464 0.6201923076923077 0.06009615384615385 0.03365384615384615
0 0.7079326923076923 0.38100961538461536 0.0625 0.04567307692307692
0 0.30288461538461536 0.6911057692307693 0.04567307692307692 0.052884615384615384
0 0.21634615384615385 0.2608173076923077 0.055288461538461536 0.06971153846153846
0 0.4723557692307692 0.5084134615384616 0.07211538461538461 0.09134615384615384
0 0.5420673076923077 0.4014423076923077 0.0625 0.08653846153846154
0 0.32572115384615385 0.17548076923076922 0.04567307692307692 0.055288461538461536
0 0.23197115384615385 0.036057692307692304 0.06009615384615385 0.04807692307692308
0 0.23798076923076922 0.5348557692307693 0.0625 0.06971153846153846
0 0.028846153846153848 0.6610576923076923 0.04567307692307692 0.0625
0 0.5300480769230769 0.8425480769230769 0.07451923076923077 0.08173076923076923
0 0.5348557692307693 0.9435096153846154 0.06009615384615385 0.0673076923076923
0 0.7920673076923077 0.9146634615384616 0.0673076923076923 0.09134615384615384
0 0.7860576923076923 0.7884615384615384 0.05048076923076923 0.09134615384615384
0 0.6153846153846154 0.7463942307692307 0.06009615384615385 0.06971153846153846