0 0.6502403846153846 0.6370192307692307 0.07692307692307693 0.08413461538461539
0 0.7283653846153846 0.5901442307692307 0.055288461538461536 0.06971153846153846
0 0.7259615384615384 0.7680288461538461 0.06971153846153846 0.06971153846153846
0 0.7908653846153846 0.75 0.055288461538461536 0.0673076923076923
0 0.7992788461538461 0.8305288461538461 0.07692307692307693 0.06971153846153846
0 0.7524038461538461 0.9651442307692307 0.0673076923076923 0.06971153846153846
0 0.8581730769230769 0.6033653846153846 0.08173076923076923 0.07692307692307693
0 0.9014423076923077 0.33774038461538464 0.07451923076923077 0.07451923076923077
0 0.28125 0.7139423076923077 0.06971153846153846 0.06971153846153846
0 0.3401442307692308 0.8100961538461539 0.07211538461538461 0.07932692307692307
0 0.24158653846153846 0.8365384615384616 0.06490384615384616 0.05048076923076923
0 0.19591346153846154 0.019230769230769232 0.07932692307692307 0.038461538461538464
0 0.22115384615384615 0.5685096153846154 0.052884615384615384 0.055288461538461536
0 0.6935096153846154 0.4891826923076923 0.0625 0.052884615384615384
0 0.6706730769230769 0.40024038461538464 0.06009615384615385 0.06490384615384616
0 0.3425480769230769 0.6370192307692307 0.06971153846153846 0.07932692307692307
0 0.20552884615384615 0.6790865384615384 0.07451923076923077 0.0985576923076923
0 0.3605769230769231 0.7247596153846154 0.11057692307692307 0.11057692307692307
0 0.2536057692307692 0.8052884615384616 0.0625 0.0673076923076923
0 0.19110576923076922 0.8629807692307693 0.07451923076923077 0.0889423076923077
0 0.8137019230769231 0.9867788461538461 0.06009615384615385 0.026442307692307692
0 0.8569711538461539 0.8737980769230769 0.0673076923076923 0.07211538461538461
0 0.6069711538461539 0.8004807692307693 0.06009615384615385 0.08173076923076923
0 0.027644230769230768 0.41586538461538464 0.055288461538461536 0.08653846153846154
0 0.13942307692307693 0.16947115384615385 0.08173076923076923 0.09134615384615384
0 0.2824519230769231 0.038461538461538464 0.11298076923076923 0.07692307692307693
0 0.6682692307692307 0.22115384615384615 0.08173076923076923 0.10817307692307693
0 0.9074519230769231 0.21634615384615385 0.06971153846153846 0.08653846153846154
0 0.8713942307692307 0.46875 0.07932692307692307 0.10096153846153846
0 0.9278846153846154 0.38341346153846156 0.09134615384615384 0.10817307692307693
0 0.9675480769230769 0.6538461538461539 0.038461538461538464 0.06490384615384616
0 0.13942307692307693 0.08173076923076923 0.038461538461538464 0.06009615384615385
0 0.7175480769230769 0.8629807692307693 0.07932692307692307 0.07451923076923077
0 0.6862980769230769 0.9014423076923077 0.06971153846153846 0.07692307692307693