0 0.4362980769230769 0.10336538461538461 0.08653846153846154 0.0889423076923077
0 0.5721153846153846 0.015625 0.04807692307692308 0.03125
0 0.5661057692307693 0.13822115384615385 0.07932692307692307 0.10336538461538461
0 0.6802884615384616 0.09975961538461539 0.055288461538461536 0.052884615384615384
0 0.6694711538461539 0.2091346153846154 0.07211538461538461 0.08413461538461539
0 0.6225961538461539 0.30408653846153844 0.06971153846153846 0.08413461538461539
0 0.4675480769230769 0.2536057692307692 0.07932692307692307 0.09134615384615384
0 0.42427884615384615 0.3137019230769231 0.057692307692307696 0.07451923076923077
0 0.3233173076923077 0.39302884615384615 0.06971153846153846 0.08173076923076923
0 0.1658653846153846 0.42908653846153844 0.06490384615384616 0.06490384615384616
0 0.05889423076923077 0.4495192307692308 0.057692307692307696 0.06971153846153846
0 0.03365384615384615 0.43149038461538464 0.055288461538461536 0.0625
0 0.203125 0.6947115384615384 0.06971153846153846 0.08413461538461539
0 0.4170673076923077 0.6009615384615384 0.06971153846153846 0.08413461538461539
0 0.41225961538461536 0.6670673076923077 0.06009615384615385 0.06971153846153846
0 0.3317307692307692 0.7067307692307693 0.052884615384615384 0.057692307692307696
0 0.5096153846153846 0.5252403846153846 0.057692307692307696 0.06490384615384616
0 0.4795673076923077 0.5961538461538461 0.055288461538461536 0.0673076923076923
0 0.5913461538461539 0.46153846153846156 0.06971153846153846 0.08173076923076923
0 0.7524038461538461 0.4110576923076923 0.06009615384615385 0.07451923076923077
0 0.796875 0.3161057692307692 0.06009615384615385 0.08413461538461539
0 0.8461538461538461 0.27163461538461536 0.057692307692307696 0.06971153846153846
0 0.9194711538461539 0.2956730769230769 0.0625 0.06490384615384616
0 0.9206730769230769 0.35336538461538464 0.06490384615384616 0.06971153846153846
0 0.8894230769230769 0.43990384615384615 0.07451923076923077 0.08653846153846154
0 0.8413461538461539 0.38461538461538464 0.08173076923076923 0.07692307692307693
0 0.7992788461538461 0.44591346153846156 0.06009615384615385 0.07211538461538461
0 0.9639423076923077 0.5180288461538461 0.07211538461538461 0.0985576923076923
0 0.7944711538461539 0.6586538461538461 0.04567307692307692 0.07211538461538461
0 0.7307692307692307 0.59375 0.057692307692307696 0.04807692307692308
0 0.6911057692307693 0.7115384615384616 0.08653846153846154 0.09375
0 0.6670673076923077 0.8774038461538461 0.0673076923076923 0.08653846153846154
0 0.6935096153846154 0.9002403846153846 0.08413461538461539 0.08653846153846154
0 0.8100961538461539 0.9266826923076923 0.06490384615384616 0.08653846153846154
0 0.7836538461538461 0.9735576923076923 0.09615384615384616 0.052884615384615384
0 0.3401442307692308 0.49278846153846156 0.08653846153846154 0.10336538461538461
0 0.9699519230769231 0.2512019230769231 0.06009615384615385 0.08413461538461539