0 0.4639423076923077 0.2620192307692308 0.042067307692307696 0.05048076923076923
0 0.4098557692307692 0.2860576923076923 0.03485576923076923 0.037259615384615384
0 0.4326923076923077 0.3581730769230769 0.020432692307692308 0.037259615384615384
0 0.4326923076923077 0.390625 0.036057692307692304 0.040865384615384616
0 0.45072115384615385 0.4567307692307692 0.040865384615384616 0.04927884615384615
0 0.5132211538461539 0.4675480769230769 0.037259615384615384 0.04807692307692308
0 0.5576923076923077 0.49759615384615385 0.04447115384615385 0.046875
0 0.6730769230769231 0.3401442307692308 0.03365384615384615 0.038461538461538464
0 0.7740384615384616 0.3076923076923077 0.037259615384615384 0.027644230769230768
0 0.7992788461538461 0.2247596153846154 0.026442307692307692 0.042067307692307696
0 0.8978365384615384 0.22355769230769232 0.036057692307692304 0.04447115384615385
0 0.8245192307692307 0.14182692307692307 0.03485576923076923 0.03485576923076923
0 0.6971153846153846 0.04567307692307692 0.04807692307692308 0.04927884615384615
0 0.8461538461538461 0.3713942307692308 0.042067307692307696 0.052884615384615384
0 0.8954326923076923 0.3389423076923077 0.04326923076923077 0.026442307692307692
0 0.8930288461538461 0.3762019230769231 0.021634615384615384 0.05048076923076923
0 0.7980769230769231 0.38100961538461536 0.027644230769230768 0.05048076923076923
0 0.7283653846153846 0.49759615384615385 0.042067307692307696 0.06009615384615385
0 0.7716346153846154 0.6670673076923077 0.03485576923076923 0.04326923076923077
0 0.7764423076923077 0.7992788461538461 0.056490384615384616 0.06129807692307692
0 0.7644230769230769 0.7223557692307693 0.03245192307692308 0.039663461538461536
0 0.8197115384615384 0.7536057692307693 0.040865384615384616 0.04326923076923077
0 0.8641826923076923 0.7884615384615384 0.015625 0.0673076923076923
0 0.8473557692307693 0.8064903846153846 0.015625 0.06971153846153846
0 0.8233173076923077 0.6634615384615384 0.03485576923076923 0.06610576923076923
0 0.84375 0.5853365384615384 0.028846153846153848 0.08052884615384616
0 0.9002403846153846 0.6045673076923077 0.03365384615384615 0.046875
0 0.8882211538461539 0.65625 0.04447115384615385 0.046875
0 0.9723557692307693 0.6706730769230769 0.04326923076923077 0.078125
0 0.4326923076923077 0.7764423076923077 0.04326923076923077 0.056490384615384616
0 0.38100961538461536 0.6911057692307693 0.02403846153846154 0.06009615384615385
0 0.27884615384615385 0.8269230769230769 0.051682692307692304 0.06370192307692307
0 0.22355769230769232 0.890625 0.046875 0.057692307692307696
0 0.18990384615384615 0.8329326923076923 0.04927884615384615 0.038461538461538464
0 0.1346153846153846 0.9194711538461539 0.025240384615384616 0.0889423076923077
0 0.07932692307692307 0.8389423076923077 0.040865384615384616 0.056490384615384616
0 0.5480769230769231 0.8966346153846154 0.04927884615384615 0.046875
0 0.6454326923076923 0.8389423076923077 0.057692307692307696 0.054086538461538464
0 0.4026442307692308 0.052884615384615384 0.037259615384615384 0.037259615384615384
0 0.375 0.02403846153846154 0.036057692307692304 0.04447115384615385
0 0.34134615384615385 0.042067307692307696 0.021634615384615384 0.05048076923076923
0 0.3641826923076923 0.13221153846153846 0.04326923076923077 0.052884615384615384
0 0.8257211538461539 0.25600961538461536 0.03365384615384615 0.04807692307692308
0 0.7836538461538461 0.08173076923076923 0.036057692307692304 0.0625
0 0.5973557692307693 0.25961538461538464 0.04447115384615385 0.08052884615384616