0 0.5324519230769231 0.17427884615384615 0.06971153846153846 0.07451923076923077
0 0.453125 0.16466346153846154 0.040865384615384616 0.055288461538461536
0 0.4098557692307692 0.10336538461538461 0.057692307692307696 0.06971153846153846
0 0.23677884615384615 0.12379807692307693 0.07451923076923077 0.08413461538461539
0 0.24158653846153846 0.04447115384615385 0.052884615384615384 0.055288461538461536
0 0.13581730769230768 0.27403846153846156 0.06009615384615385 0.07692307692307693
0 0.04326923076923077 0.3641826923076923 0.05048076923076923 0.040865384615384616
0 0.04567307692307692 0.4723557692307692 0.04326923076923077 0.057692307692307696
0 0.01201923076923077 0.6237980769230769 0.02403846153846154 0.08413461538461539
0 0.32572115384615385 0.7704326923076923 0.057692307692307696 0.08653846153846154
0 0.39302884615384615 0.8088942307692307 0.04567307692307692 0.052884615384615384
0 0.4723557692307692 0.8040865384615384 0.04326923076923077 0.0673076923076923
0 0.5769230769230769 0.8425480769230769 0.04567307692307692 0.057692307692307696
0 0.49759615384615385 0.3173076923076923 0.040865384615384616 0.038461538461538464
0 0.5408653846153846 0.31490384615384615 0.028846153846153848 0.03125
0 0.5697115384615384 0.35336538461538464 0.04326923076923077 0.036057692307692304
0 0.5552884615384616 0.41947115384615385 0.038461538461538464 0.038461538461538464
0 0.5889423076923077 0.43028846153846156 0.036057692307692304 0.04326923076923077
0 0.4735576923076923 0.4206730769230769 0.038461538461538464 0.04807692307692308
0 0.4098557692307692 0.5144230769230769 0.04567307692307692 0.036057692307692304
0 0.35216346153846156 0.5300480769230769 0.04326923076923077 0.038461538461538464
0 0.3473557692307692 0.4579326923076923 0.0673076923076923 0.06490384615384616
0 0.328125 0.2920673076923077 0.04326923076923077 0.04807692307692308
0 0.4206730769230769 0.2548076923076923 0.038461538461538464 0.057692307692307696
0 0.29447115384615385 0.19230769230769232 0.04807692307692308 0.04807692307692308
0 0.5216346153846154 0.22596153846153846 0.04326923076923077 0.040865384615384616
0 0.46153846153846156 0.24278846153846154 0.038461538461538464 0.040865384615384616
0 0.6165865384615384 0.2692307692307692 0.055288461538461536 0.052884615384615384
0 0.6370192307692307 0.1778846153846154 0.04807692307692308 0.036057692307692304
0 0.7127403846153846 0.265625 0.038461538461538464 0.038461538461538464
0 0.7608173076923077 0.23557692307692307 0.04807692307692308 0.036057692307692304
0 0.7752403846153846 0.20673076923076922 0.040865384615384616 0.036057692307692304
0 0.8245192307692307 0.3004807692307692 0.036057692307692304 0.040865384615384616
0 0.7872596153846154 0.3004807692307692 0.03365384615384615 0.038461538461538464
0 0.7379807692307693 0.44471153846153844 0.038461538461538464 0.04807692307692308
0 0.6826923076923077 0.41225961538461536 0.03365384615384615 0.04807692307692308
0 0.6742788461538461 0.5168269230769231 0.03365384615384615 0.04567307692307692
0 0.7163461538461539 0.5108173076923077 0.038461538461538464 0.038461538461538464
0 0.671875 0.5745192307692307 0.03365384615384615 0.052884615384615384
0 0.6129807692307693 0.6021634615384616 0.036057692307692304 0.038461538461538464
0 0.7127403846153846 0.640625 0.05048076923076923 0.055288461538461536
0 0.7704326923076923 0.6069711538461539 0.04326923076923077 0.04326923076923077
0 0.7788461538461539 0.49399038461538464 0.04807692307692308 0.057692307692307696
0 0.8834134615384616 0.39783653846153844 0.038461538461538464 0.038461538461538464
0 0.8233173076923077 0.37740384615384615 0.04567307692307692 0.052884615384615384
0 0.9326923076923077 0.43028846153846156 0.05048076923076923 0.040865384615384616
0 0.9350961538461539 0.20793269230769232 0.04807692307692308 0.04567307692307692
0 0.9951923076923077 0.3016826923076923 0.009615384615384616 0.05048076923076923
0 0.9699519230769231 0.36177884615384615 0.028846153846153848 0.036057692307692304
0 0.8930288461538461 0.4891826923076923 0.04567307692307692 0.028846153846153848
0 0.8942307692307693 0.5168269230769231 0.021634615384615384 0.02403846153846154
0 0.9134615384615384 0.5733173076923077 0.0673076923076923 0.0673076923076923
0 0.8629807692307693 0.6165865384615384 0.052884615384615384 0.04326923076923077
0 0.8257211538461539 0.6694711538461539 0.038461538461538464 0.06490384615384616
0 0.9002403846153846 0.6875 0.040865384615384616 0.03365384615384615
0 0.9038461538461539 0.7283653846153846 0.055288461538461536 0.03365384615384615
0 0.8737980769230769 0.7896634615384616 0.04807692307692308 0.05048076923076923
0 0.8918269230769231 0.9074519230769231 0.04807692307692308 0.04567307692307692
0 0.8497596153846154 0.9338942307692307 0.040865384615384616 0.04807692307692308
0 0.7836538461538461 0.8173076923076923 0.04326923076923077 0.0673076923076923
0 0.6959134615384616 0.8617788461538461 0.038461538461538464 0.04807692307692308
0 0.6466346153846154 0.8677884615384616 0.05048076923076923 0.06009615384615385
0 0.8978365384615384 0.8737980769230769 0.03125 0.05048076923076923