0 0.3701923076923077 0.4639423076923077 0.09615384615384616 0.09375
0 0.47836538461538464 0.46634615384615385 0.09134615384615384 0.09134615384615384
0 0.7872596153846154 0.6814903846153846 0.12259615384615384 0.10336538461538461
0 0.9819711538461539 0.5348557692307693 0.036057692307692304 0.11298076923076923
0 0.8112980769230769 0.13701923076923078 0.13701923076923078 0.13942307692307693
0 0.8389423076923077 0.38100961538461536 0.19951923076923078 0.18028846153846154
0 0.6418269230769231 0.515625 0.14182692307692307 0.14423076923076922
0 0.6490384615384616 0.1502403846153846 0.11057692307692307 0.1201923076923077
0 0.47836538461538464 0.36899038461538464 0.14903846153846154 0.1346153846153846
0 0.7415865384615384 0.47115384615384615 0.10817307692307693 0.11538461538461539
0 0.5829326923076923 0.9086538461538461 0.13221153846153846 0.13942307692307693
0 0.7331730769230769 0.8798076923076923 0.15384615384615385 0.14903846153846154
0 0.14903846153846154 0.5060096153846154 0.13701923076923078 0.13701923076923078
0 0.10336538461538461 0.4230769230769231 0.11298076923076923 0.09134615384615384
0 0.625 0.028846153846153848 0.125 0.057692307692307696
0 0.5661057692307693 0.1141826923076923 0.11778846153846154 0.10096153846153846
0 0.5012019230769231 0.2692307692307692 0.12259615384615384 0.11778846153846154