0 0.5793269230769231 0.3233173076923077 0.052884615384615384 0.052884615384615384
0 0.6201923076923077 0.33052884615384615 0.06009615384615385 0.0625
0 0.5024038461538461 0.421875 0.06490384615384616 0.0673076923076923
0 0.44350961538461536 0.3798076923076923 0.052884615384615384 0.052884615384615384
0 0.3389423076923077 0.390625 0.038461538461538464 0.038461538461538464
0 0.45913461538461536 0.4831730769230769 0.04326923076923077 0.04326923076923077
0 0.5612980769230769 0.45072115384615385 0.055288461538461536 0.055288461538461536
0 0.5600961538461539 0.16105769230769232 0.057692307692307696 0.057692307692307696
0 0.36538461538461536 0.24639423076923078 0.057692307692307696 0.057692307692307696
0 0.2620192307692308 0.3641826923076923 0.04807692307692308 0.05048076923076923
0 0.2824519230769231 0.41466346153846156 0.04326923076923077 0.04326923076923077
0 0.3762019230769231 0.6706730769230769 0.06490384615384616 0.0625
0 0.3701923076923077 0.8245192307692307 0.06971153846153846 0.07211538461538461
0 0.33774038461538464 0.5300480769230769 0.057692307692307696 0.057692307692307696
0 0.3894230769230769 0.46274038461538464 0.07451923076923077 0.07451923076923077
0 0.2764423076923077 0.5336538461538461 0.055288461538461536 0.057692307692307696
0 0.25961538461538464 0.5012019230769231 0.03365384615384615 0.03365384615384615
0 0.234375 0.5444711538461539 0.040865384615384616 0.040865384615384616
0 0.22115384615384615 0.6418269230769231 0.06971153846153846 0.07211538461538461
0 0.14903846153846154 0.5865384615384616 0.0625 0.0625
0 0.6165865384615384 0.3798076923076923 0.03365384615384615 0.03365384615384615
0 0.5997596153846154 0.44591346153846156 0.040865384615384616 0.040865384615384616
0 0.6622596153846154 0.46274038461538464 0.08173076923076923 0.08413461538461539
0 0.7019230769230769 0.4879807692307692 0.057692307692307696 0.057692307692307696
0 0.5637019230769231 0.09975961538461539 0.055288461538461536 0.055288461538461536
0 0.5180288461538461 0.10697115384615384 0.06009615384615385 0.06009615384615385
0 0.040865384615384616 0.5180288461538461 0.036057692307692304 0.036057692307692304
0 0.020432692307692308 0.5901442307692307 0.040865384615384616 0.05048076923076923
0 0.3401442307692308 0.9627403846153846 0.05048076923076923 0.052884615384615384
0 0.21033653846153846 0.34975961538461536 0.04567307692307692 0.04567307692307692
0 0.4110576923076923 0.5697115384615384 0.052884615384615384 0.052884615384615384
0 0.37740384615384615 0.3389423076923077 0.038461538461538464 0.038461538461538464
0 0.39783653846153844 0.36658653846153844 0.03365384615384615 0.036057692307692304
0 0.015625 0.5420673076923077 0.03125 0.040865384615384616
0 0.5757211538461539 0.6754807692307693 0.07692307692307693 0.07692307692307693
0 0.4735576923076923 0.7548076923076923 0.057692307692307696 0.06009615384615385
0 0.3942307692307692 0.7740384615384616 0.057692307692307696 0.057692307692307696
0 0.234375 0.7512019230769231 0.057692307692307696 0.057692307692307696
0 0.06850961538461539 0.4807692307692308 0.06971153846153846 0.07211538461538461
0 0.16105769230769232 0.4795673076923077 0.06971153846153846 0.07211538461538461
0 0.2536057692307692 0.4170673076923077 0.0625 0.06490384615384616
0 0.25600961538461536 0.4675480769230769 0.05048076923076923 0.05048076923076923
0 0.734375 0.3401442307692308 0.05048076923076923 0.052884615384615384
0 0.9927884615384616 0.31009615384615385 0.014423076923076924 0.04326923076923077
0 0.7427884615384616 0.8305288461538461 0.06009615384615385 0.0625
0 0.7127403846153846 0.8533653846153846 0.057692307692307696 0.057692307692307696
0 0.7572115384615384 0.7704326923076923 0.057692307692307696 0.057692307692307696
0 0.7079326923076923 0.7776442307692307 0.0625 0.0625
0 0.5300480769230769 0.9855769230769231 0.05048076923076923 0.028846153846153848
0 0.49038461538461536 0.9939903846153846 0.04807692307692308 0.01201923076923077
0 0.375 0.8774038461538461 0.06971153846153846 0.06971153846153846
0 0.125 0.578125 0.04326923076923077 0.04567307692307692