0 0.18269230769230768 0.5372596153846154 0.04807692307692308 0.06009615384615385
0 0.13942307692307693 0.4387019230769231 0.0625 0.055288461538461536
0 0.1466346153846154 0.2956730769230769 0.06009615384615385 0.07932692307692307
0 0.2800480769230769 0.24879807692307693 0.055288461538461536 0.06971153846153846
0 0.14423076923076922 0.15625 0.0673076923076923 0.0889423076923077
0 0.3713942307692308 0.53125 0.055288461538461536 0.055288461538461536
0 0.25721153846153844 0.6490384615384616 0.055288461538461536 0.07692307692307693
0 0.10216346153846154 0.9134615384615384 0.04567307692307692 0.07451923076923077
0 0.35216346153846156 0.7103365384615384 0.052884615384615384 0.07692307692307693
0 0.4230769230769231 0.7043269230769231 0.0625 0.08413461538461539
0 0.4098557692307692 0.4519230769230769 0.052884615384615384 0.08413461538461539
0 0.4230769230769231 0.5348557692307693 0.05048076923076923 0.07692307692307693
0 0.5012019230769231 0.34615384615384615 0.06009615384615385 0.057692307692307696
0 0.5649038461538461 0.2536057692307692 0.04807692307692308 0.06971153846153846
0 0.7331730769230769 0.17548076923076922 0.055288461538461536 0.07451923076923077
0 0.7680288461538461 0.1141826923076923 0.055288461538461536 0.057692307692307696
0 0.7788461538461539 0.3557692307692308 0.06009615384615385 0.07932692307692307
0 0.8822115384615384 0.40865384615384615 0.0625 0.0889423076923077
0 0.9615384615384616 0.5612980769230769 0.07692307692307693 0.11778846153846154
0 0.47115384615384615 0.23557692307692307 0.0673076923076923 0.09375
0 0.34975961538461536 0.21033653846153846 0.057692307692307696 0.07211538461538461
0 0.7283653846153846 0.671875 0.04326923076923077 0.0673076923076923
0 0.7307692307692307 0.7908653846153846 0.05048076923076923 0.06490384615384616
0 0.671875 0.7379807692307693 0.04326923076923077 0.057692307692307696
0 0.65625 0.8221153846153846 0.06009615384615385 0.07211538461538461
0 0.3137019230769231 0.9435096153846154 0.07451923076923077 0.08413461538461539
0 0.1814903846153846 0.7836538461538461 0.07932692307692307 0.08413461538461539
0 0.054086538461538464 0.703125 0.04807692307692308 0.06490384615384616
0 0.09615384615384616 0.47836538461538464 0.055288461538461536 0.052884615384615384
0 0.03365384615384615 0.43028846153846156 0.057692307692307696 0.07451923076923077
0 0.33052884615384615 0.8161057692307693 0.07211538461538461 0.10096153846153846
0 0.5360576923076923 0.5588942307692307 0.07211538461538461 0.09134615384615384
0 0.4807692307692308 0.45552884615384615 0.07451923076923077 0.09615384615384616
0 0.515625 0.43028846153846156 0.05048076923076923 0.0889423076923077
0 0.4807692307692308 0.009615384615384616 0.04326923076923077 0.019230769230769232
0 0.3894230769230769 0.15985576923076922 0.052884615384615384 0.07211538461538461
0 0.2956730769230769 0.1141826923076923 0.05048076923076923 0.07692307692307693
0 0.21634615384615385 0.2283653846153846 0.057692307692307696 0.06490384615384616
0 0.7151442307692307 0.9362980769230769 0.0625 0.06009615384615385
0 0.7980769230769231 0.8389423076923077 0.07692307692307693 0.08173076923076923
0 0.7608173076923077 0.8545673076923077 0.040865384615384616 0.0673076923076923
0 0.9206730769230769 0.6995192307692307 0.10817307692307693 0.13701923076923078
0 0.8689903846153846 0.3233173076923077 0.07932692307692307 0.0889423076923077
0 0.8930288461538461 0.26322115384615385 0.07692307692307693 0.12740384615384615
0 0.8269230769230769 0.20552884615384615 0.04807692307692308 0.0625
0 0.11658653846153846 0.8209134615384616 0.07451923076923077 0.11057692307692307
0 0.33413461538461536 0.28725961538461536 0.04807692307692308 0.07451923076923077
0 0.11177884615384616 0.09254807692307693 0.06490384615384616 0.036057692307692304
0 0.8137019230769231 0.6947115384615384 0.036057692307692304 0.0673076923076923
0 0.8521634615384616 0.6838942307692307 0.06009615384615385 0.07932692307692307
0 0.7848557692307693 0.7127403846153846 0.055288461538461536 0.07692307692307693