0 0.4639423076923077 0.008413461538461538 0.0625 0.016826923076923076
0 0.21754807692307693 0.039663461538461536 0.07451923076923077 0.07932692307692307
0 0.29086538461538464 0.10216346153846154 0.07211538461538461 0.07211538461538461
0 0.31490384615384615 0.22716346153846154 0.07932692307692307 0.08413461538461539
0 0.18389423076923078 0.2608173076923077 0.057692307692307696 0.057692307692307696
0 0.030048076923076924 0.38100961538461536 0.06009615384615385 0.10817307692307693
0 0.054086538461538464 0.5084134615384616 0.09134615384615384 0.08413461538461539
0 0.12620192307692307 0.4699519230769231 0.07451923076923077 0.0673076923076923
0 0.5805288461538461 0.38221153846153844 0.08173076923076923 0.08413461538461539
0 0.6322115384615384 0.34975961538461536 0.07451923076923077 0.0673076923076923
0 0.6237980769230769 0.21153846153846154 0.06009615384615385 0.06971153846153846
0 0.5480769230769231 0.16105769230769232 0.06971153846153846 0.07451923076923077
0 0.5588942307692307 0.19591346153846154 0.057692307692307696 0.055288461538461536
0 0.7127403846153846 0.28365384615384615 0.07692307692307693 0.08173076923076923
0 0.8930288461538461 0.24759615384615385 0.08173076923076923 0.08173076923076923
0 0.9206730769230769 0.29927884615384615 0.06009615384615385 0.057692307692307696
0 0.7836538461538461 0.3918269230769231 0.0673076923076923 0.07451923076923077
0 0.8028846153846154 0.5324519230769231 0.08173076923076923 0.07451923076923077
0 0.7151442307692307 0.6141826923076923 0.11298076923076923 0.12740384615384615
0 0.6129807692307693 0.4951923076923077 0.07692307692307693 0.08173076923076923
0 0.5336538461538461 0.5709134615384616 0.06490384615384616 0.0673076923076923
0 0.4951923076923077 0.15625 0.06490384615384616 0.06971153846153846
0 0.9735576923076923 0.39903846153846156 0.052884615384615384 0.11538461538461539
0 0.9459134615384616 0.515625 0.09615384615384616 0.09134615384615384
0 0.9326923076923077 0.6310096153846154 0.08413461538461539 0.0985576923076923