0 0.23076923076923078 0.06971153846153846 0.07932692307692307 0.08653846153846154
0 0.15745192307692307 0.2704326923076923 0.08653846153846154 0.09134615384615384
0 0.12139423076923077 0.35096153846153844 0.07451923076923077 0.07932692307692307
0 0.036057692307692304 0.5180288461538461 0.07211538461538461 0.0889423076923077
0 0.025240384615384616 0.5012019230769231 0.05048076923076923 0.0985576923076923
0 0.05048076923076923 0.6430288461538461 0.07932692307692307 0.07932692307692307
0 0.15264423076923078 0.6730769230769231 0.08653846153846154 0.09134615384615384
0 0.20192307692307693 0.7367788461538461 0.0889423076923077 0.09134615384615384
0 0.2668269230769231 0.7223557692307693 0.07451923076923077 0.07932692307692307
0 0.3076923076923077 0.5865384615384616 0.10096153846153846 0.10576923076923077
0 0.3401442307692308 0.4338942307692308 0.08653846153846154 0.08413461538461539
0 0.5408653846153846 0.4951923076923077 0.08413461538461539 0.09134615384615384
0 0.40384615384615385 0.59375 0.0985576923076923 0.10817307692307693
0 0.6081730769230769 0.21754807692307693 0.0985576923076923 0.0985576923076923
0 0.6694711538461539 0.17427884615384615 0.08653846153846154 0.09134615384615384
0 0.5324519230769231 0.09975961538461539 0.07692307692307693 0.07932692307692307
0 0.41466346153846156 0.13221153846153846 0.07932692307692307 0.08413461538461539
0 0.4362980769230769 0.054086538461538464 0.09134615384615384 0.0985576923076923
0 0.6165865384615384 0.32572115384615385 0.06971153846153846 0.07211538461538461
0 0.7079326923076923 0.3233173076923077 0.057692307692307696 0.0625
0 0.4050480769230769 0.8100961538461539 0.10576923076923077 0.11057692307692307
0 0.5108173076923077 0.9663461538461539 0.0985576923076923 0.0673076923076923
0 0.49278846153846156 0.6838942307692307 0.11538461538461539 0.12259615384615384
0 0.7932692307692307 0.6442307692307693 0.11057692307692307 0.12259615384615384