0 0.22115384615384615 0.5504807692307693 0.07932692307692307 0.08173076923076923
0 0.04567307692307692 0.4963942307692308 0.09134615384615384 0.0985576923076923
0 0.6418269230769231 0.8545673076923077 0.08653846153846154 0.09375
0 0.7055288461538461 0.9447115384615384 0.057692307692307696 0.04807692307692308
0 0.8353365384615384 0.8185096153846154 0.08173076923076923 0.10336538461538461
0 0.9891826923076923 0.5853365384615384 0.021634615384615384 0.08413461538461539
0 0.9615384615384616 0.33774038461538464 0.07692307692307693 0.10817307692307693
0 0.7259615384615384 0.44350961538461536 0.09134615384615384 0.09375
0 0.6586538461538461 0.5360576923076923 0.07932692307692307 0.08413461538461539
0 0.8617788461538461 0.39663461538461536 0.0889423076923077 0.0985576923076923
0 0.6105769230769231 0.0889423076923077 0.07692307692307693 0.09615384615384616
0 0.4050480769230769 0.23918269230769232 0.0889423076923077 0.09134615384615384
0 0.140625 0.8293269230769231 0.07211538461538461 0.08173076923076923
0 0.6129807692307693 0.6814903846153846 0.09375 0.09375
0 0.4483173076923077 0.02403846153846154 0.08413461538461539 0.04807692307692308
0 0.35336538461538464 0.17067307692307693 0.07692307692307693 0.08653846153846154
0 0.3918269230769231 0.8942307692307693 0.10096153846153846 0.11057692307692307
0 0.4987980769230769 0.8725961538461539 0.11778846153846154 0.11778846153846154
0 0.6430288461538461 0.40024038461538464 0.07211538461538461 0.07692307692307693
0 0.6298076923076923 0.29927884615384615 0.09134615384615384 0.10096153846153846
0 0.4723557692307692 0.15144230769230768 0.0985576923076923 0.1201923076923077
0 0.4266826923076923 0.16947115384615385 0.08413461538461539 0.09134615384615384
0 0.8197115384615384 0.16346153846153846 0.12259615384615384 0.13701923076923078
0 0.9711538461538461 0.4963942307692308 0.057692307692307696 0.09375
0 0.4362980769230769 0.6310096153846154 0.10817307692307693 0.12980769230769232
0 0.32091346153846156 0.5480769230769231 0.0985576923076923 0.10336538461538461
0 0.3737980769230769 0.3918269230769231 0.10096153846153846 0.12980769230769232
0 0.9723557692307693 0.7439903846153846 0.055288461538461536 0.08413461538461539