0 0.3713942307692308 0.18870192307692307 0.09134615384615384 0.09134615384615384
0 0.41947115384615385 0.10336538461538461 0.09134615384615384 0.10096153846153846
0 0.29086538461538464 0.06129807692307692 0.06490384615384616 0.05048076923076923
0 0.5480769230769231 0.030048076923076924 0.10096153846153846 0.06009615384615385
0 0.2644230769230769 0.18269230769230768 0.09615384615384616 0.10576923076923077
0 0.11899038461538461 0.7932692307692307 0.09615384615384616 0.08173076923076923
0 0.22596153846153846 0.8882211538461539 0.09134615384615384 0.0985576923076923
0 0.19230769230769232 0.9459134615384616 0.08173076923076923 0.0889423076923077
0 0.6526442307692307 0.8064903846153846 0.07451923076923077 0.08653846153846154
0 0.6802884615384616 0.7103365384615384 0.0673076923076923 0.08653846153846154
0 0.6862980769230769 0.8834134615384616 0.06971153846153846 0.0889423076923077
0 0.8221153846153846 0.8401442307692307 0.06971153846153846 0.08413461538461539
0 0.9038461538461539 0.7295673076923077 0.09134615384615384 0.10336538461538461
0 0.9627403846153846 0.7355769230769231 0.07451923076923077 0.08653846153846154
0 0.5288461538461539 0.4110576923076923 0.07451923076923077 0.08653846153846154
0 0.23197115384615385 0.2800480769230769 0.07692307692307693 0.0889423076923077
0 0.3004807692307692 0.34375 0.07211538461538461 0.07451923076923077
0 0.3473557692307692 0.4170673076923077 0.06009615384615385 0.07211538461538461
0 0.2956730769230769 0.4579326923076923 0.07211538461538461 0.06490384615384616
0 0.35096153846153844 0.5504807692307693 0.06009615384615385 0.07211538461538461
0 0.6814903846153846 0.25961538461538464 0.08653846153846154 0.0889423076923077
0 0.90625 0.27884615384615385 0.06490384615384616 0.0889423076923077
0 0.8858173076923077 0.5949519230769231 0.052884615384615384 0.0673076923076923
0 0.5252403846153846 0.5252403846153846 0.07932692307692307 0.08413461538461539
0 0.45552884615384615 0.49399038461538464 0.057692307692307696 0.06490384615384616