0 0.14783653846153846 0.39903846153846156 0.07211538461538461 0.06971153846153846
0 0.14783653846153846 0.23557692307692307 0.0625 0.05048076923076923
0 0.08774038461538461 0.19591346153846154 0.0625 0.057692307692307696
0 0.3557692307692308 0.2848557692307692 0.04807692307692308 0.057692307692307696
0 0.41466346153846156 0.29927884615384615 0.057692307692307696 0.06490384615384616
0 0.39783653846153844 0.39903846153846156 0.06009615384615385 0.07211538461538461
0 0.47115384615384615 0.703125 0.0625 0.0625
0 0.5889423076923077 0.5841346153846154 0.0625 0.08413461538461539
0 0.6706730769230769 0.5612980769230769 0.0625 0.09134615384615384
0 0.6442307692307693 0.6550480769230769 0.057692307692307696 0.07932692307692307
0 0.6586538461538461 0.2848557692307692 0.0625 0.06971153846153846
0 0.5757211538461539 0.09615384615384616 0.057692307692307696 0.09134615384615384
0 0.5805288461538461 0.02403846153846154 0.06009615384615385 0.04807692307692308
0 0.5024038461538461 0.1971153846153846 0.055288461538461536 0.08173076923076923
0 0.8173076923076923 0.5637019230769231 0.04567307692307692 0.07932692307692307
0 0.8581730769230769 0.4639423076923077 0.07451923076923077 0.08413461538461539
0 0.7487980769230769 0.3137019230769231 0.05048076923076923 0.05048076923076923
0 0.08653846153846154 0.5997596153846154 0.04567307692307692 0.06490384615384616
0 0.7391826923076923 0.765625 0.07451923076923077 0.10576923076923077
0 0.5480769230769231 0.7776442307692307 0.055288461538461536 0.08653846153846154
0 0.40865384615384615 0.5757211538461539 0.057692307692307696 0.0985576923076923
0 0.16947115384615385 0.5685096153846154 0.09134615384615384 0.11057692307692307
0 0.2668269230769231 0.5793269230769231 0.08173076923076923 0.09375
0 0.30649038461538464 0.8521634615384616 0.11298076923076923 0.12259615384615384
0 0.38461538461538464 0.7740384615384616 0.0889423076923077 0.10096153846153846
0 0.17307692307692307 0.13581730769230768 0.0625 0.0985576923076923
0 0.14182692307692307 0.1622596153846154 0.06009615384615385 0.0673076923076923
0 0.6045673076923077 0.21153846153846154 0.07451923076923077 0.07692307692307693
0 0.7512019230769231 0.08052884615384616 0.04807692307692308 0.07692307692307693
0 0.75 0.15625 0.055288461538461536 0.07451923076923077
0 0.7463942307692307 0.19951923076923078 0.057692307692307696 0.07451923076923077
0 0.9026442307692307 0.18509615384615385 0.06009615384615385 0.08413461538461539
0 0.8137019230769231 0.3293269230769231 0.08173076923076923 0.08173076923076923
0 0.7379807692307693 0.6418269230769231 0.07932692307692307 0.12980769230769232
0 0.7908653846153846 0.6598557692307693 0.06971153846153846 0.0889423076923077