0 0.5637019230769231 0.02283653846153846 0.09375 0.04567307692307692
0 0.6502403846153846 0.23918269230769232 0.08653846153846154 0.08173076923076923
0 0.3858173076923077 0.15625 0.07692307692307693 0.08173076923076923
0 0.3329326923076923 0.39903846153846156 0.12980769230769232 0.13221153846153846
0 0.8449519230769231 0.6262019230769231 0.09615384615384616 0.10096153846153846
0 0.3557692307692308 0.5300480769230769 0.11298076923076923 0.10576923076923077
0 0.17908653846153846 0.40384615384615385 0.12980769230769232 0.125
0 0.08774038461538461 0.5300480769230769 0.11538461538461539 0.11298076923076923
0 0.8365384615384616 0.1875 0.08173076923076923 0.08413461538461539
0 0.9519230769230769 0.38822115384615385 0.07451923076923077 0.07211538461538461
0 0.6189903846153846 0.3629807692307692 0.07932692307692307 0.07932692307692307
0 0.5060096153846154 0.46153846153846156 0.07692307692307693 0.07692307692307693
0 0.5769230769230769 0.7572115384615384 0.0985576923076923 0.0985576923076923
0 0.4639423076923077 0.7223557692307693 0.08653846153846154 0.08653846153846154
0 0.30288461538461536 0.7620192307692307 0.11057692307692307 0.11057692307692307
0 0.0733173076923077 0.6286057692307693 0.08653846153846154 0.08173076923076923
0 0.9819711538461539 0.546875 0.036057692307692304 0.07932692307692307
0 0.4098557692307692 0.6682692307692307 0.07692307692307693 0.07451923076923077
0 0.1622596153846154 0.2283653846153846 0.06971153846153846 0.06971153846153846
0 0.9591346153846154 0.47596153846153844 0.07692307692307693 0.07932692307692307
0 0.12620192307692307 0.6947115384615384 0.08653846153846154 0.08413461538461539
0 0.09134615384615384 0.7259615384615384 0.07451923076923077 0.07211538461538461
0 0.21153846153846154 0.8004807692307693 0.08413461538461539 0.08653846153846154
0 0.8233173076923077 0.8137019230769231 0.09615384615384616 0.10096153846153846
0 0.9711538461538461 0.6129807692307693 0.057692307692307696 0.10096153846153846
0 0.8509615384615384 0.3137019230769231 0.09615384615384616 0.09375
0 0.47115384615384615 0.26322115384615385 0.09615384615384616 0.10096153846153846
0 0.9543269230769231 0.3125 0.07692307692307693 0.07692307692307693
0 0.3016826923076923 0.9158653846153846 0.10817307692307693 0.11057692307692307
0 0.2283653846153846 0.9050480769230769 0.07692307692307693 0.0673076923076923
0 0.6033653846153846 0.9483173076923077 0.10576923076923077 0.10336538461538461
0 0.13701923076923078 0.18269230769230768 0.07692307692307693 0.08413461538461539
0 0.3485576923076923 0.6334134615384616 0.07451923076923077 0.07692307692307693
0 0.38461538461538464 0.5985576923076923 0.07932692307692307 0.07692307692307693
0 0.8461538461538461 0.47716346153846156 0.09375 0.09375