0 0.04447115384615385 0.38341346153846156 0.055288461538461536 0.09134615384615384
0 0.11778846153846154 0.09254807692307693 0.0625 0.038461538461538464
0 0.20192307692307693 0.7379807692307693 0.04807692307692308 0.07211538461538461
0 0.32572115384615385 0.9567307692307693 0.08653846153846154 0.052884615384615384
0 0.35216346153846156 0.6911057692307693 0.08173076923076923 0.0673076923076923
0 0.03125 0.7427884615384616 0.0625 0.08173076923076923
0 0.6887019230769231 0.22716346153846154 0.057692307692307696 0.04326923076923077
0 0.24759615384615385 0.3233173076923077 0.07692307692307693 0.07692307692307693
0 0.10576923076923077 0.6286057692307693 0.04326923076923077 0.07211538461538461
0 0.44591346153846156 0.8040865384615384 0.057692307692307696 0.0625
0 0.41586538461538464 0.9314903846153846 0.0625 0.09615384615384616
0 0.5805288461538461 0.7403846153846154 0.09375 0.08653846153846154
0 0.9302884615384616 0.28966346153846156 0.09134615384615384 0.10096153846153846
0 0.5300480769230769 0.21514423076923078 0.0625 0.11778846153846154
0 0.10096153846153846 0.3894230769230769 0.0673076923076923 0.09375
0 0.036057692307692304 0.14543269230769232 0.06490384615384616 0.052884615384615384
0 0.020432692307692308 0.22596153846153846 0.03365384615384615 0.0889423076923077
0 0.13942307692307693 0.9002403846153846 0.0673076923076923 0.08653846153846154
0 0.1814903846153846 0.9927884615384616 0.0625 0.014423076923076924