0 0.15625 0.5408653846153846 0.07932692307692307 0.07932692307692307
0 0.30288461538461536 0.5216346153846154 0.09615384615384616 0.09615384615384616
0 0.31009615384615385 0.6586538461538461 0.06009615384615385 0.06009615384615385
0 0.23317307692307693 0.7632211538461539 0.1201923076923077 0.1201923076923077
0 0.5144230769230769 0.6045673076923077 0.07211538461538461 0.07211538461538461
0 0.5745192307692307 0.5336538461538461 0.06009615384615385 0.0625
0 0.5336538461538461 0.34615384615384615 0.07932692307692307 0.07932692307692307
0 0.5625 0.1622596153846154 0.11057692307692307 0.11057692307692307
0 0.6490384615384616 0.036057692307692304 0.09615384615384616 0.07211538461538461
0 0.16346153846153846 0.16706730769230768 0.07451923076923077 0.07451923076923077
0 0.2668269230769231 0.3713942307692308 0.0985576923076923 0.0985576923076923
0 0.6694711538461539 0.41466346153846156 0.057692307692307696 0.057692307692307696
0 0.37259615384615385 0.7932692307692307 0.11778846153846154 0.11778846153846154
0 0.4735576923076923 0.7704326923076923 0.0889423076923077 0.0889423076923077
0 0.4963942307692308 0.7019230769230769 0.06971153846153846 0.06971153846153846
0 0.6069711538461539 0.6225961538461539 0.06971153846153846 0.06971153846153846
0 0.5372596153846154 0.6550480769230769 0.08413461538461539 0.08413461538461539
0 0.9338942307692307 0.4170673076923077 0.06971153846153846 0.06971153846153846
0 0.9795673076923077 0.3713942307692308 0.040865384615384616 0.06490384615384616
0 0.6081730769230769 0.9747596153846154 0.07211538461538461 0.05048076923076923
0 0.1310096153846154 0.23317307692307693 0.0673076923076923 0.0673076923076923
0 0.3737980769230769 0.5757211538461539 0.07211538461538461 0.07211538461538461
0 0.7283653846153846 0.7295673076923077 0.07211538461538461 0.07211538461538461
0 0.6153846153846154 0.3329326923076923 0.0673076923076923 0.0673076923076923