0 0.1875 0.6754807692307693 0.030048076923076924 0.040865384615384616
0 0.23677884615384615 0.45552884615384615 0.030048076923076924 0.03365384615384615
0 0.2824519230769231 0.42427884615384615 0.019230769230769232 0.04326923076923077
0 0.44471153846153844 0.5769230769230769 0.025240384615384616 0.027644230769230768
0 0.30408653846153844 0.5961538461538461 0.02403846153846154 0.026442307692307692
0 0.16105769230769232 0.5829326923076923 0.039663461538461536 0.018028846153846152
0 0.1141826923076923 0.3233173076923077 0.03245192307692308 0.04447115384615385
0 0.3473557692307692 0.2283653846153846 0.030048076923076924 0.025240384615384616
0 0.44591346153846156 0.23076923076923078 0.027644230769230768 0.010817307692307692
0 0.5865384615384616 0.4483173076923077 0.037259615384615384 0.03365384615384615
0 0.9375 0.4795673076923077 0.04807692307692308 0.02283653846153846
0 0.8894230769230769 0.390625 0.042067307692307696 0.026442307692307692
0 0.8882211538461539 0.25600961538461536 0.042067307692307696 0.046875
0 0.9483173076923077 0.25721153846153844 0.03245192307692308 0.04807692307692308
0 0.7007211538461539 0.8389423076923077 0.026442307692307692 0.040865384615384616
0 0.5576923076923077 0.6598557692307693 0.027644230769230768 0.02283653846153846
0 0.4675480769230769 0.7403846153846154 0.03485576923076923 0.027644230769230768
0 0.3737980769230769 0.7572115384615384 0.03125 0.03125
0 0.13701923076923078 0.6514423076923077 0.030048076923076924 0.04326923076923077
0 0.12139423076923077 0.5144230769230769 0.04447115384615385 0.04927884615384615
0 0.875 0.8353365384615384 0.036057692307692304 0.038461538461538464
0 0.8858173076923077 0.578125 0.036057692307692304 0.03485576923076923
0 0.7752403846153846 0.7103365384615384 0.03365384615384615 0.038461538461538464
0 0.25961538461538464 0.5685096153846154 0.025240384615384616 0.04447115384615385
0 0.1622596153846154 0.46634615384615385 0.03245192307692308 0.037259615384615384
0 0.5973557692307693 0.5949519230769231 0.03365384615384615 0.051682692307692304
0 0.5456730769230769 0.5576923076923077 0.018028846153846152 0.055288461538461536
0 0.48197115384615385 0.6286057692307693 0.036057692307692304 0.03485576923076923
0 0.3016826923076923 0.7548076923076923 0.042067307692307696 0.06610576923076923
0 0.24158653846153846 0.6826923076923077 0.028846153846153848 0.052884615384615384
0 0.21634615384615385 0.6598557692307693 0.02283653846153846 0.04326923076923077
0 0.11298076923076923 0.7283653846153846 0.03125 0.028846153846153848
0 0.08653846153846154 0.796875 0.030048076923076924 0.030048076923076924
0 0.1814903846153846 0.8713942307692307 0.039663461538461536 0.038461538461538464
0 0.09615384615384616 0.8413461538461539 0.039663461538461536 0.051682692307692304
0 0.6370192307692307 0.7848557692307693 0.03245192307692308 0.057692307692307696
0 0.8521634615384616 0.7584134615384616 0.04807692307692308 0.07091346153846154
0 0.6430288461538461 0.6838942307692307 0.02403846153846154 0.04447115384615385
0 0.6237980769230769 0.41225961538461536 0.030048076923076924 0.07211538461538461
0 0.5793269230769231 0.24759615384615385 0.03245192307692308 0.057692307692307696
0 0.5096153846153846 0.2247596153846154 0.036057692307692304 0.04447115384615385
0 0.9326923076923077 0.19951923076923078 0.03245192307692308 0.039663461538461536
0 0.5240384615384616 0.6802884615384616 0.028846153846153848 0.054086538461538464
0 0.36778846153846156 0.6141826923076923 0.021634615384615384 0.036057692307692304
0 0.3425480769230769 0.5144230769230769 0.02403846153846154 0.051682692307692304
0 0.33052884615384615 0.46153846153846156 0.026442307692307692 0.056490384615384616
0 0.38341346153846156 0.4254807692307692 0.03365384615384615 0.039663461538461536
0 0.078125 0.234375 0.04447115384615385 0.03125
0 0.08052884615384616 0.27163461538461536 0.01201923076923077 0.052884615384615384
0 0.2824519230769231 0.2283653846153846 0.03365384615384615 0.04807692307692308
0 0.19110576923076922 0.29086538461538464 0.026442307692307692 0.042067307692307696
0 0.18269230769230768 0.4170673076923077 0.018028846153846152 0.027644230769230768
0 0.14783653846153846 0.5576923076923077 0.021634615384615384 0.036057692307692304