0 0.3112980769230769 0.8028846153846154 0.0673076923076923 0.07692307692307693
0 0.25721153846153844 0.6923076923076923 0.07451923076923077 0.07932692307692307
0 0.18269230769230768 0.32572115384615385 0.0673076923076923 0.07211538461538461
0 0.1502403846153846 0.3016826923076923 0.0625 0.07692307692307693
0 0.14903846153846154 0.21394230769230768 0.0889423076923077 0.10336538461538461
0 0.29447115384615385 0.0889423076923077 0.06490384615384616 0.08173076923076923
0 0.3076923076923077 0.15144230769230768 0.05048076923076923 0.052884615384615384
0 0.2668269230769231 0.19110576923076922 0.07932692307692307 0.07451923076923077
0 0.49038461538461536 0.030048076923076924 0.08653846153846154 0.06009615384615385
0 0.5216346153846154 0.171875 0.08173076923076923 0.0889423076923077
0 0.5865384615384616 0.20552884615384615 0.0673076923076923 0.08173076923076923
0 0.6262019230769231 0.28966346153846156 0.0985576923076923 0.10576923076923077
0 0.6286057692307693 0.4266826923076923 0.0985576923076923 0.11298076923076923
0 0.6862980769230769 0.3557692307692308 0.11057692307692307 0.12740384615384615
0 0.8040865384615384 0.16105769230769232 0.10336538461538461 0.11298076923076923
0 0.8737980769230769 0.31971153846153844 0.09134615384615384 0.0889423076923077
0 0.9362980769230769 0.3137019230769231 0.08173076923076923 0.0889423076923077
0 0.9663461538461539 0.4651442307692308 0.040865384615384616 0.04567307692307692
0 0.8737980769230769 0.4651442307692308 0.055288461538461536 0.057692307692307696
0 0.8016826923076923 0.421875 0.07932692307692307 0.08173076923076923
0 0.7283653846153846 0.5276442307692307 0.0985576923076923 0.1201923076923077
0 0.8341346153846154 0.5456730769230769 0.09615384615384616 0.08653846153846154
0 0.9651442307692307 0.5673076923076923 0.06971153846153846 0.08653846153846154
0 0.4375 0.34975961538461536 0.04807692307692308 0.055288461538461536
0 0.4074519230769231 0.265625 0.06009615384615385 0.07211538461538461
0 0.421875 0.30649038461538464 0.055288461538461536 0.06009615384615385
0 0.030048076923076924 0.7259615384615384 0.06009615384615385 0.08173076923076923
0 0.02403846153846154 0.5096153846153846 0.04807692307692308 0.08653846153846154