0 0.31850961538461536 0.23076923076923078 0.04567307692307692 0.03485576923076923
0 0.32572115384615385 0.27884615384615385 0.042067307692307696 0.03125
0 0.17908653846153846 0.30528846153846156 0.036057692307692304 0.056490384615384616
0 0.18870192307692307 0.3449519230769231 0.036057692307692304 0.046875
0 0.1141826923076923 0.28365384615384615 0.038461538461538464 0.03245192307692308
0 0.10096153846153846 0.37259615384615385 0.026442307692307692 0.0673076923076923
0 0.11899038461538461 0.39663461538461536 0.026442307692307692 0.052884615384615384
0 0.23076923076923078 0.4338942307692308 0.046875 0.038461538461538464
0 0.4050480769230769 0.38341346153846156 0.026442307692307692 0.055288461538461536
0 0.49278846153846156 0.3389423076923077 0.042067307692307696 0.040865384615384616
0 0.47596153846153844 0.203125 0.039663461538461536 0.028846153846153848
0 0.3125 0.38221153846153844 0.046875 0.04326923076923077
0 0.1778846153846154 0.5480769230769231 0.04567307692307692 0.05048076923076923
0 0.21514423076923078 0.6298076923076923 0.057692307692307696 0.05048076923076923
0 0.18028846153846154 0.671875 0.042067307692307696 0.06009615384615385
0 0.14423076923076922 0.7055288461538461 0.051682692307692304 0.055288461538461536
0 0.109375 0.734375 0.026442307692307692 0.06129807692307692
0 0.12980769230769232 0.8870192307692307 0.03485576923076923 0.025240384615384616
0 0.15504807692307693 0.9194711538461539 0.02403846153846154 0.05048076923076923
0 0.17427884615384615 0.9194711538461539 0.038461538461538464 0.037259615384615384
0 0.24759615384615385 0.9110576923076923 0.027644230769230768 0.05889423076923077
0 0.33052884615384615 0.7524038461538461 0.03485576923076923 0.054086538461538464
0 0.45913461538461536 0.7427884615384616 0.038461538461538464 0.06009615384615385
0 0.5228365384615384 0.8629807692307693 0.038461538461538464 0.06009615384615385
0 0.43990384615384615 0.9290865384615384 0.04326923076923077 0.06490384615384616
0 0.35216346153846156 0.5036057692307693 0.04447115384615385 0.052884615384615384
0 0.5336538461538461 0.45913461538461536 0.04927884615384615 0.052884615384615384
0 0.5300480769230769 0.36899038461538464 0.026442307692307692 0.05889423076923077
0 0.5721153846153846 0.3389423076923077 0.03125 0.06490384615384616
0 0.6382211538461539 0.32572115384615385 0.027644230769230768 0.05889423076923077
0 0.6610576923076923 0.19230769230769232 0.03485576923076923 0.039663461538461536
0 0.6598557692307693 0.4074519230769231 0.042067307692307696 0.0625
0 0.6069711538461539 0.41586538461538464 0.038461538461538464 0.04927884615384615
0 0.5757211538461539 0.4951923076923077 0.03365384615384615 0.0673076923076923
0 0.6502403846153846 0.5036057692307693 0.03245192307692308 0.056490384615384616
0 0.8233173076923077 0.3161057692307692 0.038461538461538464 0.038461538461538464
0 0.78125 0.41225961538461536 0.019230769230769232 0.08533653846153846
0 0.8810096153846154 0.41586538461538464 0.04326923076923077 0.04447115384615385
0 0.9891826923076923 0.3389423076923077 0.020432692307692308 0.042067307692307696
0 0.9771634615384616 0.15144230769230768 0.037259615384615384 0.046875
0 0.8713942307692307 0.71875 0.040865384615384616 0.07451923076923077
0 0.8137019230769231 0.7139423076923077 0.03125 0.07211538461538461
0 0.7487980769230769 0.6478365384615384 0.040865384615384616 0.09495192307692307
0 0.6274038461538461 0.7127403846153846 0.054086538461538464 0.06610576923076923
0 0.6322115384615384 0.9302884615384616 0.04326923076923077 0.07572115384615384
0 0.6995192307692307 0.9350961538461539 0.04447115384615385 0.06009615384615385
0 0.8353365384615384 0.9350961538461539 0.056490384615384616 0.08173076923076923
0 0.8966346153846154 0.7908653846153846 0.03125 0.0625
0 0.9411057692307693 0.7644230769230769 0.03365384615384615 0.09975961538461539
0 0.3137019230769231 0.4567307692307692 0.052884615384615384 0.09014423076923077
0 0.5492788461538461 0.6959134615384616 0.042067307692307696 0.06850961538461539
0 0.9831730769230769 0.8389423076923077 0.03125 0.07211538461538461