0 0.0673076923076923 0.45552884615384615 0.07451923076923077 0.04807692307692308
0 0.2127403846153846 0.16105769230769232 0.06971153846153846 0.04567307692307692
0 0.21754807692307693 0.08653846153846154 0.07932692307692307 0.07451923076923077
0 0.11778846153846154 0.1971153846153846 0.06971153846153846 0.04326923076923077
0 0.028846153846153848 0.46875 0.057692307692307696 0.07211538461538461
0 0.010817307692307692 0.6514423076923077 0.021634615384615384 0.07211538461538461
0 0.10817307692307693 0.5901442307692307 0.07451923076923077 0.052884615384615384
0 0.13942307692307693 0.7620192307692307 0.08653846153846154 0.09375
0 0.359375 0.8978365384615384 0.09134615384615384 0.07211538461538461
0 0.23197115384615385 0.33653846153846156 0.07692307692307693 0.0985576923076923
0 0.18990384615384615 0.26802884615384615 0.0625 0.07211538461538461
0 0.125 0.24158653846153846 0.07692307692307693 0.08653846153846154
0 0.04326923076923077 0.31490384615384615 0.06971153846153846 0.17067307692307693
0 0.8112980769230769 0.8064903846153846 0.08413461538461539 0.11057692307692307
0 0.8293269230769231 0.7572115384615384 0.08173076923076923 0.07451923076923077
0 0.8377403846153846 0.7091346153846154 0.07932692307692307 0.08653846153846154
0 0.8209134615384616 0.6069711538461539 0.07932692307692307 0.08413461538461539
0 0.7283653846153846 0.5841346153846154 0.04807692307692308 0.05048076923076923
0 0.7295673076923077 0.6262019230769231 0.052884615384615384 0.06490384615384616
0 0.6838942307692307 0.46875 0.06490384615384616 0.08413461538461539
0 0.8365384615384616 0.5144230769230769 0.07932692307692307 0.07451923076923077
0 0.9146634615384616 0.5865384615384616 0.05048076923076923 0.055288461538461536
0 0.9194711538461539 0.6959134615384616 0.07451923076923077 0.08173076923076923
0 0.8293269230769231 0.9579326923076923 0.10576923076923077 0.08413461538461539
0 0.7007211538461539 0.8629807692307693 0.057692307692307696 0.07932692307692307
0 0.5228365384615384 0.9723557692307693 0.06009615384615385 0.055288461538461536
0 0.31009615384615385 0.6334134615384616 0.07451923076923077 0.07211538461538461
0 0.21033653846153846 0.49278846153846156 0.08653846153846154 0.08173076923076923
0 0.33052884615384615 0.18269230769230768 0.057692307692307696 0.0625
0 0.33052884615384615 0.12980769230769232 0.052884615384615384 0.06009615384615385
0 0.34134615384615385 0.0733173076923077 0.0625 0.06971153846153846
0 0.41346153846153844 0.03485576923076923 0.0673076923076923 0.06971153846153846
0 0.4170673076923077 0.3713942307692308 0.07451923076923077 0.10096153846153846