0 0.3161057692307692 0.19831730769230768 0.06129807692307692 0.056490384615384616
0 0.3016826923076923 0.08533653846153846 0.06370192307692307 0.055288461538461536
0 0.28125 0.039663461538461536 0.06009615384615385 0.025240384615384616
0 0.5288461538461539 0.03485576923076923 0.07692307692307693 0.057692307692307696
0 0.4543269230769231 0.06850961538461539 0.056490384615384616 0.051682692307692304
0 0.2692307692307692 0.4098557692307692 0.0733173076923077 0.08173076923076923
0 0.23677884615384615 0.6959134615384616 0.03245192307692308 0.0625
0 0.265625 0.7271634615384616 0.030048076923076924 0.056490384615384616
0 0.2403846153846154 0.7944711538461539 0.040865384615384616 0.05048076923076923
0 0.2644230769230769 0.8353365384615384 0.05048076923076923 0.07091346153846154
0 0.15745192307692307 0.859375 0.08173076923076923 0.055288461538461536
0 0.37259615384615385 0.9050480769230769 0.06009615384615385 0.05889423076923077
0 0.46875 0.6117788461538461 0.078125 0.09975961538461539
0 0.6622596153846154 0.515625 0.0733173076923077 0.042067307692307696
0 0.7211538461538461 0.5637019230769231 0.07091346153846154 0.042067307692307696
0 0.7475961538461539 0.5913461538461539 0.08533653846153846 0.055288461538461536
0 0.8341346153846154 0.5084134615384616 0.06370192307692307 0.057692307692307696
0 0.6430288461538461 0.6165865384615384 0.078125 0.0673076923076923
0 0.6430288461538461 0.8137019230769231 0.0733173076923077 0.07211538461538461
0 0.7848557692307693 0.7956730769230769 0.0625 0.057692307692307696
0 0.9134615384615384 0.8653846153846154 0.10216346153846154 0.10697115384615384