0 0.4483173076923077 0.5516826923076923 0.036057692307692304 0.055288461538461536
0 0.5396634615384616 0.6838942307692307 0.03485576923076923 0.057692307692307696
0 0.5 0.7223557692307693 0.03365384615384615 0.06009615384615385
0 0.5721153846153846 0.8209134615384616 0.06850961538461539 0.08052884615384616
0 0.48197115384615385 0.7644230769230769 0.04807692307692308 0.0889423076923077
0 0.31971153846153844 0.8353365384615384 0.042067307692307696 0.07091346153846154
0 0.2920673076923077 0.7355769230769231 0.04567307692307692 0.06850961538461539
0 0.16826923076923078 0.7175480769230769 0.04807692307692308 0.04326923076923077
0 0.18629807692307693 0.5432692307692307 0.04326923076923077 0.056490384615384616
0 0.7355769230769231 0.35216346153846156 0.021634615384615384 0.0733173076923077
0 0.8221153846153846 0.3112980769230769 0.04807692307692308 0.0673076923076923
0 0.9423076923076923 0.46033653846153844 0.042067307692307696 0.07451923076923077
0 0.45072115384615385 0.6838942307692307 0.028846153846153848 0.06610576923076923
0 0.4014423076923077 0.6622596153846154 0.042067307692307696 0.057692307692307696
0 0.41586538461538464 0.7475961538461539 0.02283653846153846 0.0673076923076923
0 0.1814903846153846 0.8966346153846154 0.025240384615384616 0.08413461538461539
0 0.27884615384615385 0.9459134615384616 0.04447115384615385 0.07692307692307693
0 0.054086538461538464 0.9038461538461539 0.051682692307692304 0.06490384615384616
0 0.0985576923076923 0.5552884615384616 0.039663461538461536 0.09735576923076923
0 0.20673076923076922 0.3858173076923077 0.027644230769230768 0.06971153846153846
0 0.8617788461538461 0.41466346153846156 0.040865384615384616 0.05889423076923077
0 0.90625 0.45552884615384615 0.036057692307692304 0.09014423076923077
0 0.5805288461538461 0.3762019230769231 0.05048076923076923 0.07572115384615384