0 0.49759615384615385 0.2800480769230769 0.10096153846153846 0.09134615384615384
0 0.8088942307692307 0.5600961538461539 0.09615384615384616 0.09615384615384616
0 0.47475961538461536 0.5528846153846154 0.0889423076923077 0.08653846153846154
0 0.3269230769230769 0.31009615384615385 0.08653846153846154 0.09375
0 0.3858173076923077 0.009615384615384616 0.0889423076923077 0.019230769230769232
0 0.6418269230769231 0.1201923076923077 0.07692307692307693 0.09375
0 0.025240384615384616 0.5216346153846154 0.05048076923076923 0.08653846153846154
0 0.41346153846153844 0.9663461538461539 0.10576923076923077 0.0673076923076923
0 0.8413461538461539 0.7860576923076923 0.10817307692307693 0.11298076923076923
0 0.12620192307692307 0.8365384615384616 0.08653846153846154 0.07692307692307693
0 0.0889423076923077 0.5180288461538461 0.12740384615384615 0.15144230769230768
0 0.40865384615384615 0.43509615384615385 0.10336538461538461 0.1346153846153846
0 0.6105769230769231 0.25841346153846156 0.1346153846153846 0.15144230769230768
0 0.8894230769230769 0.6021634615384616 0.10576923076923077 0.12980769230769232
0 0.21754807692307693 0.84375 0.15144230769230768 0.16826923076923078
0 0.020432692307692308 0.6610576923076923 0.040865384615384616 0.11057692307692307
0 0.5600961538461539 0.5853365384615384 0.11778846153846154 0.13221153846153846
0 0.2860576923076923 0.14423076923076922 0.09615384615384616 0.10817307692307693
0 0.7872596153846154 0.09975961538461539 0.07932692307692307 0.06009615384615385
0 0.14302884615384615 0.6105769230769231 0.14423076923076922 0.15384615384615385
0 0.44711538461538464 0.8509615384615384 0.10096153846153846 0.1346153846153846