0 0.6225961538461539 0.35336538461538464 0.06009615384615385 0.06490384615384616
0 0.6862980769230769 0.35697115384615385 0.0673076923076923 0.0673076923076923
0 0.7139423076923077 0.4014423076923077 0.04567307692307692 0.04567307692307692
0 0.7295673076923077 0.41947115384615385 0.06490384615384616 0.0625
0 0.8762019230769231 0.48677884615384615 0.07451923076923077 0.07451923076923077
0 0.8497596153846154 0.5913461538461539 0.055288461538461536 0.0625
0 0.8774038461538461 0.6442307692307693 0.057692307692307696 0.06490384615384616
0 0.9579326923076923 0.5516826923076923 0.040865384615384616 0.04567307692307692
0 0.7079326923076923 0.9338942307692307 0.04567307692307692 0.05048076923076923
0 0.546875 0.9915865384615384 0.06009615384615385 0.016826923076923076
0 0.5697115384615384 0.9483173076923077 0.052884615384615384 0.057692307692307696
0 0.6274038461538461 0.8870192307692307 0.052884615384615384 0.057692307692307696
0 0.6358173076923077 0.9278846153846154 0.04326923076923077 0.04567307692307692
0 0.6899038461538461 0.8353365384615384 0.04326923076923077 0.04807692307692308
0 0.6790865384615384 0.7860576923076923 0.055288461538461536 0.055288461538461536
0 0.6370192307692307 0.7139423076923077 0.055288461538461536 0.052884615384615384
0 0.47716346153846156 0.9206730769230769 0.07932692307692307 0.08173076923076923
0 0.46274038461538464 0.7980769230769231 0.06009615384615385 0.0625
0 0.24879807692307693 0.8341346153846154 0.057692307692307696 0.06009615384615385
0 0.26802884615384615 0.8052884615384616 0.04326923076923077 0.04567307692307692
0 0.2247596153846154 0.8894230769230769 0.05048076923076923 0.05048076923076923
0 0.39663461538461536 0.5637019230769231 0.038461538461538464 0.040865384615384616
0 0.390625 0.5324519230769231 0.055288461538461536 0.06490384615384616
0 0.35096153846153844 0.5288461538461539 0.05048076923076923 0.052884615384615384
0 0.3317307692307692 0.6057692307692307 0.06009615384615385 0.06490384615384616
0 0.2932692307692308 0.06009615384615385 0.05048076923076923 0.057692307692307696
0 0.6069711538461539 0.4050480769230769 0.038461538461538464 0.040865384615384616
0 0.5721153846153846 0.5420673076923077 0.04807692307692308 0.055288461538461536
0 0.5096153846153846 0.59375 0.057692307692307696 0.05048076923076923
0 0.6346153846153846 0.5348557692307693 0.05048076923076923 0.055288461538461536
0 0.6466346153846154 0.3016826923076923 0.05048076923076923 0.057692307692307696
0 0.5084134615384616 0.31850961538461536 0.055288461538461536 0.052884615384615384
0 0.47115384615384615 0.4855769230769231 0.052884615384615384 0.057692307692307696
0 0.28846153846153844 0.7271634615384616 0.06971153846153846 0.06971153846153846
0 0.578125 0.3762019230769231 0.0625 0.07211538461538461
0 0.5721153846153846 0.3425480769230769 0.06009615384615385 0.07451923076923077
0 0.13701923076923078 0.2764423076923077 0.08173076923076923 0.09134615384615384
0 0.4098557692307692 0.40384615384615385 0.07692307692307693 0.08173076923076923