0 0.359375 0.08774038461538461 0.04567307692307692 0.052884615384615384
0 0.41586538461538464 0.11298076923076923 0.04807692307692308 0.04567307692307692
0 0.41947115384615385 0.040865384615384616 0.026442307692307692 0.03125
0 0.4735576923076923 0.018028846153846152 0.04567307692307692 0.036057692307692304
0 0.2920673076923077 0.0985576923076923 0.057692307692307696 0.0673076923076923
0 0.1658653846153846 0.06971153846153846 0.0625 0.04326923076923077
0 0.18389423076923078 0.1346153846153846 0.052884615384615384 0.05048076923076923
0 0.1045673076923077 0.14543269230769232 0.052884615384615384 0.036057692307692304
0 0.037259615384615384 0.09254807692307693 0.036057692307692304 0.04807692307692308
0 0.016826923076923076 0.1045673076923077 0.03365384615384615 0.04567307692307692
0 0.06129807692307692 0.3161057692307692 0.0673076923076923 0.06009615384615385
0 0.08533653846153846 0.3557692307692308 0.0673076923076923 0.038461538461538464
0 0.05889423076923077 0.4098557692307692 0.06009615384615385 0.04807692307692308
0 0.04927884615384615 0.5108173076923077 0.07932692307692307 0.06009615384615385
0 0.04807692307692308 0.5997596153846154 0.052884615384615384 0.036057692307692304
0 0.10216346153846154 0.6189903846153846 0.036057692307692304 0.05048076923076923
0 0.13701923076923078 0.5841346153846154 0.036057692307692304 0.0673076923076923
0 0.15504807692307693 0.5084134615384616 0.04567307692307692 0.06971153846153846
0 0.19230769230769232 0.9254807692307693 0.04567307692307692 0.057692307692307696
0 0.36177884615384615 0.9639423076923077 0.05048076923076923 0.07211538461538461
0 0.4879807692307692 0.9399038461538461 0.06490384615384616 0.07211538461538461
0 0.6706730769230769 0.8112980769230769 0.0673076923076923 0.08413461538461539
0 0.6682692307692307 0.8834134615384616 0.0673076923076923 0.052884615384615384
0 0.5492788461538461 0.6766826923076923 0.05048076923076923 0.06009615384615385
0 0.5588942307692307 0.578125 0.038461538461538464 0.0673076923076923
0 0.5372596153846154 0.5060096153846154 0.057692307692307696 0.055288461538461536
0 0.5829326923076923 0.4411057692307692 0.052884615384615384 0.05048076923076923
0 0.4879807692307692 0.23197115384615385 0.057692307692307696 0.055288461538461536
0 0.4074519230769231 0.20673076923076922 0.04326923076923077 0.07692307692307693
0 0.38100961538461536 0.23076923076923078 0.05048076923076923 0.07211538461538461
0 0.5769230769230769 0.11298076923076923 0.04326923076923077 0.036057692307692304
0 0.5853365384615384 0.1971153846153846 0.04807692307692308 0.06490384615384616
0 0.6418269230769231 0.09375 0.057692307692307696 0.05048076923076923
0 0.6598557692307693 0.06370192307692307 0.055288461538461536 0.04567307692307692
0 0.6334134615384616 0.03365384615384615 0.036057692307692304 0.0625
0 0.5865384615384616 0.02283653846153846 0.04326923076923077 0.028846153846153848
0 0.5721153846153846 0.021634615384615384 0.028846153846153848 0.04326923076923077
0 0.8449519230769231 0.008413461538461538 0.040865384615384616 0.016826923076923076
0 0.7884615384615384 0.08533653846153846 0.06009615384615385 0.0625
0 0.8076923076923077 0.15865384615384615 0.04326923076923077 0.0673076923076923
0 0.8954326923076923 0.1875 0.04326923076923077 0.05048076923076923
0 0.8834134615384616 0.22716346153846154 0.040865384615384616 0.038461538461538464
0 0.859375 0.2536057692307692 0.052884615384615384 0.057692307692307696
0 0.8581730769230769 0.3076923076923077 0.036057692307692304 0.038461538461538464
0 0.8221153846153846 0.29447115384615385 0.0625 0.06009615384615385
0 0.7872596153846154 0.20192307692307693 0.036057692307692304 0.055288461538461536
0 0.921875 0.09375 0.04567307692307692 0.0625
0 0.8473557692307693 0.5877403846153846 0.055288461538461536 0.07692307692307693
0 0.9038461538461539 0.5721153846153846 0.04326923076923077 0.06971153846153846
0 0.9519230769230769 0.5168269230769231 0.057692307692307696 0.04567307692307692
0 0.9615384615384616 0.4206730769230769 0.036057692307692304 0.06490384615384616
0 0.8533653846153846 0.47836538461538464 0.040865384615384616 0.055288461538461536
0 0.7475961538461539 0.46153846153846156 0.04567307692307692 0.05048076923076923
0 0.7163461538461539 0.4855769230769231 0.04807692307692308 0.05048076923076923
0 0.6790865384615384 0.3605769230769231 0.038461538461538464 0.05048076923076923
0 0.7115384615384616 0.33413461538461536 0.040865384615384616 0.04567307692307692
0 0.6850961538461539 0.5913461538461539 0.06009615384615385 0.0673076923076923
0 0.9855769230769231 0.6490384615384616 0.028846153846153848 0.0625
0 0.96875 0.6814903846153846 0.04567307692307692 0.0673076923076923
0 0.953125 0.7307692307692307 0.036057692307692304 0.038461538461538464
0 0.4098557692307692 0.6334134615384616 0.04807692307692308 0.0625
0 0.3125 0.6730769230769231 0.055288461538461536 0.0673076923076923