0 0.35336538461538464 0.8125 0.036057692307692304 0.04567307692307692
0 0.23197115384615385 0.6923076923076923 0.03125 0.036057692307692304
0 0.3112980769230769 0.49759615384615385 0.038461538461538464 0.04567307692307692
0 0.4098557692307692 0.4411057692307692 0.036057692307692304 0.04807692307692308
0 0.5168269230769231 0.41225961538461536 0.03125 0.04326923076923077
0 0.5372596153846154 0.4723557692307692 0.036057692307692304 0.05048076923076923
0 0.4963942307692308 0.5048076923076923 0.04567307692307692 0.06490384615384616
0 0.5721153846153846 0.49158653846153844 0.036057692307692304 0.052884615384615384
0 0.6201923076923077 0.4206730769230769 0.03125 0.04807692307692308
0 0.6177884615384616 0.16466346153846154 0.036057692307692304 0.04807692307692308
0 0.453125 0.07091346153846154 0.036057692307692304 0.05048076923076923
0 0.3894230769230769 0.2764423076923077 0.038461538461538464 0.040865384615384616
0 0.515625 0.3329326923076923 0.028846153846153848 0.04326923076923077
0 0.4098557692307692 0.3641826923076923 0.036057692307692304 0.040865384615384616
0 0.23197115384615385 0.7788461538461539 0.028846153846153848 0.028846153846153848
0 0.44711538461538464 0.8269230769230769 0.036057692307692304 0.036057692307692304
0 0.4891826923076923 0.9026442307692307 0.026442307692307692 0.038461538461538464
0 0.8918269230769231 0.4050480769230769 0.02403846153846154 0.03125
0 0.9230769230769231 0.24759615384615385 0.026442307692307692 0.036057692307692304
0 0.8954326923076923 0.3425480769230769 0.03125 0.03365384615384615
0 0.6442307692307693 0.9411057692307693 0.03125 0.05048076923076923
0 0.6574519230769231 0.9627403846153846 0.021634615384615384 0.038461538461538464
0 0.6358173076923077 0.6189903846153846 0.026442307692307692 0.038461538461538464
0 0.6610576923076923 0.46153846153846156 0.036057692307692304 0.04326923076923077
0 0.7331730769230769 0.3161057692307692 0.03125 0.05048076923076923
0 0.859375 0.3641826923076923 0.03125 0.04326923076923077
0 0.9423076923076923 0.20072115384615385 0.03125 0.040865384615384616
0 0.6382211538461539 0.36778846153846156 0.03125 0.040865384615384616
0 0.453125 0.8942307692307693 0.03125 0.036057692307692304
0 0.3713942307692308 0.4651442307692308 0.03125 0.038461538461538464
0 0.4543269230769231 0.5504807692307693 0.03125 0.038461538461538464
0 0.44471153846153844 0.4411057692307692 0.03125 0.03125
0 0.5300480769230769 0.2824519230769231 0.028846153846153848 0.03365384615384615
0 0.5769230769230769 0.22596153846153846 0.026442307692307692 0.036057692307692304
0 0.4098557692307692 0.2920673076923077 0.028846153846153848 0.040865384615384616
0 0.46634615384615385 0.16826923076923078 0.028846153846153848 0.036057692307692304
0 0.7692307692307693 0.8966346153846154 0.038461538461538464 0.05048076923076923
0 0.7079326923076923 0.9206730769230769 0.038461538461538464 0.05048076923076923
0 0.5865384615384616 0.8810096153846154 0.038461538461538464 0.04326923076923077
0 0.7103365384615384 0.8401442307692307 0.02403846153846154 0.028846153846153848
0 0.8533653846153846 0.7295673076923077 0.026442307692307692 0.040865384615384616
0 0.7295673076923077 0.9639423076923077 0.02403846153846154 0.038461538461538464
0 0.9879807692307693 0.29927884615384615 0.02403846153846154 0.04567307692307692
0 0.8245192307692307 0.45552884615384615 0.03365384615384615 0.038461538461538464
0 0.8545673076923077 0.5072115384615384 0.03365384615384615 0.038461538461538464
0 0.8461538461538461 0.59375 0.038461538461538464 0.04807692307692308
0 0.7596153846153846 0.6165865384615384 0.038461538461538464 0.04567307692307692
0 0.6790865384615384 0.6189903846153846 0.026442307692307692 0.038461538461538464
0 0.8149038461538461 0.8076923076923077 0.03125 0.04807692307692308
0 0.5564903846153846 0.9326923076923077 0.036057692307692304 0.04567307692307692
0 0.5997596153846154 0.4026442307692308 0.03365384615384615 0.04567307692307692
0 0.6850961538461539 0.2548076923076923 0.036057692307692304 0.04807692307692308
0 0.5024038461538461 0.2860576923076923 0.03365384615384615 0.038461538461538464
0 0.49158653846153844 0.25 0.028846153846153848 0.038461538461538464
0 0.4266826923076923 0.23798076923076922 0.038461538461538464 0.04326923076923077
0 0.4110576923076923 0.24879807692307693 0.019230769230769232 0.019230769230769232
0 0.4026442307692308 0.18269230769230768 0.03365384615384615 0.038461538461538464
0 0.4050480769230769 0.8713942307692307 0.040865384615384616 0.04807692307692308
0 0.34975961538461536 0.8641826923076923 0.028846153846153848 0.036057692307692304
0 0.23677884615384615 0.8173076923076923 0.026442307692307692 0.04326923076923077
0 0.22716346153846154 0.7367788461538461 0.036057692307692304 0.052884615384615384
0 0.5889423076923077 0.9591346153846154 0.0673076923076923 0.08173076923076923
0 0.7860576923076923 0.9831730769230769 0.03365384615384615 0.03365384615384615
0 0.3605769230769231 0.5949519230769231 0.040865384615384616 0.055288461538461536
0 0.4266826923076923 0.078125 0.036057692307692304 0.04567307692307692
0 0.5528846153846154 0.13822115384615385 0.057692307692307696 0.057692307692307696
0 0.6274038461538461 0.12139423076923077 0.04567307692307692 0.055288461538461536
0 0.703125 0.12860576923076922 0.026442307692307692 0.038461538461538464
0 0.6382211538461539 0.2548076923076923 0.040865384615384616 0.0625
0 0.6262019230769231 0.21754807692307693 0.038461538461538464 0.04567307692307692