0 0.43509615384615385 0.08052884615384616 0.05048076923076923 0.05048076923076923
0 0.38822115384615385 0.16706730769230768 0.06490384615384616 0.055288461538461536
0 0.3401442307692308 0.25240384615384615 0.057692307692307696 0.06490384615384616
0 0.9146634615384616 0.2608173076923077 0.06009615384615385 0.07211538461538461
0 0.859375 0.3161057692307692 0.04326923076923077 0.05048076923076923
0 0.8329326923076923 0.31009615384615385 0.055288461538461536 0.06490384615384616
0 0.8449519230769231 0.4495192307692308 0.0673076923076923 0.07451923076923077
0 0.765625 0.3088942307692308 0.057692307692307696 0.07692307692307693
0 0.7596153846153846 0.13701923076923078 0.055288461538461536 0.06490384615384616
0 0.6634615384615384 0.3245192307692308 0.04807692307692308 0.057692307692307696
0 0.5865384615384616 0.3786057692307692 0.055288461538461536 0.057692307692307696
0 0.546875 0.43149038461538464 0.040865384615384616 0.052884615384615384
0 0.5576923076923077 0.5264423076923077 0.052884615384615384 0.057692307692307696
0 0.47716346153846156 0.4963942307692308 0.057692307692307696 0.0625
0 0.46153846153846156 0.5709134615384616 0.040865384615384616 0.052884615384615384
0 0.5528846153846154 0.7019230769230769 0.052884615384615384 0.06490384615384616
0 0.4795673076923077 0.9495192307692307 0.055288461538461536 0.055288461538461536
0 0.38822115384615385 0.8197115384615384 0.055288461538461536 0.052884615384615384
0 0.32091346153846156 0.8076923076923077 0.06009615384615385 0.07692307692307693
0 0.36778846153846156 0.7259615384615384 0.057692307692307696 0.0625
0 0.3329326923076923 0.6262019230769231 0.057692307692307696 0.07211538461538461
0 0.3858173076923077 0.5132211538461539 0.052884615384615384 0.055288461538461536
0 0.4074519230769231 0.4266826923076923 0.0625 0.06971153846153846
0 0.4483173076923077 0.3701923076923077 0.06009615384615385 0.07211538461538461
0 0.47596153846153844 0.265625 0.07211538461538461 0.07211538461538461
0 0.5396634615384616 0.22596153846153846 0.057692307692307696 0.0673076923076923
0 0.5612980769230769 0.1814903846153846 0.055288461538461536 0.06490384615384616
0 0.6057692307692307 0.18990384615384615 0.052884615384615384 0.057692307692307696
0 0.6117788461538461 0.14423076923076922 0.04807692307692308 0.04567307692307692
0 0.6778846153846154 0.11658653846153846 0.06490384615384616 0.07692307692307693
0 0.3737980769230769 0.2860576923076923 0.04326923076923077 0.04807692307692308
0 0.328125 0.34375 0.036057692307692304 0.036057692307692304
0 0.2980769230769231 0.3762019230769231 0.04567307692307692 0.052884615384615384
0 0.3076923076923077 0.30288461538461536 0.055288461538461536 0.0673076923076923
0 0.25600961538461536 0.30408653846153844 0.052884615384615384 0.055288461538461536
0 0.28365384615384615 0.2548076923076923 0.04567307692307692 0.05048076923076923
0 0.25721153846153844 0.3473557692307692 0.055288461538461536 0.055288461538461536
0 0.21634615384615385 0.36778846153846156 0.040865384615384616 0.04326923076923077
0 0.19230769230769232 0.4519230769230769 0.040865384615384616 0.036057692307692304
0 0.10697115384615384 0.4879807692307692 0.0625 0.07932692307692307
0 0.09134615384615384 0.47716346153846156 0.04326923076923077 0.0625
0 0.07572115384615384 0.6057692307692307 0.04807692307692308 0.04807692307692308
0 0.052884615384615384 0.625 0.052884615384615384 0.055288461538461536
0 0.015625 0.6586538461538461 0.03125 0.052884615384615384
0 0.055288461538461536 0.6935096153846154 0.04326923076923077 0.05048076923076923
0 0.14182692307692307 0.6009615384615384 0.038461538461538464 0.052884615384615384
0 0.15504807692307693 0.5288461538461539 0.04807692307692308 0.057692307692307696
0 0.14543269230769232 0.35096153846153844 0.052884615384615384 0.055288461538461536
0 0.22716346153846154 0.2127403846153846 0.07932692307692307 0.10096153846153846
0 0.2247596153846154 0.7091346153846154 0.04807692307692308 0.057692307692307696
0 0.21995192307692307 0.7584134615384616 0.038461538461538464 0.04807692307692308
0 0.22956730769230768 0.7932692307692307 0.05048076923076923 0.04807692307692308
0 0.21514423076923078 0.6814903846153846 0.055288461538461536 0.06971153846153846
0 0.16466346153846154 0.6778846153846154 0.0673076923076923 0.07932692307692307
0 0.23317307692307693 0.5264423076923077 0.0673076923076923 0.08653846153846154
0 0.6466346153846154 0.2644230769230769 0.04567307692307692 0.055288461538461536
0 0.6610576923076923 0.057692307692307696 0.055288461538461536 0.06009615384615385
0 0.1875 0.5444711538461539 0.06490384615384616 0.07211538461538461
0 0.9375 0.3581730769230769 0.0889423076923077 0.09134615384615384
0 0.6394230769230769 0.5997596153846154 0.06490384615384616 0.07451923076923077
0 0.6730769230769231 0.8052884615384616 0.057692307692307696 0.06490384615384616