0 0.5216346153846154 0.20192307692307693 0.07211538461538461 0.06490384615384616
0 0.6069711538461539 0.30288461538461536 0.07451923076923077 0.057692307692307696
0 0.5721153846153846 0.3401442307692308 0.052884615384615384 0.052884615384615384
0 0.5240384615384616 0.4110576923076923 0.08173076923076923 0.06971153846153846
0 0.4254807692307692 0.5264423076923077 0.0625 0.0625
0 0.39663461538461536 0.6418269230769231 0.07211538461538461 0.08653846153846154
0 0.1502403846153846 0.5372596153846154 0.038461538461538464 0.04807692307692308
0 0.25 0.2800480769230769 0.03365384615384615 0.06490384615384616
0 0.12259615384615384 0.7427884615384616 0.057692307692307696 0.0673076923076923
0 0.03485576923076923 0.6634615384615384 0.06971153846153846 0.0625
0 0.2512019230769231 0.8377403846153846 0.057692307692307696 0.07932692307692307
0 0.6201923076923077 0.5721153846153846 0.055288461538461536 0.06971153846153846
0 0.5564903846153846 0.4699519230769231 0.038461538461538464 0.04807692307692308
0 0.609375 0.6826923076923077 0.0625 0.08653846153846154
0 0.4879807692307692 0.31009615384615385 0.04807692307692308 0.07211538461538461
0 0.8822115384615384 0.5540865384615384 0.0673076923076923 0.0889423076923077
0 0.9879807692307693 0.35697115384615385 0.02403846153846154 0.07932692307692307
0 0.9819711538461539 0.5913461538461539 0.026442307692307692 0.052884615384615384
0 0.8930288461538461 0.6887019230769231 0.0625 0.05048076923076923
0 0.8617788461538461 0.7391826923076923 0.052884615384615384 0.06490384615384616
0 0.8942307692307693 0.7956730769230769 0.057692307692307696 0.07451923076923077
0 0.53125 0.9567307692307693 0.04567307692307692 0.06971153846153846
0 0.41947115384615385 0.9651442307692307 0.0673076923076923 0.052884615384615384
0 0.37740384615384615 0.921875 0.06009615384615385 0.07692307692307693