0 0.6899038461538461 0.578125 0.055288461538461536 0.06610576923076923
0 0.7427884615384616 0.5084134615384616 0.03485576923076923 0.05889423076923077
0 0.8064903846153846 0.6694711538461539 0.052884615384615384 0.051682692307692304
0 0.8581730769230769 0.6286057692307693 0.036057692307692304 0.055288461538461536
0 0.8954326923076923 0.6995192307692307 0.0625 0.04927884615384615
0 0.9038461538461539 0.8401442307692307 0.04927884615384615 0.055288461538461536
0 0.8665865384615384 0.47115384615384615 0.06370192307692307 0.056490384615384616
0 0.8076923076923077 0.21394230769230768 0.055288461538461536 0.055288461538461536
0 0.38221153846153844 0.7836538461538461 0.051682692307692304 0.052884615384615384
0 0.47115384615384615 0.8497596153846154 0.05048076923076923 0.06370192307692307
0 0.390625 0.9086538461538461 0.055288461538461536 0.03125
0 0.04326923076923077 0.16826923076923078 0.06009615384615385 0.057692307692307696
0 0.27403846153846156 0.6730769230769231 0.040865384615384616 0.040865384615384616
0 0.6754807692307693 0.42788461538461536 0.051682692307692304 0.036057692307692304
0 0.6225961538461539 0.3557692307692308 0.04326923076923077 0.05048076923076923
0 0.9206730769230769 0.9338942307692307 0.039663461538461536 0.052884615384615384
0 0.4110576923076923 0.6911057692307693 0.04807692307692308 0.06370192307692307
0 0.3016826923076923 0.7800480769230769 0.04447115384615385 0.08533653846153846
0 0.45913461538461536 0.7644230769230769 0.0829326923076923 0.0829326923076923
0 0.390625 0.8762019230769231 0.04326923076923077 0.054086538461538464
0 0.3557692307692308 0.9507211538461539 0.04807692307692308 0.07451923076923077
0 0.9807692307692307 0.8629807692307693 0.037259615384615384 0.07932692307692307
0 0.9639423076923077 0.7175480769230769 0.046875 0.057692307692307696
0 0.7103365384615384 0.7427884615384616 0.03245192307692308 0.07211538461538461
0 0.036057692307692304 0.609375 0.04927884615384615 0.07091346153846154
0 0.054086538461538464 0.3401442307692308 0.055288461538461536 0.07572115384615384
0 0.12980769230769232 0.1502403846153846 0.08052884615384616 0.09495192307692307
0 0.5528846153846154 0.1935096153846154 0.04927884615384615 0.09375
0 0.7692307692307693 0.10096153846153846 0.042067307692307696 0.07572115384615384
0 0.828125 0.34375 0.046875 0.0889423076923077
0 0.8485576923076923 0.24639423076923078 0.06129807692307692 0.0889423076923077
0 0.9819711538461539 0.2776442307692308 0.036057692307692304 0.07572115384615384
0 0.9879807692307693 0.47596153846153844 0.02403846153846154 0.0625
0 0.984375 0.08533653846153846 0.028846153846153848 0.07932692307692307
0 0.015625 0.2620192307692308 0.03125 0.055288461538461536
0 0.8341346153846154 0.7584134615384616 0.06370192307692307 0.051682692307692304
0 0.8197115384615384 0.8052884615384616 0.04807692307692308 0.0625