0 0.014423076923076924 0.5420673076923077 0.028846153846153848 0.04567307692307692
0 0.14903846153846154 0.84375 0.07211538461538461 0.08413461538461539
0 0.12740384615384615 0.9891826923076923 0.08173076923076923 0.021634615384615384
0 0.33533653846153844 0.9723557692307693 0.07451923076923077 0.055288461538461536
0 0.23918269230769232 0.5865384615384616 0.07451923076923077 0.09375
0 0.3016826923076923 0.6286057692307693 0.055288461538461536 0.07451923076923077
0 0.3233173076923077 0.49399038461538464 0.055288461538461536 0.0889423076923077
0 0.35336538461538464 0.2512019230769231 0.07451923076923077 0.07692307692307693
0 0.36899038461538464 0.18509615384615385 0.04807692307692308 0.06009615384615385
0 0.42908653846153844 0.11057692307692307 0.07692307692307693 0.08173076923076923
0 0.44350961538461536 0.3485576923076923 0.08173076923076923 0.0889423076923077
0 0.4651442307692308 0.41947115384615385 0.07451923076923077 0.07211538461538461
0 0.6045673076923077 0.33533653846153844 0.052884615384615384 0.08653846153846154
0 0.7752403846153846 0.020432692307692308 0.05048076923076923 0.040865384615384616
0 0.9423076923076923 0.33533653846153844 0.04567307692307692 0.10336538461538461
0 0.9507211538461539 0.8389423076923077 0.0985576923076923 0.1346153846153846
0 0.7584134615384616 0.7680288461538461 0.0673076923076923 0.12259615384615384
0 0.7139423076923077 0.8846153846153846 0.07451923076923077 0.11298076923076923
0 0.5769230769230769 0.8076923076923077 0.0625 0.07692307692307693
0 0.7163461538461539 0.5841346153846154 0.08413461538461539 0.11538461538461539