0 0.9771634615384616 0.09615384615384616 0.04567307692307692 0.03365384615384615
0 0.9675480769230769 0.1814903846153846 0.04326923076923077 0.06009615384615385
0 0.984375 0.19591346153846154 0.03125 0.036057692307692304
0 0.9927884615384616 0.22956730769230768 0.014423076923076924 0.03125
0 0.9915865384615384 0.36778846153846156 0.016826923076923076 0.0625
0 0.9543269230769231 0.39903846153846156 0.036057692307692304 0.04567307692307692
0 0.9134615384615384 0.4266826923076923 0.04567307692307692 0.06009615384615385
0 0.8810096153846154 0.4495192307692308 0.040865384615384616 0.05048076923076923
0 0.8942307692307693 0.5396634615384616 0.04326923076923077 0.052884615384615384
0 0.8233173076923077 0.6454326923076923 0.06009615384615385 0.08653846153846154
0 0.8401442307692307 0.7427884615384616 0.05048076923076923 0.07932692307692307
0 0.8485576923076923 0.7800480769230769 0.04326923076923077 0.05048076923076923
0 0.90625 0.8245192307692307 0.05048076923076923 0.06009615384615385
0 0.9338942307692307 0.7367788461538461 0.036057692307692304 0.04326923076923077
0 0.7223557692307693 0.6622596153846154 0.04326923076923077 0.05048076923076923
0 0.6971153846153846 0.78125 0.052884615384615384 0.055288461538461536
0 0.6862980769230769 0.8257211538461539 0.05048076923076923 0.05048076923076923
0 0.640625 0.6538461538461539 0.040865384615384616 0.0673076923076923
0 0.7151442307692307 0.5492788461538461 0.052884615384615384 0.06971153846153846
0 0.7896634615384616 0.31490384615384615 0.04807692307692308 0.08413461538461539
0 0.890625 0.1971153846153846 0.07211538461538461 0.1201923076923077
0 0.71875 0.11899038461538461 0.04326923076923077 0.055288461538461536
0 0.6550480769230769 0.30649038461538464 0.04567307692307692 0.06971153846153846
0 0.5649038461538461 0.3245192307692308 0.06009615384615385 0.06490384615384616
0 0.6177884615384616 0.17548076923076922 0.04807692307692308 0.07692307692307693
0 0.4735576923076923 0.06009615384615385 0.038461538461538464 0.055288461538461536
0 0.5360576923076923 0.09014423076923077 0.057692307692307696 0.0625
0 0.49399038461538464 0.2932692307692308 0.04326923076923077 0.052884615384615384
0 0.49158653846153844 0.5036057692307693 0.04567307692307692 0.07692307692307693
0 0.53125 0.5420673076923077 0.04807692307692308 0.04567307692307692
0 0.5192307692307693 0.6490384615384616 0.040865384615384616 0.07451923076923077
0 0.5492788461538461 0.6875 0.0625 0.05048076923076923
0 0.53125 0.8257211538461539 0.05048076923076923 0.06971153846153846
0 0.46875 0.6682692307692307 0.04567307692307692 0.07211538461538461
0 0.4495192307692308 0.5709134615384616 0.036057692307692304 0.06490384615384616
0 0.4098557692307692 0.6574519230769231 0.038461538461538464 0.06490384615384616
0 0.359375 0.7788461538461539 0.052884615384615384 0.052884615384615384
0 0.4014423076923077 0.5612980769230769 0.04807692307692308 0.04807692307692308
0 0.42427884615384615 0.49399038461538464 0.04326923076923077 0.06009615384615385
0 0.36899038461538464 0.3137019230769231 0.04326923076923077 0.06971153846153846
0 0.3161057692307692 0.2403846153846154 0.03365384615384615 0.06490384615384616
0 0.2668269230769231 0.23197115384615385 0.04326923076923077 0.07211538461538461
0 0.24639423076923078 0.15264423076923078 0.036057692307692304 0.08173076923076923
0 0.21033653846153846 0.18028846153846154 0.05048076923076923 0.07692307692307693
0 0.1778846153846154 0.09134615384615384 0.04567307692307692 0.0673076923076923
0 0.06490384615384616 0.5540865384615384 0.057692307692307696 0.0673076923076923
0 0.05048076923076923 0.5901442307692307 0.06490384615384616 0.057692307692307696
0 0.18870192307692307 0.5240384615384616 0.06009615384615385 0.08173076923076923
0 0.22235576923076922 0.6286057692307693 0.052884615384615384 0.057692307692307696
0 0.28365384615384615 0.5384615384615384 0.03125 0.08173076923076923
0 0.038461538461538464 0.7512019230769231 0.055288461538461536 0.0673076923076923
0 0.006009615384615385 0.7524038461538461 0.01201923076923077 0.08653846153846154
0 0.11057692307692307 0.1622596153846154 0.04807692307692308 0.07692307692307693