0 0.4362980769230769 0.1875 0.04807692307692308 0.057692307692307696
0 0.375 0.21634615384615385 0.040865384615384616 0.04326923076923077
0 0.4014423076923077 0.2980769230769231 0.02403846153846154 0.04326923076923077
0 0.40024038461538464 0.33533653846153844 0.04326923076923077 0.04807692307692308
0 0.4206730769230769 0.41225961538461536 0.04807692307692308 0.057692307692307696
0 0.49278846153846156 0.42427884615384615 0.04326923076923077 0.055288461538461536
0 0.5444711538461539 0.45913461538461536 0.05048076923076923 0.052884615384615384
0 0.6754807692307693 0.27884615384615385 0.038461538461538464 0.04326923076923077
0 0.7920673076923077 0.2403846153846154 0.04326923076923077 0.03125
0 0.8209134615384616 0.14543269230769232 0.028846153846153848 0.04807692307692308
0 0.9338942307692307 0.14423076923076922 0.04326923076923077 0.052884615384615384
0 0.8497596153846154 0.05048076923076923 0.038461538461538464 0.038461538461538464
0 0.875 0.3137019230769231 0.04807692307692308 0.0625
0 0.9314903846153846 0.2776442307692308 0.04807692307692308 0.028846153846153848
0 0.9290865384615384 0.31971153846153844 0.02403846153846154 0.057692307692307696
0 0.8197115384615384 0.3245192307692308 0.03365384615384615 0.057692307692307696
0 0.7391826923076923 0.45913461538461536 0.04807692307692308 0.06971153846153846
0 0.7884615384615384 0.6526442307692307 0.038461538461538464 0.05048076923076923
0 0.7944711538461539 0.8052884615384616 0.06490384615384616 0.06971153846153846
0 0.78125 0.7175480769230769 0.038461538461538464 0.04567307692307692
0 0.8449519230769231 0.7524038461538461 0.04807692307692308 0.04807692307692308
0 0.8954326923076923 0.7920673076923077 0.019230769230769232 0.07692307692307693
0 0.8762019230769231 0.8137019230769231 0.019230769230769232 0.08173076923076923
0 0.8485576923076923 0.6490384615384616 0.038461538461538464 0.07692307692307693
0 0.8713942307692307 0.5600961538461539 0.03365384615384615 0.09134615384615384
0 0.9375 0.5817307692307693 0.038461538461538464 0.052884615384615384
0 0.9230769230769231 0.640625 0.05048076923076923 0.052884615384615384
0 0.40024038461538464 0.7788461538461539 0.04807692307692308 0.06490384615384616
0 0.3401442307692308 0.6814903846153846 0.028846153846153848 0.0673076923076923
0 0.22355769230769232 0.8365384615384616 0.057692307692307696 0.07211538461538461
0 0.15985576923076922 0.9098557692307693 0.052884615384615384 0.0673076923076923
0 0.12139423076923077 0.84375 0.057692307692307696 0.04326923076923077
0 0.057692307692307696 0.9435096153846154 0.028846153846153848 0.10096153846153846
0 0.009615384615384616 0.8509615384615384 0.019230769230769232 0.06490384615384616
0 0.5336538461538461 0.9170673076923077 0.057692307692307696 0.052884615384615384
0 0.6442307692307693 0.8509615384615384 0.0673076923076923 0.0625
0 0.32091346153846156 0.039663461538461536 0.05048076923076923 0.0625
0 0.8509615384615384 0.1814903846153846 0.038461538461538464 0.055288461538461536
0 0.8028846153846154 0.008413461538461538 0.040865384615384616 0.016826923076923076
0 0.5901442307692307 0.18629807692307693 0.05048076923076923 0.09134615384615384