0 0.36538461538461536 0.6033653846153846 0.04567307692307692 0.038461538461538464
0 0.13341346153846154 0.38221153846153844 0.055288461538461536 0.038461538461538464
0 0.45552884615384615 0.5384615384615384 0.028846153846153848 0.06009615384615385
0 0.06129807692307692 0.5504807692307693 0.06009615384615385 0.0625
0 0.08533653846153846 0.703125 0.055288461538461536 0.06490384615384616
0 0.5949519230769231 0.47596153846153844 0.03365384615384615 0.07692307692307693
0 0.765625 0.1141826923076923 0.04326923076923077 0.06490384615384616
0 0.90625 0.16826923076923078 0.03365384615384615 0.057692307692307696
0 0.9639423076923077 0.21153846153846154 0.04807692307692308 0.0625
0 0.5829326923076923 0.9627403846153846 0.055288461538461536 0.07211538461538461
0 0.296875 0.44350961538461536 0.04567307692307692 0.0625
0 0.3629807692307692 0.5096153846153846 0.04807692307692308 0.04807692307692308
0 0.4579326923076923 0.4423076923076923 0.038461538461538464 0.07451923076923077
0 0.1466346153846154 0.5600961538461539 0.028846153846153848 0.0673076923076923
0 0.020432692307692308 0.6165865384615384 0.036057692307692304 0.11057692307692307
0 0.4098557692307692 0.9110576923076923 0.052884615384615384 0.0889423076923077
0 0.3401442307692308 0.9819711538461539 0.055288461538461536 0.036057692307692304
0 0.53125 0.6117788461538461 0.05048076923076923 0.09375
0 0.453125 0.6370192307692307 0.04567307692307692 0.06490384615384616
0 0.8389423076923077 0.9711538461538461 0.05048076923076923 0.04567307692307692
0 0.9879807692307693 0.421875 0.021634615384615384 0.11298076923076923
0 0.9615384615384616 0.3173076923076923 0.038461538461538464 0.06490384615384616
0 0.9158653846153846 0.28966346153846156 0.03125 0.06490384615384616
0 0.8485576923076923 0.06129807692307692 0.040865384615384616 0.07692307692307693
0 0.8858173076923077 0.06370192307692307 0.038461538461538464 0.06009615384615385
0 0.6418269230769231 0.03365384615384615 0.040865384615384616 0.04567307692307692
0 0.5036057692307693 0.46153846153846156 0.052884615384615384 0.07211538461538461