0 0.4567307692307692 0.6454326923076923 0.057692307692307696 0.026442307692307692
0 0.46153846153846156 0.6899038461538461 0.052884615384615384 0.019230769230769232
0 0.5913461538461539 0.5721153846153846 0.04326923076923077 0.03365384615384615
0 0.6129807692307693 0.6177884615384616 0.04326923076923077 0.028846153846153848
0 0.2548076923076923 0.35096153846153844 0.04807692307692308 0.03125
0 0.20793269230769232 0.31850961538461536 0.05048076923076923 0.026442307692307692
0 0.140625 0.36899038461538464 0.04567307692307692 0.028846153846153848
0 0.17908653846153846 0.296875 0.055288461538461536 0.016826923076923076
0 0.24278846153846154 0.2704326923076923 0.040865384615384616 0.026442307692307692
0 0.10576923076923077 0.17548076923076922 0.0625 0.02403846153846154
0 0.19591346153846154 0.15625 0.04807692307692308 0.028846153846153848
0 0.203125 0.051682692307692304 0.040865384615384616 0.05048076923076923
0 0.0625 0.07091346153846154 0.0625 0.028846153846153848
0 0.5516826923076923 0.5120192307692307 0.04326923076923077 0.03365384615384615
0 0.14302884615384615 0.6802884615384616 0.040865384615384616 0.036057692307692304
0 0.3581730769230769 0.27524038461538464 0.055288461538461536 0.040865384615384616
0 0.25600961538461536 0.2403846153846154 0.038461538461538464 0.04807692307692308
0 0.34615384615384615 0.06370192307692307 0.040865384615384616 0.04807692307692308
0 0.4963942307692308 0.06370192307692307 0.05048076923076923 0.05048076923076923
0 0.4362980769230769 0.0985576923076923 0.03365384615384615 0.052884615384615384
0 0.0829326923076923 0.7860576923076923 0.06490384615384616 0.07211538461538461
0 0.7067307692307693 0.7415865384615384 0.07211538461538461 0.07932692307692307
0 0.765625 0.2848557692307692 0.055288461538461536 0.05048076923076923
0 0.8810096153846154 0.2091346153846154 0.04326923076923077 0.07692307692307693
0 0.5300480769230769 0.37740384615384615 0.07211538461538461 0.07211538461538461