0 0.20432692307692307 0.21754807692307693 0.08173076923076923 0.07692307692307693
0 0.15865384615384615 0.10096153846153846 0.08413461538461539 0.07451923076923077
0 0.31971153846153844 0.04927884615384615 0.06971153846153846 0.052884615384615384
0 0.21033653846153846 0.45552884615384615 0.10096153846153846 0.10576923076923077
0 0.2512019230769231 0.7716346153846154 0.05048076923076923 0.07451923076923077
0 0.2920673076923077 0.796875 0.04807692307692308 0.06971153846153846
0 0.2824519230769231 0.875 0.057692307692307696 0.06490384615384616
0 0.31971153846153844 0.9134615384615384 0.07211538461538461 0.0889423076923077
0 0.21033653846153846 0.9639423076923077 0.10336538461538461 0.07211538461538461
0 0.453125 0.9603365384615384 0.07932692307692307 0.07932692307692307
0 0.47716346153846156 0.6177884615384616 0.11057692307692307 0.12740384615384615
0 0.6610576923076923 0.4639423076923077 0.0889423076923077 0.06490384615384616
0 0.7367788461538461 0.5 0.08653846153846154 0.06490384615384616
0 0.7716346153846154 0.5228365384615384 0.10576923076923077 0.08173076923076923
0 0.84375 0.4110576923076923 0.08413461538461539 0.07932692307692307
0 0.6670673076923077 0.5769230769230769 0.10096153846153846 0.09375
0 0.71875 0.7884615384615384 0.0985576923076923 0.0985576923076923
0 0.8665865384615384 0.7307692307692307 0.08173076923076923 0.07932692307692307
0 0.9771634615384616 0.7728365384615384 0.04567307692307692 0.14182692307692307