0 0.4543269230769231 0.29927884615384615 0.03125 0.04567307692307692
0 0.4795673076923077 0.2932692307692308 0.014423076923076924 0.038461538461538464
0 0.5228365384615384 0.23798076923076922 0.021634615384615384 0.02403846153846154
0 0.5637019230769231 0.24879807692307693 0.03125 0.04567307692307692
0 0.5793269230769231 0.15625 0.019230769230769232 0.028846153846153848
0 0.49759615384615385 0.1310096153846154 0.055288461538461536 0.036057692307692304
0 0.39302884615384615 0.04927884615384615 0.04807692307692308 0.038461538461538464
0 0.36538461538461536 0.1622596153846154 0.03365384615384615 0.04567307692307692
0 0.2608173076923077 0.08653846153846154 0.04807692307692308 0.052884615384615384
0 0.2824519230769231 0.002403846153846154 0.040865384615384616 0.004807692307692308
0 0.32211538461538464 0.016826923076923076 0.028846153846153848 0.03365384615384615
0 0.3701923076923077 0.01201923076923077 0.057692307692307696 0.02403846153846154
0 0.4495192307692308 0.008413461538461538 0.038461538461538464 0.016826923076923076
0 0.5661057692307693 0.008413461538461538 0.038461538461538464 0.014423076923076924
0 0.5985576923076923 0.010817307692307692 0.016826923076923076 0.01201923076923077
0 0.6201923076923077 0.06971153846153846 0.03125 0.038461538461538464
0 0.6057692307692307 0.0985576923076923 0.028846153846153848 0.03365384615384615
0 0.6490384615384616 0.15865384615384615 0.028846153846153848 0.038461538461538464
0 0.6790865384615384 0.18028846153846154 0.02403846153846154 0.028846153846153848
0 0.6478365384615384 0.18870192307692307 0.03125 0.021634615384615384
0 0.6622596153846154 0.027644230769230768 0.03125 0.040865384615384616
0 0.7548076923076923 0.02283653846153846 0.04567307692307692 0.021634615384615384
0 0.8161057692307693 0.02403846153846154 0.01201923076923077 0.016826923076923076
0 0.7932692307692307 0.052884615384615384 0.019230769230769232 0.02403846153846154
0 0.78125 0.10216346153846154 0.026442307692307692 0.03365384615384615
0 0.7367788461538461 0.1045673076923077 0.036057692307692304 0.028846153846153848
0 0.6947115384615384 0.0673076923076923 0.036057692307692304 0.02403846153846154
0 0.9375 0.20432692307692307 0.038461538461538464 0.05048076923076923
0 0.8425480769230769 0.234375 0.028846153846153848 0.038461538461538464
0 0.8004807692307693 0.20552884615384615 0.016826923076923076 0.028846153846153848
0 0.7211538461538461 0.19591346153846154 0.03365384615384615 0.04807692307692308
0 0.7079326923076923 0.2283653846153846 0.04326923076923077 0.040865384615384616
0 0.7043269230769231 0.27283653846153844 0.026442307692307692 0.036057692307692304
0 0.6370192307692307 0.34134615384615385 0.026442307692307692 0.038461538461538464
0 0.5492788461538461 0.37259615384615385 0.04326923076923077 0.03365384615384615
0 0.34134615384615385 0.2776442307692308 0.04567307692307692 0.04807692307692308
0 0.25841346153846156 0.18269230769230768 0.057692307692307696 0.057692307692307696
0 0.22956730769230768 0.4098557692307692 0.06490384615384616 0.06971153846153846
0 0.19471153846153846 0.4519230769230769 0.04567307692307692 0.03365384615384615
0 0.25961538461538464 0.5168269230769231 0.026442307692307692 0.040865384615384616
0 0.40625 0.5144230769230769 0.03365384615384615 0.038461538461538464
0 0.4495192307692308 0.5144230769230769 0.028846153846153848 0.04567307692307692
0 0.49038461538461536 0.5396634615384616 0.019230769230769232 0.026442307692307692
0 0.5336538461538461 0.5564903846153846 0.02403846153846154 0.038461538461538464
0 0.5276442307692307 0.6213942307692307 0.040865384615384616 0.04807692307692308
0 0.5985576923076923 0.6430288461538461 0.05048076923076923 0.04567307692307692
0 0.6105769230769231 0.5769230769230769 0.03125 0.04807692307692308
0 0.6201923076923077 0.49038461538461536 0.04326923076923077 0.06009615384615385
0 0.6550480769230769 0.4735576923076923 0.03365384615384615 0.052884615384615384
0 0.6646634615384616 0.40625 0.05048076923076923 0.06009615384615385
0 0.7223557692307693 0.36658653846153844 0.04326923076923077 0.05048076923076923
0 0.7764423076923077 0.42908653846153844 0.038461538461538464 0.038461538461538464
0 0.7572115384615384 0.4579326923076923 0.04326923076923077 0.03365384615384615
0 0.7127403846153846 0.5516826923076923 0.028846153846153848 0.06009615384615385
0 0.65625 0.578125 0.04567307692307692 0.0625
0 0.6598557692307693 0.6225961538461539 0.04326923076923077 0.04807692307692308
0 0.7391826923076923 0.6105769230769231 0.040865384615384616 0.036057692307692304
0 0.8245192307692307 0.7055288461538461 0.06009615384615385 0.0625
0 0.8064903846153846 0.7415865384615384 0.04567307692307692 0.04326923076923077
0 0.8834134615384616 0.5721153846153846 0.038461538461538464 0.04807692307692308
0 0.8798076923076923 0.3293269230769231 0.026442307692307692 0.06971153846153846
0 0.8954326923076923 0.2848557692307692 0.03125 0.026442307692307692
0 0.9447115384615384 0.3173076923076923 0.026442307692307692 0.04326923076923077
0 0.7752403846153846 0.3173076923076923 0.040865384615384616 0.040865384615384616
0 0.7512019230769231 0.22235576923076922 0.021634615384615384 0.03365384615384615
0 0.35697115384615385 0.3557692307692308 0.038461538461538464 0.04326923076923077
0 0.3425480769230769 0.42427884615384615 0.038461538461538464 0.040865384615384616
0 0.43149038461538464 0.1658653846153846 0.028846153846153848 0.04326923076923077
0 0.2091346153846154 0.6225961538461539 0.052884615384615384 0.052884615384615384
0 0.27403846153846156 0.5865384615384616 0.04567307692307692 0.04326923076923077
0 0.21995192307692307 0.8185096153846154 0.04326923076923077 0.040865384615384616
0 0.359375 0.5757211538461539 0.03125 0.038461538461538464
0 0.38221153846153844 0.5997596153846154 0.026442307692307692 0.036057692307692304
0 0.4026442307692308 0.6213942307692307 0.03365384615384615 0.04326923076923077
0 0.44591346153846156 0.9002403846153846 0.040865384615384616 0.052884615384615384
0 0.3870192307692308 0.8425480769230769 0.040865384615384616 0.03125
0 0.2668269230769231 0.9194711538461539 0.036057692307692304 0.04567307692307692
0 0.9050480769230769 0.7079326923076923 0.040865384615384616 0.07451923076923077
0 0.9002403846153846 0.8269230769230769 0.038461538461538464 0.040865384615384616
0 0.8329326923076923 0.8870192307692307 0.02403846153846154 0.019230769230769232
0 0.7764423076923077 0.9230769230769231 0.04807692307692308 0.019230769230769232
0 0.8112980769230769 0.9711538461538461 0.02403846153846154 0.028846153846153848
0 0.7403846153846154 0.9362980769230769 0.04567307692307692 0.055288461538461536
0 0.8088942307692307 0.1622596153846154 0.03125 0.052884615384615384
0 0.23798076923076922 0.6670673076923077 0.019230769230769232 0.03365384615384615
0 0.19471153846153846 0.8701923076923077 0.05048076923076923 0.03125
0 0.5108173076923077 0.39302884615384615 0.03125 0.028846153846153848
0 0.5084134615384616 0.3473557692307692 0.028846153846153848 0.038461538461538464
0 0.5540865384615384 0.3112980769230769 0.03125 0.040865384615384616
0 0.453125 0.0985576923076923 0.036057692307692304 0.052884615384615384
0 0.45072115384615385 0.055288461538461536 0.038461538461538464 0.036057692307692304
0 0.4254807692307692 0.03365384615384615 0.026442307692307692 0.02403846153846154
0 0.6610576923076923 0.27163461538461536 0.028846153846153848 0.04326923076923077
0 0.640625 0.24519230769230768 0.03125 0.028846153846153848
0 0.6177884615384616 0.3581730769230769 0.021634615384615384 0.040865384615384616
0 0.6057692307692307 0.3762019230769231 0.016826923076923076 0.07692307692307693
0 0.5649038461538461 0.41586538461538464 0.03125 0.055288461538461536
0 0.5408653846153846 0.41346153846153844 0.028846153846153848 0.04807692307692308
0 0.4050480769230769 0.390625 0.019230769230769232 0.052884615384615384