0 0.42427884615384615 0.42908653846153844 0.03125 0.05889423076923077
0 0.38221153846153844 0.3762019230769231 0.04447115384615385 0.05048076923076923
0 0.29086538461538464 0.42788461538461536 0.03245192307692308 0.036057692307692304
0 0.30288461538461536 0.4675480769230769 0.028846153846153848 0.021634615384615384
0 0.20192307692307693 0.12259615384615384 0.052884615384615384 0.04326923076923077
0 0.40384615384615385 0.14182692307692307 0.030048076923076924 0.036057692307692304
0 0.3581730769230769 0.19471153846153846 0.039663461538461536 0.04927884615384615
0 0.4495192307692308 0.23798076923076922 0.03485576923076923 0.057692307692307696
0 0.5733173076923077 0.33052884615384615 0.055288461538461536 0.04927884615384615
0 0.5949519230769231 0.27163461538461536 0.03125 0.04807692307692308
0 0.5576923076923077 0.15144230769230768 0.039663461538461536 0.0733173076923077
0 0.5288461538461539 0.1141826923076923 0.051682692307692304 0.03125
0 0.7259615384615384 0.18028846153846154 0.038461538461538464 0.03365384615384615
0 0.84375 0.2824519230769231 0.06009615384615385 0.038461538461538464
0 0.8545673076923077 0.3245192307692308 0.04927884615384615 0.030048076923076924
0 0.953125 0.3329326923076923 0.06490384615384616 0.06971153846153846
0 0.9182692307692307 0.38100961538461536 0.037259615384615384 0.07451923076923077
0 0.9471153846153846 0.20793269230769232 0.055288461538461536 0.042067307692307696
0 0.9206730769230769 0.1622596153846154 0.04807692307692308 0.039663461538461536
0 0.8858173076923077 0.20072115384615385 0.04326923076923077 0.037259615384615384
0 0.7716346153846154 0.4014423076923077 0.055288461538461536 0.0673076923076923
0 0.7740384615384616 0.5228365384615384 0.05048076923076923 0.078125
0 0.5048076923076923 0.578125 0.04447115384615385 0.05889423076923077
0 0.4579326923076923 0.6430288461538461 0.04807692307692308 0.04927884615384615
0 0.12620192307692307 0.32572115384615385 0.042067307692307696 0.04326923076923077
0 0.13221153846153846 0.4026442307692308 0.02403846153846154 0.042067307692307696
0 0.22235576923076922 0.2512019230769231 0.028846153846153848 0.052884615384615384
0 0.6598557692307693 0.5949519230769231 0.046875 0.04447115384615385
0 0.7139423076923077 0.6021634615384616 0.038461538461538464 0.027644230769230768
0 0.6490384615384616 0.7379807692307693 0.04807692307692308 0.05048076923076923
0 0.5901442307692307 0.6814903846153846 0.046875 0.042067307692307696
0 0.5264423076923077 0.765625 0.056490384615384616 0.036057692307692304
0 0.6165865384615384 0.8064903846153846 0.04567307692307692 0.057692307692307696
0 0.7367788461538461 0.8004807692307693 0.06129807692307692 0.06971153846153846
0 0.8930288461538461 0.5516826923076923 0.04807692307692308 0.03365384615384615
0 0.9326923076923077 0.6887019230769231 0.052884615384615384 0.07091346153846154
0 0.8641826923076923 0.6899038461538461 0.054086538461538464 0.07572115384615384
0 0.4579326923076923 0.5024038461538461 0.028846153846153848 0.040865384615384616
0 0.43509615384615385 0.037259615384615384 0.051682692307692304 0.04447115384615385
0 0.23798076923076922 0.08653846153846154 0.04807692307692308 0.028846153846153848
0 0.051682692307692304 0.5540865384615384 0.028846153846153848 0.027644230769230768
0 0.19230769230769232 0.7716346153846154 0.028846153846153848 0.037259615384615384
0 0.22355769230769232 0.8822115384615384 0.051682692307692304 0.046875
0 0.3125 0.5108173076923077 0.028846153846153848 0.05048076923076923
0 0.6322115384615384 0.3485576923076923 0.03485576923076923 0.04447115384615385
0 0.625 0.4170673076923077 0.039663461538461536 0.046875
0 0.5973557692307693 0.40024038461538464 0.03485576923076923 0.036057692307692304
0 0.5961538461538461 0.18028846153846154 0.027644230769230768 0.040865384615384616
0 0.8197115384615384 0.055288461538461536 0.02403846153846154 0.05048076923076923
0 0.8810096153846154 0.016826923076923076 0.06009615384615385 0.02283653846153846
0 0.8040865384615384 0.08533653846153846 0.02403846153846154 0.057692307692307696
0 0.22355769230769232 0.31009615384615385 0.030048076923076924 0.02403846153846154
0 0.19951923076923078 0.33533653846153844 0.036057692307692304 0.036057692307692304
0 0.7091346153846154 0.40865384615384615 0.036057692307692304 0.06129807692307692
0 0.7367788461538461 0.3918269230769231 0.019230769230769232 0.0625