0 0.8533653846153846 0.45913461538461536 0.09615384615384616 0.11057692307692307
0 0.5709134615384616 0.5108173076923077 0.0985576923076923 0.09615384615384616
0 0.5072115384615384 0.5697115384615384 0.07211538461538461 0.07211538461538461
0 0.3581730769230769 0.9230769230769231 0.08413461538461539 0.09375
0 0.4567307692307692 0.9074519230769231 0.08413461538461539 0.10336538461538461
0 0.7043269230769231 0.9603365384615384 0.09134615384615384 0.07932692307692307
0 0.8990384615384616 0.7884615384615384 0.08653846153846154 0.13701923076923078
0 0.10817307692307693 0.6526442307692307 0.08653846153846154 0.07451923076923077
0 0.43990384615384615 0.06610576923076923 0.07932692307692307 0.0985576923076923
0 0.6274038461538461 0.3137019230769231 0.07451923076923077 0.10096153846153846
0 0.78125 0.27884615384615385 0.09615384615384616 0.10336538461538461
0 0.5865384615384616 0.03245192307692308 0.08653846153846154 0.06490384615384616
0 0.1045673076923077 0.5108173076923077 0.08653846153846154 0.10576923076923077
0 0.6935096153846154 0.6021634615384616 0.07692307692307693 0.0985576923076923
0 0.8317307692307693 0.5625 0.08653846153846154 0.08653846153846154
0 0.5012019230769231 0.8353365384615384 0.10336538461538461 0.11298076923076923
0 0.41586538461538464 0.8834134615384616 0.08173076923076923 0.11778846153846154
0 0.22596153846153846 0.8209134615384616 0.08653846153846154 0.1201923076923077
0 0.23798076923076922 0.7127403846153846 0.10096153846153846 0.09134615384615384