0 0.25600961538461536 0.5444711538461539 0.052884615384615384 0.057692307692307696
0 0.19831730769230768 0.4675480769230769 0.06009615384615385 0.057692307692307696
0 0.17668269230769232 0.34134615384615385 0.0625 0.07451923076923077
0 0.28365384615384615 0.27163461538461536 0.057692307692307696 0.0673076923076923
0 0.1466346153846154 0.21875 0.07211538461538461 0.08413461538461539
0 0.4206730769230769 0.5 0.055288461538461536 0.055288461538461536
0 0.34375 0.6274038461538461 0.06009615384615385 0.07211538461538461
0 0.2536057692307692 0.8942307692307693 0.06971153846153846 0.07451923076923077
0 0.2247596153846154 0.9879807692307693 0.06490384615384616 0.02403846153846154
0 0.07091346153846154 0.640625 0.05048076923076923 0.057692307692307696
0 0.43990384615384615 0.6610576923076923 0.057692307692307696 0.06971153846153846
0 0.5024038461538461 0.6418269230769231 0.0673076923076923 0.07692307692307693
0 0.4387019230769231 0.4230769230769231 0.06009615384615385 0.07692307692307693
0 0.4675480769230769 0.49399038461538464 0.055288461538461536 0.06971153846153846
0 0.49759615384615385 0.3125 0.06009615384615385 0.06009615384615385
0 0.5348557692307693 0.21754807692307693 0.052884615384615384 0.06490384615384616
0 0.6670673076923077 0.11538461538461539 0.06009615384615385 0.06971153846153846
0 0.6838942307692307 0.055288461538461536 0.055288461538461536 0.057692307692307696
0 0.7415865384615384 0.2644230769230769 0.06490384615384616 0.07451923076923077
0 0.84375 0.28966346153846156 0.0673076923076923 0.08173076923076923
0 0.9423076923076923 0.4074519230769231 0.08653846153846154 0.10817307692307693
0 0.4495192307692308 0.22235576923076922 0.07451923076923077 0.08653846153846154
0 0.33653846153846156 0.2247596153846154 0.06009615384615385 0.06971153846153846
0 0.7632211538461539 0.5528846153846154 0.04807692307692308 0.0625
0 0.7884615384615384 0.6550480769230769 0.052884615384615384 0.0625
0 0.7259615384615384 0.6225961538461539 0.04807692307692308 0.052884615384615384
0 0.7283653846153846 0.6971153846153846 0.0625 0.06971153846153846
0 0.453125 0.8737980769230769 0.07451923076923077 0.08173076923076923
0 0.03485576923076923 0.6538461538461539 0.04807692307692308 0.052884615384615384
0 0.30528846153846156 0.7608173076923077 0.08173076923076923 0.08413461538461539
0 0.15865384615384615 0.7247596153846154 0.09134615384615384 0.07932692307692307
0 0.027644230769230768 0.5600961538461539 0.055288461538461536 0.0673076923076923
0 0.03485576923076923 0.6057692307692307 0.06009615384615385 0.0673076923076923
0 0.16947115384615385 0.5096153846153846 0.052884615384615384 0.052884615384615384
0 0.10576923076923077 0.4807692307692308 0.06009615384615385 0.06971153846153846
0 0.4423076923076923 0.7584134615384616 0.07932692307692307 0.09375
0 0.5709134615384616 0.49038461538461536 0.07451923076923077 0.08653846153846154
0 0.5012019230769231 0.41346153846153844 0.07932692307692307 0.09134615384615384
0 0.5264423076923077 0.38221153846153844 0.057692307692307696 0.08173076923076923
0 0.40625 0.016826923076923076 0.04807692307692308 0.03365384615384615
0 0.3605769230769231 0.171875 0.057692307692307696 0.0673076923076923
0 0.2704326923076923 0.1502403846153846 0.057692307692307696 0.07211538461538461
0 0.22355769230769232 0.2668269230769231 0.06009615384615385 0.06490384615384616
0 0.8076923076923077 0.7944711538461539 0.06971153846153846 0.07692307692307693
0 0.8569711538461539 0.6838942307692307 0.07932692307692307 0.07932692307692307
0 0.8269230769230769 0.7055288461538461 0.04567307692307692 0.06009615384615385
0 0.9362980769230769 0.5384615384615384 0.11538461538461539 0.12980769230769232
0 0.8149038461538461 0.21754807692307693 0.07932692307692307 0.08653846153846154
0 0.8233173076923077 0.16105769230769232 0.0889423076923077 0.11538461538461539
0 0.7524038461538461 0.12259615384615384 0.052884615384615384 0.06009615384615385
0 0.25600961538461536 0.8064903846153846 0.08173076923076923 0.10096153846153846
0 0.3401442307692308 0.29447115384615385 0.052884615384615384 0.0673076923076923
0 0.10216346153846154 0.1622596153846154 0.06490384615384616 0.057692307692307696
0 0.8401442307692307 0.5540865384615384 0.04326923076923077 0.06009615384615385
0 0.8725961538461539 0.5372596153846154 0.06490384615384616 0.07451923076923077
0 0.8197115384615384 0.5757211538461539 0.06009615384615385 0.07211538461538461