0 0.34375 0.23557692307692307 0.07451923076923077 0.07211538461538461
0 0.4206730769230769 0.36778846153846156 0.04567307692307692 0.04326923076923077
0 0.5048076923076923 0.3016826923076923 0.0625 0.052884615384615384
0 0.6009615384615384 0.4483173076923077 0.07211538461538461 0.07692307692307693
0 0.4098557692307692 0.5745192307692307 0.06971153846153846 0.05048076923076923
0 0.1935096153846154 0.6526442307692307 0.052884615384615384 0.057692307692307696
0 0.11057692307692307 0.5997596153846154 0.057692307692307696 0.05048076923076923
0 0.08173076923076923 0.6694711538461539 0.057692307692307696 0.040865384615384616
0 0.13942307692307693 0.7992788461538461 0.0625 0.04807692307692308
0 0.8401442307692307 0.8449519230769231 0.0625 0.06971153846153846
0 0.8293269230769231 0.6706730769230769 0.052884615384615384 0.038461538461538464
0 0.5612980769230769 0.6935096153846154 0.04567307692307692 0.06009615384615385
0 0.30408653846153844 0.04807692307692308 0.055288461538461536 0.09615384615384616
0 0.3401442307692308 0.5600961538461539 0.04567307692307692 0.0673076923076923
0 0.2644230769230769 0.7235576923076923 0.08173076923076923 0.06490384615384616
0 0.12259615384615384 0.24158653846153846 0.20192307692307693 0.19230769230769232
0 0.5024038461538461 0.2127403846153846 0.13221153846153846 0.11778846153846154
0 0.21394230769230768 0.5384615384615384 0.04567307692307692 0.07692307692307693
0 0.8461538461538461 0.9867788461538461 0.0673076923076923 0.026442307692307692
0 0.28966346153846156 0.5985576923076923 0.05048076923076923 0.09134615384615384