0 0.4338942307692308 0.31971153846153844 0.0625 0.06490384615384616
0 0.46875 0.22355769230769232 0.04567307692307692 0.05048076923076923
0 0.49158653846153844 0.15865384615384615 0.05048076923076923 0.055288461538461536
0 0.5132211538461539 0.1466346153846154 0.04326923076923077 0.052884615384615384
0 0.49278846153846156 0.078125 0.057692307692307696 0.0673076923076923
0 0.6141826923076923 0.21754807692307693 0.04807692307692308 0.055288461538461536
0 0.6526442307692307 0.46274038461538464 0.05048076923076923 0.06490384615384616
0 0.6899038461538461 0.5805288461538461 0.057692307692307696 0.06971153846153846
0 0.7103365384615384 0.7764423076923077 0.04326923076923077 0.052884615384615384
0 0.8653846153846154 0.7680288461538461 0.052884615384615384 0.052884615384615384
0 0.671875 0.8149038461538461 0.036057692307692304 0.040865384615384616
0 0.6778846153846154 0.8365384615384616 0.026442307692307692 0.038461538461538464
0 0.671875 0.8557692307692307 0.036057692307692304 0.038461538461538464
0 0.6237980769230769 0.7512019230769231 0.057692307692307696 0.06490384615384616
0 0.5456730769230769 0.5997596153846154 0.038461538461538464 0.04807692307692308
0 0.5408653846153846 0.4951923076923077 0.038461538461538464 0.038461538461538464
0 0.46033653846153844 0.453125 0.04567307692307692 0.04807692307692308
0 0.484375 0.5516826923076923 0.040865384615384616 0.040865384615384616
0 0.4362980769230769 0.4026442307692308 0.036057692307692304 0.038461538461538464
0 0.31490384615384615 0.13701923076923078 0.03365384615384615 0.038461538461538464
0 0.2764423076923077 0.21033653846153846 0.040865384615384616 0.04807692307692308
0 0.6153846153846154 0.9170673076923077 0.036057692307692304 0.038461538461538464
0 0.5805288461538461 0.8858173076923077 0.04567307692307692 0.05048076923076923
0 0.5492788461538461 0.8665865384615384 0.04567307692307692 0.055288461538461536
0 0.5120192307692307 0.8545673076923077 0.040865384615384616 0.052884615384615384
0 0.4951923076923077 0.9050480769230769 0.0625 0.06490384615384616
0 0.5192307692307693 0.7331730769230769 0.036057692307692304 0.036057692307692304
0 0.45552884615384615 0.6286057692307693 0.04326923076923077 0.04326923076923077
0 0.36899038461538464 0.5096153846153846 0.03365384615384615 0.03365384615384615
0 0.2956730769230769 0.43028846153846156 0.040865384615384616 0.04326923076923077
0 0.2932692307692308 0.3701923076923077 0.04567307692307692 0.052884615384615384
0 0.2704326923076923 0.32572115384615385 0.03365384615384615 0.04326923076923077
0 0.2920673076923077 0.2920673076923077 0.040865384615384616 0.040865384615384616
0 0.2644230769230769 0.25961538461538464 0.04807692307692308 0.05048076923076923
0 0.2608173076923077 0.5408653846153846 0.04567307692307692 0.055288461538461536
0 0.28725961538461536 0.5925480769230769 0.040865384615384616 0.04567307692307692
0 0.2980769230769231 0.6490384615384616 0.040865384615384616 0.052884615384615384
0 0.2439903846153846 0.5985576923076923 0.04326923076923077 0.057692307692307696
0 0.22355769230769232 0.5528846153846154 0.05048076923076923 0.06490384615384616
0 0.18389423076923078 0.4675480769230769 0.052884615384615384 0.0625
0 0.1310096153846154 0.3954326923076923 0.052884615384615384 0.055288461538461536
0 0.06129807692307692 0.33774038461538464 0.04807692307692308 0.06009615384615385
0 0.19230769230769232 0.5925480769230769 0.05048076923076923 0.05048076923076923
0 0.21754807692307693 0.6394230769230769 0.04567307692307692 0.04326923076923077
0 0.2536057692307692 0.6622596153846154 0.040865384615384616 0.04326923076923077
0 0.2548076923076923 0.7091346153846154 0.04807692307692308 0.055288461538461536
0 0.3137019230769231 0.7716346153846154 0.040865384615384616 0.04807692307692308
0 0.35096153846153844 0.8293269230769231 0.038461538461538464 0.04326923076923077
0 0.39302884615384615 0.7692307692307693 0.04807692307692308 0.057692307692307696
0 0.41466346153846156 0.8894230769230769 0.04567307692307692 0.052884615384615384
0 0.3858173076923077 0.9735576923076923 0.04567307692307692 0.052884615384615384
0 0.3918269230769231 0.9447115384615384 0.040865384615384616 0.04567307692307692
0 0.30649038461538464 0.859375 0.05048076923076923 0.0625
0 0.28846153846153844 0.8737980769230769 0.040865384615384616 0.057692307692307696
0 0.20432692307692307 0.7584134615384616 0.04807692307692308 0.06009615384615385
0 0.3954326923076923 0.5709134615384616 0.055288461538461536 0.06490384615384616
0 0.22115384615384615 0.19591346153846154 0.05048076923076923 0.06009615384615385
0 0.3870192307692308 0.8149038461538461 0.06971153846153846 0.07211538461538461
0 0.5841346153846154 0.09975961538461539 0.09134615384615384 0.09134615384615384