0 0.5949519230769231 0.4951923076923077 0.07451923076923077 0.05889423076923077
0 0.6394230769230769 0.14903846153846154 0.0829326923076923 0.04567307692307692
0 0.7548076923076923 0.12259615384615384 0.09375 0.1045673076923077
0 0.9158653846153846 0.25600961538461536 0.09014423076923077 0.09375
0 0.8401442307692307 0.28125 0.05048076923076923 0.055288461538461536
0 0.7932692307692307 0.2548076923076923 0.042067307692307696 0.07451923076923077
0 0.8137019230769231 0.5504807692307693 0.0733173076923077 0.06610576923076923
0 0.7752403846153846 0.6262019230769231 0.07211538461538461 0.038461538461538464
0 0.6730769230769231 0.7079326923076923 0.06850961538461539 0.03365384615384615
0 0.4831730769230769 0.75 0.07091346153846154 0.0985576923076923
0 0.9639423076923077 0.8185096153846154 0.037259615384615384 0.07692307692307693
0 0.8846153846153846 0.8737980769230769 0.039663461538461536 0.04927884615384615
0 0.6069711538461539 0.8028846153846154 0.12379807692307693 0.08173076923076923
0 0.3641826923076923 0.8882211538461539 0.0829326923076923 0.06971153846153846
0 0.11057692307692307 0.11298076923076923 0.06850961538461539 0.05048076923076923
0 0.1466346153846154 0.38822115384615385 0.056490384615384616 0.07451923076923077
0 0.7043269230769231 0.43028846153846156 0.05889423076923077 0.10336538461538461
0 0.6490384615384616 0.46274038461538464 0.04447115384615385 0.07692307692307693
0 0.5985576923076923 0.1814903846153846 0.036057692307692304 0.0829326923076923
0 0.49038461538461536 0.9519230769230769 0.051682692307692304 0.07932692307692307
0 0.8665865384615384 0.9230769230769231 0.06490384615384616 0.07211538461538461
0 0.9519230769230769 0.921875 0.051682692307692304 0.08774038461538461