0 0.6742788461538461 0.1778846153846154 0.07451923076923077 0.09134615384615384
0 0.7367788461538461 0.2644230769230769 0.08653846153846154 0.10336538461538461
0 0.4098557692307692 0.28966346153846156 0.08413461538461539 0.0985576923076923
0 0.15504807692307693 0.31009615384615385 0.052884615384615384 0.06009615384615385
0 0.028846153846153848 0.8064903846153846 0.057692307692307696 0.07932692307692307
0 0.8533653846153846 0.7295673076923077 0.06971153846153846 0.08413461538461539
0 0.9567307692307693 0.6598557692307693 0.0673076923076923 0.0985576923076923
0 0.7596153846153846 0.6670673076923077 0.07451923076923077 0.09615384615384616
0 0.9591346153846154 0.3137019230769231 0.08173076923076923 0.11298076923076923
0 0.5264423076923077 0.2608173076923077 0.11057692307692307 0.16346153846153846
0 0.6742788461538461 0.8185096153846154 0.11057692307692307 0.10817307692307693
0 0.828125 0.8389423076923077 0.0673076923076923 0.09375
0 0.2091346153846154 0.9074519230769231 0.04567307692307692 0.036057692307692304
0 0.7872596153846154 0.8149038461538461 0.07211538461538461 0.08653846153846154
0 0.8521634615384616 0.6418269230769231 0.06971153846153846 0.08653846153846154
0 0.8990384615384616 0.17307692307692307 0.07692307692307693 0.0985576923076923