0 0.32572115384615385 0.22235576923076922 0.057692307692307696 0.04326923076923077
0 0.31971153846153844 0.2848557692307692 0.06009615384615385 0.07932692307692307
0 0.11057692307692307 0.2536057692307692 0.0625 0.0673076923076923
0 0.038461538461538464 0.24519230769230768 0.06971153846153846 0.08413461538461539
0 0.010817307692307692 0.44471153846153844 0.021634615384615384 0.07211538461538461
0 0.19471153846153846 0.703125 0.06971153846153846 0.08413461538461539
0 0.15625 0.8846153846153846 0.08173076923076923 0.10817307692307693
0 0.3629807692307692 0.14302884615384615 0.06971153846153846 0.08173076923076923
0 0.5228365384615384 0.20192307692307693 0.0673076923076923 0.0625
0 0.5084134615384616 0.27403846153846156 0.057692307692307696 0.0673076923076923
0 0.4675480769230769 0.2608173076923077 0.04326923076923077 0.0673076923076923
0 0.7199519230769231 0.3329326923076923 0.0673076923076923 0.07692307692307693
0 0.6658653846153846 0.5300480769230769 0.0625 0.06009615384615385
0 0.5420673076923077 0.4699519230769231 0.057692307692307696 0.07211538461538461
0 0.5336538461538461 0.5360576923076923 0.06490384615384616 0.06009615384615385
0 0.5144230769230769 0.5877403846153846 0.09375 0.08413461538461539
0 0.7067307692307693 0.6153846153846154 0.10576923076923077 0.07932692307692307
0 0.8197115384615384 0.4651442307692308 0.057692307692307696 0.04567307692307692
0 0.8161057692307693 0.33774038461538464 0.057692307692307696 0.08653846153846154
0 0.8930288461538461 0.2776442307692308 0.07451923076923077 0.09375
0 0.6346153846153846 0.06370192307692307 0.07211538461538461 0.0889423076923077
0 0.5649038461538461 0.056490384615384616 0.06009615384615385 0.06490384615384616
0 0.96875 0.46033653846153844 0.0625 0.07451923076923077
0 0.9711538461538461 0.5252403846153846 0.057692307692307696 0.06971153846153846
0 0.9927884615384616 0.5925480769230769 0.014423076923076924 0.06009615384615385
0 0.9242788461538461 0.703125 0.06009615384615385 0.08653846153846154
0 0.7067307692307693 0.7548076923076923 0.09134615384615384 0.08413461538461539
0 0.7223557692307693 0.8810096153846154 0.07932692307692307 0.07932692307692307
0 0.6358173076923077 0.8930288461538461 0.07932692307692307 0.11538461538461539
0 0.9735576923076923 0.8040865384615384 0.052884615384615384 0.07451923076923077
0 0.9206730769230769 0.8064903846153846 0.04807692307692308 0.0625
0 0.9411057692307693 0.8629807692307693 0.055288461538461536 0.057692307692307696