0 0.03365384615384615 0.021634615384615384 0.019230769230769232 0.04326923076923077
0 0.15264423076923078 0.08653846153846154 0.03365384615384615 0.06009615384615385
0 0.18028846153846154 0.14182692307692307 0.06490384615384616 0.040865384615384616
0 0.028846153846153848 0.3425480769230769 0.04807692307692308 0.07451923076923077
0 0.09254807692307693 0.5612980769230769 0.07451923076923077 0.055288461538461536
0 0.10697115384615384 0.2956730769230769 0.057692307692307696 0.07211538461538461
0 0.20432692307692307 0.37259615384615385 0.0625 0.04567307692307692
0 0.2536057692307692 0.5060096153846154 0.05048076923076923 0.07211538461538461
0 0.328125 0.5048076923076923 0.0673076923076923 0.07932692307692307
0 0.05889423076923077 0.8389423076923077 0.08413461538461539 0.026442307692307692
0 0.01201923076923077 0.9206730769230769 0.02403846153846154 0.0625
0 0.37740384615384615 0.07932692307692307 0.0625 0.052884615384615384
0 0.4170673076923077 0.008413461538461538 0.06009615384615385 0.016826923076923076
0 0.44711538461538464 0.025240384615384616 0.03365384615384615 0.05048076923076923
0 0.5444711538461539 0.08413461538461539 0.06009615384615385 0.07692307692307693
0 0.6201923076923077 0.057692307692307696 0.06490384615384616 0.0625
0 0.78125 0.11298076923076923 0.055288461538461536 0.08173076923076923
0 0.7788461538461539 0.22235576923076922 0.0625 0.10096153846153846
0 0.8449519230769231 0.19831730769230768 0.04567307692307692 0.06971153846153846
0 0.96875 0.078125 0.04567307692307692 0.07211538461538461
0 0.9699519230769231 0.21754807692307693 0.06009615384615385 0.06490384615384616
0 0.96875 0.390625 0.0625 0.055288461538461536
0 0.9915865384615384 0.4495192307692308 0.016826923076923076 0.0673076923076923
0 0.8569711538461539 0.5757211538461539 0.05048076923076923 0.08653846153846154
0 0.7512019230769231 0.4651442307692308 0.07451923076923077 0.0889423076923077
0 0.6298076923076923 0.421875 0.06009615384615385 0.09375
0 0.5540865384615384 0.4074519230769231 0.07692307692307693 0.016826923076923076
0 0.5396634615384616 0.3786057692307692 0.07211538461538461 0.05048076923076923
0 0.4675480769230769 0.3858173076923077 0.06971153846153846 0.10336538461538461
0 0.5985576923076923 0.6286057692307693 0.0625 0.0889423076923077
0 0.6370192307692307 0.7367788461538461 0.07451923076923077 0.08173076923076923
0 0.5612980769230769 0.84375 0.055288461538461536 0.08413461538461539
0 0.6550480769230769 0.5709134615384616 0.055288461538461536 0.07692307692307693
0 0.890625 0.7415865384615384 0.07451923076923077 0.10096153846153846
0 0.7884615384615384 0.8521634615384616 0.10336538461538461 0.12259615384615384