0 0.39783653846153844 0.45552884615384615 0.08413461538461539 0.08413461538461539
0 0.49158653846153844 0.4543269230769231 0.07932692307692307 0.08173076923076923
0 0.7704326923076923 0.625 0.10576923076923077 0.09375
0 0.9579326923076923 0.48677884615384615 0.08413461538461539 0.0985576923076923
0 0.7704326923076923 0.14783653846153846 0.12980769230769232 0.12740384615384615
0 0.8016826923076923 0.36177884615384615 0.17307692307692307 0.16105769230769232
0 0.6370192307692307 0.48677884615384615 0.125 0.12740384615384615
0 0.6262019230769231 0.16947115384615385 0.0985576923076923 0.10576923076923077
0 0.4879807692307692 0.36899038461538464 0.13221153846153846 0.1201923076923077
0 0.7223557692307693 0.44591346153846156 0.09615384615384616 0.10096153846153846
0 0.6033653846153846 0.8341346153846154 0.11778846153846154 0.12259615384615384
0 0.7331730769230769 0.8016826923076923 0.1346153846153846 0.13221153846153846
0 0.20793269230769232 0.5024038461538461 0.12259615384615384 0.1201923076923077
0 0.16466346153846154 0.4326923076923077 0.0985576923076923 0.08173076923076923
0 0.015625 0.30649038461538464 0.03125 0.10817307692307693
0 0.038461538461538464 0.2620192307692308 0.07692307692307693 0.08653846153846154
0 0.10336538461538461 0.20673076923076922 0.08653846153846154 0.07692307692307693
0 0.6009615384615384 0.046875 0.11057692307692307 0.09375
0 0.5516826923076923 0.14302884615384615 0.10096153846153846 0.0889423076923077
0 0.5036057692307693 0.2800480769230769 0.10576923076923077 0.10336538461538461