0 0.5024038461538461 0.328125 0.06971153846153846 0.08173076923076923
0 0.5168269230769231 0.19471153846153846 0.0625 0.0673076923076923
0 0.49278846153846156 0.1201923076923077 0.07451923076923077 0.04326923076923077
0 0.1201923076923077 0.38461538461538464 0.06490384615384616 0.06009615384615385
0 0.13822115384615385 0.6141826923076923 0.052884615384615384 0.04567307692307692
0 0.5012019230769231 0.5600961538461539 0.052884615384615384 0.057692307692307696
0 0.4651442307692308 0.47475961538461536 0.057692307692307696 0.052884615384615384
0 0.8473557692307693 0.5673076923076923 0.07451923076923077 0.06009615384615385
0 0.8954326923076923 0.7379807692307693 0.08413461538461539 0.09615384615384616
0 0.6117788461538461 0.6778846153846154 0.06490384615384616 0.08173076923076923
0 0.7572115384615384 0.7355769230769231 0.055288461538461536 0.07932692307692307
0 0.30288461538461536 0.22596153846153846 0.07211538461538461 0.055288461538461536
0 0.8713942307692307 0.24278846153846154 0.055288461538461536 0.06490384615384616
0 0.9399038461538461 0.5721153846153846 0.05048076923076923 0.08173076923076923
0 0.2860576923076923 0.9182692307692307 0.07211538461538461 0.0673076923076923
0 0.2403846153846154 0.7175480769230769 0.09375 0.0625
0 0.06370192307692307 0.6213942307692307 0.07451923076923077 0.052884615384615384
0 0.3918269230769231 0.5060096153846154 0.0625 0.04326923076923077
0 0.6394230769230769 0.9519230769230769 0.07932692307692307 0.04807692307692308
0 0.34975961538461536 0.8521634615384616 0.08173076923076923 0.10576923076923077
0 0.4579326923076923 0.7872596153846154 0.11057692307692307 0.07692307692307693
0 0.7019230769230769 0.8461538461538461 0.09134615384615384 0.125
0 0.9182692307692307 0.48197115384615385 0.0625 0.10817307692307693
0 0.8954326923076923 0.39663461538461536 0.10576923076923077 0.0889423076923077
0 0.7439903846153846 0.28365384615384615 0.057692307692307696 0.06971153846153846
0 0.6370192307692307 0.2608173076923077 0.08653846153846154 0.07932692307692307
0 0.7295673076923077 0.037259615384615384 0.07451923076923077 0.07451923076923077
0 0.10697115384615384 0.5192307692307693 0.09134615384615384 0.0889423076923077
0 0.09975961538461539 0.5625 0.05048076923076923 0.06009615384615385
0 0.17067307692307693 0.9723557692307693 0.07692307692307693 0.055288461538461536
0 0.9519230769230769 0.18870192307692307 0.0625 0.09615384615384616
0 0.29447115384615385 0.4651442307692308 0.05048076923076923 0.07451923076923077