0 0.6286057692307693 0.04447115384615385 0.0625 0.0673076923076923
0 0.7415865384615384 0.21875 0.07932692307692307 0.07932692307692307
0 0.7944711538461539 0.234375 0.07451923076923077 0.07932692307692307
0 0.8016826923076923 0.3329326923076923 0.08653846153846154 0.08653846153846154
0 0.9026442307692307 0.4026442307692308 0.08653846153846154 0.0889423076923077
0 0.9735576923076923 0.36538461538461536 0.052884615384615384 0.08653846153846154
0 0.9134615384615384 0.21875 0.07692307692307693 0.07451923076923077
0 0.46634615384615385 0.4182692307692308 0.07932692307692307 0.07692307692307693
0 0.48677884615384615 0.5048076923076923 0.0889423076923077 0.08653846153846154
0 0.4098557692307692 0.5588942307692307 0.07692307692307693 0.08173076923076923
0 0.2860576923076923 0.5745192307692307 0.08173076923076923 0.07692307692307693
0 0.1778846153846154 0.7824519230769231 0.0985576923076923 0.10336538461538461
0 0.09495192307692307 0.8028846153846154 0.0673076923076923 0.06009615384615385
0 0.15985576923076922 0.3269230769230769 0.0985576923076923 0.10576923076923077
0 0.28725961538461536 0.09495192307692307 0.07211538461538461 0.07692307692307693
0 0.18870192307692307 0.12139423076923077 0.06971153846153846 0.07211538461538461
0 0.4723557692307692 0.6983173076923077 0.11057692307692307 0.11538461538461539
0 0.6105769230769231 0.6730769230769231 0.057692307692307696 0.057692307692307696
0 0.6538461538461539 0.7043269230769231 0.06490384615384616 0.0625
0 0.7536057692307693 0.5817307692307693 0.06971153846153846 0.07211538461538461
0 0.6021634615384616 0.5060096153846154 0.07211538461538461 0.07451923076923077
0 0.5576923076923077 0.8461538461538461 0.10576923076923077 0.11057692307692307
0 0.6983173076923077 0.8016826923076923 0.07932692307692307 0.08173076923076923
0 0.7055288461538461 0.921875 0.08173076923076923 0.08413461538461539
0 0.6105769230769231 0.9050480769230769 0.0673076923076923 0.07211538461538461
0 0.5060096153846154 0.9903846153846154 0.08413461538461539 0.019230769230769232
0 0.8221153846153846 0.8822115384615384 0.03365384615384615 0.03365384615384615
0 0.9206730769230769 0.7295673076923077 0.052884615384615384 0.052884615384615384
0 0.8966346153846154 0.6862980769230769 0.08653846153846154 0.08173076923076923
0 0.9831730769230769 0.6153846153846154 0.03365384615384615 0.0673076923076923