0 0.2439903846153846 0.3401442307692308 0.07932692307692307 0.06490384615384616
0 0.2764423076923077 0.43509615384615385 0.07211538461538461 0.0673076923076923
0 0.18509615384615385 0.4831730769230769 0.08653846153846154 0.09134615384615384
0 0.07451923076923077 0.65625 0.07451923076923077 0.0673076923076923
0 0.05048076923076923 0.5228365384615384 0.0889423076923077 0.08413461538461539
0 0.11778846153846154 0.0889423076923077 0.06971153846153846 0.09375
0 0.4963942307692308 0.11057692307692307 0.040865384615384616 0.07692307692307693
0 0.6117788461538461 0.0625 0.0985576923076923 0.0889423076923077
0 0.5348557692307693 0.008413461538461538 0.07451923076923077 0.016826923076923076
0 0.3629807692307692 0.38461538461538464 0.0673076923076923 0.0889423076923077
0 0.37740384615384615 0.6430288461538461 0.08653846153846154 0.09134615384615384
0 0.7415865384615384 0.33533653846153844 0.055288461538461536 0.08653846153846154
0 0.09735576923076923 0.7451923076923077 0.06971153846153846 0.08653846153846154