0 0.38461538461538464 0.16947115384615385 0.06490384615384616 0.06971153846153846
0 0.3137019230769231 0.19230769230769232 0.057692307692307696 0.06490384615384616
0 0.1971153846153846 0.15625 0.07932692307692307 0.0889423076923077
0 0.10817307692307693 0.44591346153846156 0.07692307692307693 0.08413461538461539
0 0.08052884615384616 0.5769230769230769 0.08653846153846154 0.08413461538461539
0 0.2860576923076923 0.9302884615384616 0.07451923076923077 0.08173076923076923
0 0.3473557692307692 0.9759615384615384 0.06490384615384616 0.04807692307692308
0 0.6274038461538461 0.8918269230769231 0.0985576923076923 0.10576923076923077
0 0.6995192307692307 0.9435096153846154 0.0625 0.06490384615384616
0 0.7716346153846154 0.8641826923076923 0.07211538461538461 0.07932692307692307
0 0.7644230769230769 0.7560096153846154 0.07211538461538461 0.07451923076923077
0 0.9206730769230769 0.7752403846153846 0.06971153846153846 0.07451923076923077
0 0.9483173076923077 0.7307692307692307 0.052884615384615384 0.06009615384615385
0 0.8954326923076923 0.5168269230769231 0.057692307692307696 0.0625
0 0.7487980769230769 0.32211538461538464 0.07692307692307693 0.07692307692307693
0 0.65625 0.21394230769230768 0.08413461538461539 0.0889423076923077
0 0.7211538461538461 0.15264423076923078 0.07692307692307693 0.08173076923076923
0 0.6814903846153846 0.052884615384615384 0.052884615384615384 0.057692307692307696
0 0.7451923076923077 0.06009615384615385 0.06971153846153846 0.07932692307692307
0 0.7680288461538461 0.04326923076923077 0.057692307692307696 0.06971153846153846
0 0.3473557692307692 0.026442307692307692 0.055288461538461536 0.052884615384615384
0 0.453125 0.019230769230769232 0.06971153846153846 0.038461538461538464
0 0.15985576923076922 0.29927884615384615 0.0673076923076923 0.0673076923076923
0 0.31490384615384615 0.6225961538461539 0.07692307692307693 0.08173076923076923
0 0.13581730769230768 0.7620192307692307 0.07451923076923077 0.07211538461538461
0 0.9795673076923077 0.6081730769230769 0.040865384615384616 0.08653846153846154
0 0.33413461538461536 0.3112980769230769 0.07932692307692307 0.09375
0 0.3401442307692308 0.421875 0.10096153846153846 0.10336538461538461
0 0.8894230769230769 0.671875 0.08173076923076923 0.08653846153846154
0 0.8605769230769231 0.8245192307692307 0.07451923076923077 0.07211538461538461
0 0.8257211538461539 0.7391826923076923 0.07451923076923077 0.08653846153846154
0 0.8581730769230769 0.7079326923076923 0.06009615384615385 0.06490384615384616
0 0.7680288461538461 0.22115384615384615 0.07211538461538461 0.07451923076923077
0 0.7884615384615384 0.1814903846153846 0.07211538461538461 0.07211538461538461
0 0.9951923076923077 0.7259615384615384 0.009615384615384616 0.04326923076923077