0 0.6899038461538461 0.5096153846153846 0.051682692307692304 0.06610576923076923
0 0.6262019230769231 0.5360576923076923 0.052884615384615384 0.05889423076923077
0 0.6213942307692307 0.38341346153846156 0.06971153846153846 0.07692307692307693
0 0.5576923076923077 0.21514423076923078 0.051682692307692304 0.052884615384615384
0 0.4182692307692308 0.13701923076923078 0.06370192307692307 0.055288461538461536
0 0.3125 0.23197115384615385 0.07572115384615384 0.04447115384615385
0 0.14903846153846154 0.19471153846153846 0.09134615384615384 0.07451923076923077
0 0.4675480769230769 0.5625 0.06850961538461539 0.038461538461538464
0 0.6033653846153846 0.796875 0.07091346153846154 0.04807692307692308
0 0.48677884615384615 0.8269230769230769 0.07572115384615384 0.02403846153846154
0 0.5036057692307693 0.8737980769230769 0.06370192307692307 0.026442307692307692
0 0.34134615384615385 0.9362980769230769 0.0733173076923077 0.05889423076923077
0 0.18629807692307693 0.7043269230769231 0.07091346153846154 0.07211538461538461
0 0.7451923076923077 0.7572115384615384 0.06490384615384616 0.036057692307692304
0 0.9290865384615384 0.36177884615384615 0.04567307692307692 0.07091346153846154
0 0.5 0.1466346153846154 0.056490384615384616 0.06370192307692307
0 0.5769230769230769 0.078125 0.0673076923076923 0.03365384615384615
0 0.5697115384615384 0.13581730769230768 0.06009615384615385 0.042067307692307696
0 0.5300480769230769 0.025240384615384616 0.0673076923076923 0.03245192307692308
0 0.49038461538461536 0.27163461538461536 0.06850961538461539 0.0829326923076923
0 0.36177884615384615 0.3545673076923077 0.042067307692307696 0.1045673076923077
0 0.30408653846153844 0.53125 0.06971153846153846 0.08173076923076923
0 0.22956730769230768 0.5288461538461539 0.06129807692307692 0.078125
0 0.11057692307692307 0.6959134615384616 0.07091346153846154 0.11538461538461539
0 0.10096153846153846 0.9350961538461539 0.055288461538461536 0.07211538461538461
0 0.17908653846153846 0.9699519230769231 0.05048076923076923 0.056490384615384616
0 0.44350961538461536 0.9086538461538461 0.0733173076923077 0.06129807692307692
0 0.2920673076923077 0.8052884615384616 0.07932692307692307 0.09254807692307693
0 0.578125 0.9471153846153846 0.04326923076923077 0.06850961538461539
0 0.5793269230769231 0.8894230769230769 0.042067307692307696 0.057692307692307696
0 0.6346153846153846 0.9326923076923077 0.052884615384615384 0.0889423076923077
0 0.6935096153846154 0.8641826923076923 0.04326923076923077 0.10336538461538461
0 0.8137019230769231 0.9699519230769231 0.057692307692307696 0.05048076923076923
0 0.7572115384615384 0.9759615384615384 0.036057692307692304 0.037259615384615384
0 0.8653846153846154 0.8161057692307693 0.026442307692307692 0.08774038461538461
0 0.96875 0.5745192307692307 0.06009615384615385 0.09375
0 0.9711538461538461 0.3329326923076923 0.055288461538461536 0.09615384615384616
0 0.8713942307692307 0.21754807692307693 0.04447115384615385 0.08052884615384616
0 0.1045673076923077 0.0625 0.04927884615384615 0.08413461538461539
0 0.030048076923076924 0.07572115384615384 0.06009615384615385 0.109375
0 0.014423076923076924 0.22355769230769232 0.027644230769230768 0.0985576923076923
0 0.03125 0.5504807692307693 0.06009615384615385 0.08774038461538461
0 0.4951923076923077 0.6165865384615384 0.078125 0.08173076923076923
0 0.5492788461538461 0.41466346153846156 0.03125 0.06971153846153846
0 0.8425480769230769 0.4110576923076923 0.078125 0.05048076923076923
0 0.65625 0.2692307692307692 0.07091346153846154 0.05048076923076923
0 0.6923076923076923 0.3173076923076923 0.04567307692307692 0.04807692307692308