0 0.36658653846153844 0.578125 0.05048076923076923 0.0889423076923077
0 0.5769230769230769 0.7379807692307693 0.051682692307692304 0.07451923076923077
0 0.6598557692307693 0.6382211538461539 0.037259615384615384 0.11538461538461539
0 0.7259615384615384 0.7211538461538461 0.030048076923076924 0.10576923076923077
0 0.6983173076923077 0.44591346153846156 0.07572115384615384 0.125
0 0.2932692307692308 0.10336538461538461 0.0625 0.08653846153846154
0 0.7716346153846154 0.0625 0.06610576923076923 0.08413461538461539
0 0.8665865384615384 0.14783653846153846 0.0673076923076923 0.07451923076923077
0 0.8473557692307693 0.9387019230769231 0.07091346153846154 0.07211538461538461
0 0.5889423076923077 0.43149038461538464 0.05048076923076923 0.09254807692307693
0 0.6850961538461539 0.6911057692307693 0.03485576923076923 0.09495192307692307
0 0.6983173076923077 0.24639423076923078 0.04326923076923077 0.09735576923076923
0 0.6358173076923077 0.23197115384615385 0.06009615384615385 0.08533653846153846
0 0.7788461538461539 0.32091346153846156 0.06009615384615385 0.08413461538461539
0 0.9014423076923077 0.7548076923076923 0.042067307692307696 0.09134615384615384
0 0.9699519230769231 0.46875 0.057692307692307696 0.0829326923076923
0 0.9447115384615384 0.8978365384615384 0.05889423076923077 0.10096153846153846
0 0.6117788461538461 0.8689903846153846 0.055288461538461536 0.09375
0 0.4495192307692308 0.9423076923076923 0.039663461538461536 0.09975961538461539
0 0.2608173076923077 0.9375 0.051682692307692304 0.0889423076923077
0 0.20072115384615385 0.8557692307692307 0.03245192307692308 0.07692307692307693
0 0.14903846153846154 0.9447115384615384 0.04447115384615385 0.0889423076923077
0 0.29086538461538464 0.703125 0.036057692307692304 0.078125
0 0.3701923076923077 0.6754807692307693 0.04807692307692308 0.0673076923076923
0 0.1971153846153846 0.5396634615384616 0.06370192307692307 0.07572115384615384