0 0.4879807692307692 0.16105769230769232 0.0889423076923077 0.08653846153846154
0 0.3088942307692308 0.057692307692307696 0.07692307692307693 0.07932692307692307
0 0.33653846153846156 0.11057692307692307 0.08413461538461539 0.09134615384615384
0 0.2932692307692308 0.21754807692307693 0.0625 0.0673076923076923
0 0.23918269230769232 0.27403846153846156 0.07932692307692307 0.07692307692307693
0 0.296875 0.3112980769230769 0.08173076923076923 0.08173076923076923
0 0.2439903846153846 0.36177884615384615 0.08173076923076923 0.07692307692307693
0 0.36177884615384615 0.40384615384615385 0.0889423076923077 0.09375
0 0.4387019230769231 0.4014423076923077 0.08173076923076923 0.09615384615384616
0 0.4026442307692308 0.23798076923076922 0.07932692307692307 0.07932692307692307
0 0.4519230769230769 0.10336538461538461 0.055288461538461536 0.06009615384615385
0 0.5709134615384616 0.30649038461538464 0.06009615384615385 0.0625
0 0.5673076923076923 0.35336538461538464 0.07211538461538461 0.07451923076923077
0 0.6141826923076923 0.43509615384615385 0.09134615384615384 0.09615384615384616
0 0.6634615384615384 0.3894230769230769 0.07692307692307693 0.08653846153846154
0 0.7067307692307693 0.25600961538461536 0.07932692307692307 0.07692307692307693
0 0.6454326923076923 0.22235576923076922 0.07451923076923077 0.07211538461538461
0 0.6129807692307693 0.09134615384615384 0.057692307692307696 0.07211538461538461
0 0.8677884615384616 0.2608173076923077 0.10096153846153846 0.10817307692307693
0 0.9194711538461539 0.32211538461538464 0.0673076923076923 0.07451923076923077
0 0.734375 0.4254807692307692 0.057692307692307696 0.0625
0 0.6298076923076923 0.6310096153846154 0.10576923076923077 0.10576923076923077
0 0.4987980769230769 0.6225961538461539 0.10336538461538461 0.10096153846153846
0 0.38822115384615385 0.5228365384615384 0.0625 0.06490384615384616
0 0.28725961538461536 0.6189903846153846 0.07692307692307693 0.07932692307692307
0 0.2127403846153846 0.5913461538461539 0.10096153846153846 0.09375
0 0.028846153846153848 0.42788461538461536 0.057692307692307696 0.07692307692307693
0 0.04807692307692308 0.5360576923076923 0.09615384615384616 0.1201923076923077
0 0.09254807692307693 0.6586538461538461 0.07932692307692307 0.06971153846153846
0 0.4110576923076923 0.7608173076923077 0.11057692307692307 0.11778846153846154
0 0.49038461538461536 0.7512019230769231 0.10096153846153846 0.10096153846153846
0 0.7307692307692307 0.05889423076923077 0.06009615384615385 0.04326923076923077
0 0.021634615384615384 0.3329326923076923 0.04326923076923077 0.07932692307692307
0 0.02283653846153846 0.7331730769230769 0.04567307692307692 0.08653846153846154
0 0.14783653846153846 0.7524038461538461 0.07451923076923077 0.06971153846153846
0 0.8016826923076923 0.4951923076923077 0.07451923076923077 0.09375
0 0.8245192307692307 0.5949519230769231 0.10817307692307693 0.10817307692307693
0 0.7319711538461539 0.7596153846153846 0.08413461538461539 0.09134615384615384
0 0.8088942307692307 0.7632211538461539 0.09615384615384616 0.10817307692307693
0 0.8329326923076923 0.8545673076923077 0.0625 0.07451923076923077
0 0.9435096153846154 0.4951923076923077 0.07932692307692307 0.09375
0 0.8581730769230769 0.15144230769230768 0.052884615384615384 0.04567307692307692
0 0.6923076923076923 0.20192307692307693 0.07211538461538461 0.0673076923076923
0 0.7403846153846154 0.33533653846153844 0.10096153846153846 0.11298076923076923
0 0.4074519230769231 0.3894230769230769 0.057692307692307696 0.07692307692307693
0 0.8629807692307693 0.4567307692307692 0.0673076923076923 0.07932692307692307
0 0.8942307692307693 0.4074519230769231 0.06490384615384616 0.06490384615384616
0 0.2283653846153846 0.8197115384615384 0.11538461538461539 0.13221153846153846
0 0.08774038461538461 0.8052884615384616 0.04807692307692308 0.04807692307692308