0 0.49038461538461536 0.36658653846153844 0.06009615384615385 0.06971153846153846
0 0.41346153846153844 0.2932692307692308 0.0625 0.07692307692307693
0 0.34615384615384615 0.4567307692307692 0.057692307692307696 0.06009615384615385
0 0.24759615384615385 0.45552884615384615 0.04807692307692308 0.06009615384615385
0 0.32572115384615385 0.6814903846153846 0.057692307692307696 0.0673076923076923
0 0.5637019230769231 0.4050480769230769 0.057692307692307696 0.06490384615384616
0 0.5877403846153846 0.44471153846153844 0.0673076923076923 0.0889423076923077
0 0.7127403846153846 0.35697115384615385 0.0673076923076923 0.07451923076923077
0 0.5949519230769231 0.32572115384615385 0.052884615384615384 0.057692307692307696
0 0.2704326923076923 0.056490384615384616 0.055288461538461536 0.05048076923076923
0 0.171875 0.17548076923076922 0.052884615384615384 0.05048076923076923
0 0.17427884615384615 0.6586538461538461 0.057692307692307696 0.06009615384615385
0 0.29447115384615385 0.8137019230769231 0.04807692307692308 0.05048076923076923
0 0.41466346153846156 0.9314903846153846 0.06009615384615385 0.0625
0 0.5024038461538461 0.7908653846153846 0.06009615384615385 0.07932692307692307
0 0.5709134615384616 0.8173076923076923 0.05048076923076923 0.0625
0 0.6514423076923077 0.1201923076923077 0.04567307692307692 0.04807692307692308
0 0.3161057692307692 0.2644230769230769 0.06490384615384616 0.07451923076923077
0 0.4206730769230769 0.07932692307692307 0.06971153846153846 0.0889423076923077
0 0.3317307692307692 0.008413461538461538 0.057692307692307696 0.016826923076923076
0 0.7728365384615384 0.38461538461538464 0.07932692307692307 0.08173076923076923
0 0.9122596153846154 0.734375 0.08653846153846154 0.11538461538461539
0 0.8605769230769231 0.8497596153846154 0.0625 0.07692307692307693
0 0.4170673076923077 0.8016826923076923 0.09375 0.0889423076923077
0 0.0829326923076923 0.2800480769230769 0.04567307692307692 0.052884615384615384
0 0.046875 0.3137019230769231 0.04807692307692308 0.06009615384615385
0 0.2692307692307692 0.7836538461538461 0.07932692307692307 0.10096153846153846
0 0.2668269230769231 0.8629807692307693 0.0625 0.0625
0 0.9495192307692307 0.5096153846153846 0.0625 0.07932692307692307
0 0.9735576923076923 0.5625 0.052884615384615384 0.07692307692307693
0 0.8653846153846154 0.6466346153846154 0.052884615384615384 0.0625
0 0.8088942307692307 0.6959134615384616 0.057692307692307696 0.07932692307692307
0 0.6334134615384616 0.9699519230769231 0.06009615384615385 0.06009615384615385
0 0.6081730769230769 0.9903846153846154 0.07211538461538461 0.019230769230769232