0 0.36177884615384615 0.10817307692307693 0.07692307692307693 0.07451923076923077
0 0.2932692307692308 0.14903846153846154 0.07211538461538461 0.07211538461538461
0 0.1875 0.1778846153846154 0.06971153846153846 0.07211538461538461
0 0.26802884615384615 0.22956730769230768 0.057692307692307696 0.057692307692307696
0 0.37740384615384615 0.2247596153846154 0.06971153846153846 0.06971153846153846
0 0.6382211538461539 0.0889423076923077 0.05048076923076923 0.052884615384615384
0 0.53125 0.38461538461538464 0.05048076923076923 0.04807692307692308
0 0.3293269230769231 0.38461538461538464 0.055288461538461536 0.055288461538461536
0 0.17067307692307693 0.2824519230769231 0.09375 0.09615384615384616
0 0.19230769230769232 0.359375 0.07932692307692307 0.07932692307692307
0 0.31850961538461536 0.45072115384615385 0.06490384615384616 0.06490384615384616
0 0.671875 0.3894230769230769 0.08653846153846154 0.0889423076923077
0 0.8161057692307693 0.296875 0.09615384615384616 0.0985576923076923
0 0.7163461538461539 0.22596153846153846 0.04567307692307692 0.04567307692307692
0 0.6213942307692307 0.21153846153846154 0.08413461538461539 0.08413461538461539
0 0.5877403846153846 0.078125 0.06009615384615385 0.06009615384615385
0 0.49278846153846156 0.18269230769230768 0.09134615384615384 0.09134615384615384
0 0.8689903846153846 0.6322115384615384 0.0625 0.0625
0 0.6778846153846154 0.5757211538461539 0.07211538461538461 0.07211538461538461
0 0.7728365384615384 0.46274038461538464 0.07451923076923077 0.07451923076923077
0 0.46875 0.4963942307692308 0.07692307692307693 0.07692307692307693
0 0.25600961538461536 0.3629807692307692 0.07451923076923077 0.07692307692307693
0 0.5204326923076923 0.9735576923076923 0.0889423076923077 0.052884615384615384
0 0.6838942307692307 0.4699519230769231 0.0673076923076923 0.0673076923076923
0 0.5625 0.43990384615384615 0.0889423076923077 0.09134615384615384
0 0.6334134615384616 0.6346153846153846 0.07692307692307693 0.07932692307692307
0 0.5925480769230769 0.5516826923076923 0.052884615384615384 0.052884615384615384
0 0.5997596153846154 0.5829326923076923 0.06009615384615385 0.057692307692307696
0 0.49759615384615385 0.703125 0.055288461538461536 0.057692307692307696
0 0.5360576923076923 0.7560096153846154 0.0673076923076923 0.06971153846153846
0 0.4639423076923077 0.8401442307692307 0.055288461538461536 0.055288461538461536
0 0.36899038461538464 0.8605769230769231 0.0625 0.06490384615384616
0 0.3161057692307692 0.8665865384615384 0.055288461538461536 0.057692307692307696
0 0.2860576923076923 0.84375 0.06490384615384616 0.06490384615384616
0 0.7307692307692307 0.7283653846153846 0.055288461538461536 0.057692307692307696