0 0.4230769230769231 0.5396634615384616 0.052884615384615384 0.06009615384615385
0 0.6322115384615384 0.33413461538461536 0.05048076923076923 0.07451923076923077
0 0.7644230769230769 0.7271634615384616 0.036057692307692304 0.052884615384615384
0 0.8064903846153846 0.890625 0.038461538461538464 0.09375
0 0.7175480769230769 0.5480769230769231 0.06009615384615385 0.07692307692307693
0 0.7079326923076923 0.3137019230769231 0.05048076923076923 0.057692307692307696
0 0.515625 0.35336538461538464 0.052884615384615384 0.052884615384615384
0 0.3112980769230769 0.984375 0.036057692307692304 0.03125
0 0.28846153846153844 0.8485576923076923 0.052884615384615384 0.03365384615384615
0 0.29086538461538464 0.5 0.040865384615384616 0.06009615384615385
0 0.48677884615384615 0.7716346153846154 0.04807692307692308 0.052884615384615384
0 0.6129807692307693 0.9831730769230769 0.04807692307692308 0.021634615384615384
0 0.9170673076923077 0.9098557692307693 0.038461538461538464 0.09134615384615384
0 0.8389423076923077 0.7019230769230769 0.02403846153846154 0.0985576923076923
0 0.6502403846153846 0.46033653846153844 0.04567307692307692 0.057692307692307696
0 0.5829326923076923 0.6634615384615384 0.038461538461538464 0.07932692307692307
0 0.6189903846153846 0.6995192307692307 0.021634615384615384 0.07932692307692307
0 0.6262019230769231 0.8088942307692307 0.04326923076923077 0.07211538461538461
0 0.1502403846153846 0.8461538461538461 0.052884615384615384 0.052884615384615384
0 0.31009615384615385 0.7932692307692307 0.040865384615384616 0.06009615384615385
0 0.1875 0.9519230769230769 0.05048076923076923 0.07451923076923077
0 0.5048076923076923 0.8377403846153846 0.052884615384615384 0.0985576923076923
0 0.7043269230769231 0.6045673076923077 0.0625 0.09134615384615384
0 0.78125 0.33533653846153844 0.04567307692307692 0.0985576923076923
0 0.8701923076923077 0.48197115384615385 0.03125 0.04807692307692308
0 0.8497596153846154 0.5396634615384616 0.052884615384615384 0.05048076923076923
0 0.9302884615384616 0.6899038461538461 0.0625 0.10336538461538461
0 0.9747596153846154 0.20072115384615385 0.016826923076923076 0.07451923076923077
0 0.5120192307692307 0.19471153846153846 0.04567307692307692 0.08653846153846154
0 0.3605769230769231 0.18509615384615385 0.04567307692307692 0.0673076923076923
0 0.3076923076923077 0.21153846153846154 0.040865384615384616 0.0625
0 0.3329326923076923 0.3737980769230769 0.036057692307692304 0.06009615384615385
0 0.5709134615384616 0.9627403846153846 0.040865384615384616 0.06971153846153846