0 0.4651442307692308 0.20072115384615385 0.06490384615384616 0.06490384615384616
0 0.3894230769230769 0.14423076923076922 0.055288461538461536 0.0985576923076923
0 0.234375 0.2764423076923077 0.04807692307692308 0.06009615384615385
0 0.014423076923076924 0.1045673076923077 0.028846153846153848 0.10817307692307693
0 0.8701923076923077 0.30649038461538464 0.07211538461538461 0.02283653846153846
0 0.578125 0.3449519230769231 0.07451923076923077 0.07692307692307693
0 0.28125 0.4387019230769231 0.0733173076923077 0.04927884615384615
0 0.5048076923076923 0.6466346153846154 0.04567307692307692 0.05889423076923077
0 0.07932692307692307 0.5528846153846154 0.08052884615384616 0.054086538461538464
0 0.12259615384615384 0.46634615384615385 0.056490384615384616 0.056490384615384616
0 0.5949519230769231 0.6622596153846154 0.04326923076923077 0.06370192307692307
0 0.5973557692307693 0.8221153846153846 0.06370192307692307 0.06850961538461539
0 0.5180288461538461 0.9194711538461539 0.057692307692307696 0.0673076923076923
0 0.5625 0.11177884615384616 0.06610576923076923 0.06129807692307692
0 0.8449519230769231 0.21875 0.051682692307692304 0.07572115384615384
0 0.9146634615384616 0.203125 0.027644230769230768 0.0673076923076923
0 0.671875 0.5288461538461539 0.0829326923076923 0.07211538461538461
0 0.5865384615384616 0.4326923076923077 0.0625 0.05048076923076923
0 0.7848557692307693 0.4567307692307692 0.0673076923076923 0.07692307692307693
0 0.02283653846153846 0.4675480769230769 0.04567307692307692 0.06610576923076923
0 0.019230769230769232 0.546875 0.038461538461538464 0.07692307692307693
0 0.9242788461538461 0.6754807692307693 0.03125 0.06129807692307692
0 0.30288461538461536 0.33052884615384615 0.04567307692307692 0.06129807692307692
0 0.2776442307692308 0.28365384615384615 0.030048076923076924 0.04447115384615385