0 0.5444711538461539 0.12620192307692307 0.07932692307692307 0.07211538461538461
0 0.5240384615384616 0.19471153846153846 0.06971153846153846 0.0625
0 0.3786057692307692 0.23076923076923078 0.08173076923076923 0.07932692307692307
0 0.055288461538461536 0.6550480769230769 0.11057692307692307 0.11538461538461539
0 0.3317307692307692 0.6141826923076923 0.07692307692307693 0.07451923076923077
0 0.22235576923076922 0.2283653846153846 0.07692307692307693 0.06971153846153846
0 0.46274038461538464 0.008413461538461538 0.07932692307692307 0.016826923076923076
0 0.6959134615384616 0.3016826923076923 0.10096153846153846 0.10817307692307693
0 0.7596153846153846 0.5240384615384616 0.1201923076923077 0.12980769230769232
0 0.984375 0.4050480769230769 0.03125 0.11298076923076923
0 0.7475961538461539 0.7848557692307693 0.08653846153846154 0.09615384615384616
0 0.5288461538461539 0.7608173076923077 0.09375 0.0985576923076923
0 0.4579326923076923 0.7439903846153846 0.09134615384615384 0.09615384615384616
0 0.13942307692307693 0.8269230769230769 0.057692307692307696 0.06009615384615385
0 0.18389423076923078 0.29447115384615385 0.08173076923076923 0.08653846153846154
0 0.35336538461538464 0.07211538461538461 0.08413461538461539 0.09375
0 0.5324519230769231 0.016826923076923076 0.08413461538461539 0.03365384615384615
0 0.4735576923076923 0.0829326923076923 0.0625 0.06971153846153846
0 0.6105769230769231 0.09735576923076923 0.07211538461538461 0.07692307692307693
0 0.7295673076923077 0.10336538461538461 0.10817307692307693 0.11057692307692307
0 0.9302884615384616 0.21634615384615385 0.06490384615384616 0.06009615384615385
0 0.7055288461538461 0.4951923076923077 0.125 0.12980769230769232
0 0.33653846153846156 0.5456730769230769 0.08413461538461539 0.08653846153846154
0 0.8882211538461539 0.7644230769230769 0.1201923076923077 0.1346153846153846