0 0.5132211538461539 0.6466346153846154 0.052884615384615384 0.06490384615384616
0 0.4723557692307692 0.6262019230769231 0.05048076923076923 0.06490384615384616
0 0.49038461538461536 0.5324519230769231 0.052884615384615384 0.07451923076923077
0 0.6009615384615384 0.5685096153846154 0.06971153846153846 0.07932692307692307
0 0.5036057692307693 0.3557692307692308 0.040865384615384616 0.040865384615384616
0 0.43990384615384615 0.24519230769230768 0.04326923076923077 0.04807692307692308
0 0.47115384615384615 0.3004807692307692 0.038461538461538464 0.04567307692307692
0 0.36778846153846156 0.38221153846153844 0.052884615384615384 0.06490384615384616
0 0.3701923076923077 0.5240384615384616 0.04326923076923077 0.06490384615384616
0 0.4987980769230769 0.7271634615384616 0.0673076923076923 0.06971153846153846
0 0.5757211538461539 0.8389423076923077 0.052884615384615384 0.06490384615384616
0 0.6298076923076923 0.8978365384615384 0.038461538461538464 0.057692307692307696
0 0.6394230769230769 0.9423076923076923 0.040865384615384616 0.04807692307692308
0 0.7584134615384616 0.7475961538461539 0.0625 0.07932692307692307
0 0.8509615384615384 0.8028846153846154 0.0673076923076923 0.0889423076923077
0 0.9855769230769231 0.8076923076923077 0.028846153846153848 0.07211538461538461
0 0.9723557692307693 0.6730769230769231 0.04567307692307692 0.04807692307692308
0 0.9350961538461539 0.6586538461538461 0.04326923076923077 0.03125
0 0.9375 0.7379807692307693 0.04807692307692308 0.06009615384615385
0 0.9314903846153846 0.5625 0.040865384615384616 0.055288461538461536
0 0.8810096153846154 0.2704326923076923 0.052884615384615384 0.06490384615384616
0 0.8605769230769231 0.14302884615384615 0.05048076923076923 0.0625
0 0.8233173076923077 0.27403846153846156 0.052884615384615384 0.07692307692307693
0 0.7596153846153846 0.1778846153846154 0.0625 0.05048076923076923
0 0.5973557692307693 0.25841346153846156 0.052884615384615384 0.06009615384615385
0 0.5721153846153846 0.25841346153846156 0.04326923076923077 0.05048076923076923
0 0.5264423076923077 0.24639423076923078 0.06009615384615385 0.06490384615384616
0 0.5576923076923077 0.33653846153846156 0.04567307692307692 0.055288461538461536
0 0.5588942307692307 0.36778846153846156 0.026442307692307692 0.040865384615384616
0 0.5348557692307693 0.35216346153846156 0.04567307692307692 0.055288461538461536
0 0.6021634615384616 0.46875 0.052884615384615384 0.057692307692307696
0 0.4519230769230769 0.6526442307692307 0.03365384615384615 0.040865384615384616
0 0.016826923076923076 0.4026442307692308 0.03365384615384615 0.06971153846153846
0 0.6322115384615384 0.4170673076923077 0.055288461538461536 0.06009615384615385
0 0.7908653846153846 0.5324519230769231 0.06009615384615385 0.0673076923076923
0 0.8786057692307693 0.5384615384615384 0.04807692307692308 0.06971153846153846
0 0.09495192307692307 0.6778846153846154 0.09134615384615384 0.10096153846153846
0 0.46033653846153844 0.3605769230769231 0.057692307692307696 0.07211538461538461
0 0.43149038461538464 0.3485576923076923 0.040865384615384616 0.06009615384615385