0 0.33052884615384615 0.5060096153846154 0.06971153846153846 0.07932692307692307
0 0.35096153846153844 0.6189903846153846 0.0673076923076923 0.057692307692307696
0 0.4735576923076923 0.6574519230769231 0.10096153846153846 0.055288461538461536
0 0.5372596153846154 0.23798076923076922 0.13942307692307693 0.0625
0 0.43990384615384615 0.046875 0.0985576923076923 0.055288461538461536
0 0.6045673076923077 0.014423076923076924 0.10336538461538461 0.028846153846153848
0 0.27163461538461536 0.021634615384615384 0.0625 0.036057692307692304
0 0.18028846153846154 0.3004807692307692 0.07451923076923077 0.04807692307692308
0 0.1346153846153846 0.5084134615384616 0.08653846153846154 0.07692307692307693
0 0.4050480769230769 0.3894230769230769 0.0625 0.0673076923076923
0 0.6923076923076923 0.30288461538461536 0.06490384615384616 0.052884615384615384
0 0.9663461538461539 0.24879807692307693 0.06009615384615385 0.1201923076923077
0 0.33533653846153844 0.8100961538461539 0.09375 0.10576923076923077
0 0.3317307692307692 0.7067307692307693 0.0673076923076923 0.0985576923076923
0 0.47115384615384615 0.46274038461538464 0.040865384615384616 0.09134615384615384
0 0.5276442307692307 0.47596153846153844 0.06009615384615385 0.08413461538461539
0 0.48197115384615385 0.7103365384615384 0.04807692307692308 0.07451923076923077