0 0.19951923076923078 0.45913461538461536 0.09134615384615384 0.09134615384615384
0 0.3485576923076923 0.4807692307692308 0.052884615384615384 0.052884615384615384
0 0.34975961538461536 0.375 0.07211538461538461 0.07211538461538461
0 0.5216346153846154 0.3894230769230769 0.09375 0.09375
0 0.5036057692307693 0.6153846153846154 0.07451923076923077 0.07451923076923077
0 0.4326923076923077 0.8317307692307693 0.06971153846153846 0.06971153846153846
0 0.34134615384615385 0.8641826923076923 0.06971153846153846 0.06971153846153846
0 0.37740384615384615 0.9290865384615384 0.0625 0.0625
0 0.5144230769230769 0.9615384615384616 0.0673076923076923 0.0673076923076923
0 0.9675480769230769 0.44471153846153844 0.06490384615384616 0.08173076923076923
0 0.8353365384615384 0.3473557692307692 0.057692307692307696 0.057692307692307696
0 0.6887019230769231 0.5685096153846154 0.06490384615384616 0.0673076923076923
0 0.037259615384615384 0.3737980769230769 0.07451923076923077 0.0985576923076923
0 0.45072115384615385 0.6598557692307693 0.06971153846153846 0.06971153846153846
0 0.53125 0.8173076923076923 0.09134615384615384 0.09134615384615384
0 0.09495192307692307 0.6382211538461539 0.18990384615384615 0.24759615384615385
0 0.27884615384615385 0.32091346153846156 0.15625 0.15625
0 0.3557692307692308 0.7451923076923077 0.07451923076923077 0.07451923076923077
0 0.45072115384615385 0.7235576923076923 0.0889423076923077 0.09134615384615384