0 0.2512019230769231 0.3161057692307692 0.0889423076923077 0.0673076923076923
0 0.22596153846153846 0.3737980769230769 0.0625 0.06971153846153846
0 0.21634615384615385 0.4831730769230769 0.0889423076923077 0.07211538461538461
0 0.09615384615384616 0.22355769230769232 0.0889423076923077 0.08173076923076923
0 0.1466346153846154 0.6358173076923077 0.08413461538461539 0.09615384615384616
0 0.171875 0.7800480769230769 0.06490384615384616 0.0673076923076923
0 0.4014423076923077 0.6057692307692307 0.06971153846153846 0.08413461538461539
0 0.453125 0.7451923076923077 0.07932692307692307 0.07692307692307693
0 0.6887019230769231 0.49759615384615385 0.09615384615384616 0.11538461538461539
0 0.7139423076923077 0.13581730769230768 0.055288461538461536 0.07692307692307693
0 0.7151442307692307 0.2247596153846154 0.07211538461538461 0.0625
0 0.7776442307692307 0.31009615384615385 0.052884615384615384 0.07932692307692307
0 0.8365384615384616 0.018028846153846152 0.0625 0.036057692307692304
0 0.8894230769230769 0.016826923076923076 0.04807692307692308 0.03365384615384615
0 0.9014423076923077 0.2608173076923077 0.055288461538461536 0.08173076923076923
0 0.8497596153846154 0.4423076923076923 0.04567307692307692 0.08173076923076923
0 0.9122596153846154 0.453125 0.052884615384615384 0.052884615384615384
0 0.8641826923076923 0.5036057692307693 0.052884615384615384 0.055288461538461536
0 0.8173076923076923 0.4879807692307692 0.0625 0.055288461538461536
0 0.8016826923076923 0.4362980769230769 0.038461538461538464 0.055288461538461536
0 0.7487980769230769 0.6165865384615384 0.057692307692307696 0.052884615384615384
0 0.7319711538461539 0.6911057692307693 0.057692307692307696 0.0889423076923077
0 0.7944711538461539 0.7331730769230769 0.05048076923076923 0.0673076923076923
0 0.9831730769230769 0.6274038461538461 0.03365384615384615 0.08173076923076923