0 0.3161057692307692 0.05889423076923077 0.04567307692307692 0.07211538461538461
0 0.25961538461538464 0.04447115384615385 0.03365384615384615 0.028846153846153848
0 0.17307692307692307 0.0829326923076923 0.04567307692307692 0.0673076923076923
0 0.19951923076923078 0.17668269230769232 0.04326923076923077 0.052884615384615384
0 0.07932692307692307 0.19110576923076922 0.0673076923076923 0.07211538461538461
0 0.02403846153846154 0.16947115384615385 0.04807692307692308 0.057692307692307696
0 0.042067307692307696 0.12139423076923077 0.04807692307692308 0.040865384615384616
0 0.054086538461538464 0.4423076923076923 0.04807692307692308 0.0673076923076923
0 0.007211538461538462 0.5264423076923077 0.014423076923076924 0.04326923076923077
0 0.016826923076923076 0.5841346153846154 0.028846153846153848 0.06009615384615385
0 0.09134615384615384 0.9627403846153846 0.057692307692307696 0.07451923076923077
0 0.17908653846153846 0.7980769230769231 0.0673076923076923 0.07692307692307693
0 0.19591346153846154 0.8497596153846154 0.07932692307692307 0.07932692307692307
0 0.14302884615384615 0.6622596153846154 0.057692307692307696 0.07932692307692307
0 0.14783653846153846 0.5540865384615384 0.057692307692307696 0.04567307692307692
0 0.2439903846153846 0.5012019230769231 0.04807692307692308 0.07692307692307693
0 0.31971153846153844 0.6478365384615384 0.040865384615384616 0.055288461538461536
0 0.35216346153846156 0.671875 0.04807692307692308 0.0889423076923077
0 0.35697115384615385 0.5192307692307693 0.028846153846153848 0.057692307692307696
0 0.48197115384615385 0.5709134615384616 0.04326923076923077 0.04567307692307692
0 0.40024038461538464 0.0625 0.028846153846153848 0.057692307692307696
0 0.7067307692307693 0.014423076923076924 0.04326923076923077 0.028846153846153848
0 0.7391826923076923 0.06370192307692307 0.06009615384615385 0.07692307692307693
0 0.8305288461538461 0.028846153846153848 0.04567307692307692 0.057692307692307696
0 0.8125 0.1346153846153846 0.057692307692307696 0.09134615384615384
0 0.8389423076923077 0.21153846153846154 0.028846153846153848 0.04567307692307692
0 0.8100961538461539 0.25961538461538464 0.0625 0.06971153846153846
0 0.8930288461538461 0.19471153846153846 0.07692307692307693 0.055288461538461536
0 0.90625 0.234375 0.04807692307692308 0.057692307692307696
0 0.9603365384615384 0.2692307692307692 0.026442307692307692 0.055288461538461536
0 0.9627403846153846 0.3473557692307692 0.04326923076923077 0.03365384615384615
0 0.9519230769230769 0.375 0.06490384615384616 0.06009615384615385
0 0.9471153846153846 0.41466346153846156 0.07211538461538461 0.06009615384615385
0 0.9074519230769231 0.4519230769230769 0.052884615384615384 0.07692307692307693
0 0.8653846153846154 0.4362980769230769 0.036057692307692304 0.04326923076923077
0 0.8221153846153846 0.4050480769230769 0.055288461538461536 0.0625
0 0.8569711538461539 0.49399038461538464 0.040865384615384616 0.05048076923076923
0 0.9771634615384616 0.6826923076923077 0.04567307692307692 0.0625
0 0.9026442307692307 0.8233173076923077 0.08653846153846154 0.08653846153846154
0 0.90625 0.6959134615384616 0.055288461538461536 0.0673076923076923
0 0.8774038461538461 0.5673076923076923 0.07692307692307693 0.07211538461538461
0 0.7920673076923077 0.5096153846153846 0.07451923076923077 0.036057692307692304
0 0.7127403846153846 0.43028846153846156 0.06490384615384616 0.055288461538461536
0 0.6646634615384616 0.5192307692307693 0.04807692307692308 0.055288461538461536
0 0.6370192307692307 0.3713942307692308 0.04326923076923077 0.057692307692307696
0 0.6165865384615384 0.2764423076923077 0.0673076923076923 0.07211538461538461
0 0.671875 0.28725961538461536 0.04807692307692308 0.055288461538461536
0 0.5492788461538461 0.33413461538461536 0.052884615384615384 0.06971153846153846
0 0.5564903846153846 0.1201923076923077 0.057692307692307696 0.06971153846153846
0 0.4411057692307692 0.036057692307692304 0.055288461538461536 0.06490384615384616
0 0.53125 0.5985576923076923 0.03125 0.057692307692307696
0 0.5985576923076923 0.671875 0.052884615384615384 0.06009615384615385
0 0.5901442307692307 0.7079326923076923 0.06490384615384616 0.038461538461538464
0 0.6490384615384616 0.6911057692307693 0.0625 0.06009615384615385
0 0.7103365384615384 0.7007211538461539 0.03125 0.0673076923076923
0 0.7644230769230769 0.7019230769230769 0.04567307692307692 0.08173076923076923
0 0.7908653846153846 0.6069711538461539 0.07451923076923077 0.07692307692307693
0 0.7367788461538461 0.6069711538461539 0.036057692307692304 0.040865384615384616
0 0.6814903846153846 0.8461538461538461 0.06490384615384616 0.0625
0 0.6466346153846154 0.8665865384615384 0.0673076923076923 0.052884615384615384
0 0.6923076923076923 0.9026442307692307 0.04807692307692308 0.04326923076923077
0 0.6694711538461539 0.9567307692307693 0.0625 0.028846153846153848
0 0.5384615384615384 0.8449519230769231 0.07211538461538461 0.06490384615384616
0 0.4483173076923077 0.8245192307692307 0.04807692307692308 0.06009615384615385
0 0.3449519230769231 0.7548076923076923 0.07692307692307693 0.06971153846153846
0 0.2860576923076923 0.9855769230769231 0.07211538461538461 0.028846153846153848
0 0.27283653846153844 0.42427884615384615 0.06009615384615385 0.0673076923076923
0 0.4338942307692308 0.8701923076923077 0.057692307692307696 0.0673076923076923
0 0.3076923076923077 0.8605769230769231 0.05048076923076923 0.07692307692307693
0 0.4266826923076923 0.9471153846153846 0.05048076923076923 0.06490384615384616