0 0.375 0.5348557692307693 0.10096153846153846 0.0985576923076923
0 0.484375 0.6418269230769231 0.10096153846153846 0.0985576923076923
0 0.7776442307692307 0.6286057692307693 0.08173076923076923 0.07932692307692307
0 0.6502403846153846 0.9555288461538461 0.09375 0.0889423076923077
0 0.7980769230769231 0.140625 0.08413461538461539 0.09134615384615384
0 0.46875 0.14423076923076922 0.09375 0.09375
0 0.4483173076923077 0.328125 0.09375 0.07932692307692307
0 0.296875 0.43990384615384615 0.0985576923076923 0.10096153846153846
0 0.42788461538461536 0.8028846153846154 0.08413461538461539 0.08173076923076923
0 0.5024038461538461 0.8269230769230769 0.09134615384615384 0.09134615384615384
0 0.9254807692307693 0.15985576923076922 0.07211538461538461 0.04567307692307692
0 0.5228365384615384 0.9747596153846154 0.0985576923076923 0.05048076923076923
0 0.8401442307692307 0.4014423076923077 0.07451923076923077 0.0673076923076923
0 0.6850961538461539 0.41225961538461536 0.07211538461538461 0.08653846153846154
0 0.16346153846153846 0.546875 0.10336538461538461 0.10576923076923077
0 0.026442307692307692 0.6574519230769231 0.052884615384615384 0.10817307692307693
0 0.35096153846153844 0.6454326923076923 0.07692307692307693 0.09375
0 0.7331730769230769 0.5408653846153846 0.08173076923076923 0.10336538461538461
0 0.9290865384615384 0.42427884615384615 0.10336538461538461 0.12259615384615384
0 0.9723557692307693 0.31009615384615385 0.055288461538461536 0.125
0 0.6153846153846154 0.0829326923076923 0.12259615384615384 0.12740384615384615
0 0.4579326923076923 0.2536057692307692 0.08173076923076923 0.10336538461538461
0 0.6838942307692307 0.2764423076923077 0.09134615384615384 0.10336538461538461
0 0.8353365384615384 0.6682692307692307 0.11778846153846154 0.13701923076923078
0 0.6995192307692307 0.8449519230769231 0.09134615384615384 0.11057692307692307
0 0.43990384615384615 0.5649038461538461 0.10096153846153846 0.11778846153846154
0 0.7872596153846154 0.5853365384615384 0.10096153846153846 0.09134615384615384