0 0.17427884615384615 0.140625 0.04927884615384615 0.06490384615384616
0 0.22355769230769232 0.039663461538461536 0.03365384615384615 0.051682692307692304
0 0.28966346153846156 0.17908653846153846 0.039663461538461536 0.05048076923076923
0 0.30408653846153844 0.23197115384615385 0.026442307692307692 0.04326923076923077
0 0.3389423076923077 0.37259615384615385 0.03125 0.07091346153846154
0 0.31850961538461536 0.375 0.020432692307692308 0.057692307692307696
0 0.17668269230769232 0.3918269230769231 0.03365384615384615 0.06490384615384616
0 0.1622596153846154 0.39903846153846156 0.016826923076923076 0.051682692307692304
0 0.1466346153846154 0.38822115384615385 0.027644230769230768 0.06009615384615385
0 0.11057692307692307 0.3942307692307692 0.04927884615384615 0.036057692307692304
0 0.10817307692307693 0.46153846153846156 0.03485576923076923 0.0673076923076923
0 0.036057692307692304 0.33774038461538464 0.03485576923076923 0.055288461538461536
0 0.24158653846153846 0.5612980769230769 0.03125 0.06850961538461539
0 0.15865384615384615 0.5228365384615384 0.03125 0.03485576923076923
0 0.10576923076923077 0.8076923076923077 0.04567307692307692 0.06490384615384616
0 0.04927884615384615 0.8509615384615384 0.042067307692307696 0.06129807692307692
0 0.07692307692307693 0.8485576923076923 0.020432692307692308 0.04807692307692308
0 0.1935096153846154 0.8918269230769231 0.04567307692307692 0.04447115384615385
0 0.3798076923076923 0.8641826923076923 0.04447115384615385 0.056490384615384616
0 0.42788461538461536 0.8016826923076923 0.05048076923076923 0.054086538461538464
0 0.4483173076923077 0.7139423076923077 0.04927884615384615 0.06490384615384616
0 0.375 0.6610576923076923 0.055288461538461536 0.036057692307692304
0 0.4375 0.5552884615384616 0.027644230769230768 0.07211538461538461
0 0.41225961538461536 0.4362980769230769 0.03485576923076923 0.06610576923076923
0 0.38341346153846156 0.45552884615384615 0.03245192307692308 0.038461538461538464
0 0.4831730769230769 0.38461538461538464 0.03245192307692308 0.06850961538461539
0 0.4675480769230769 0.1622596153846154 0.042067307692307696 0.052884615384615384
0 0.6033653846153846 0.0829326923076923 0.026442307692307692 0.07451923076923077
0 0.578125 0.20793269230769232 0.03245192307692308 0.0673076923076923
0 0.5276442307692307 0.2608173076923077 0.03245192307692308 0.07091346153846154
0 0.5673076923076923 0.3485576923076923 0.03125 0.04326923076923077
0 0.546875 0.3894230769230769 0.037259615384615384 0.06370192307692307
0 0.671875 0.19951923076923078 0.040865384615384616 0.07211538461538461
0 0.6790865384615384 0.328125 0.054086538461538464 0.07932692307692307
0 0.6730769230769231 0.515625 0.038461538461538464 0.054086538461538464
0 0.6526442307692307 0.5637019230769231 0.042067307692307696 0.06370192307692307
0 0.6177884615384616 0.6081730769230769 0.046875 0.039663461538461536
0 0.6670673076923077 0.6370192307692307 0.04447115384615385 0.056490384615384616
0 0.765625 0.6322115384615384 0.055288461538461536 0.08052884615384616
0 0.8365384615384616 0.35697115384615385 0.025240384615384616 0.0829326923076923
0 0.9711538461538461 0.8485576923076923 0.05048076923076923 0.09495192307692307
0 0.9447115384615384 0.7644230769230769 0.03245192307692308 0.052884615384615384
0 0.06370192307692307 0.48197115384615385 0.051682692307692304 0.07692307692307693