0 0.453125 0.38100961538461536 0.0673076923076923 0.06490384615384616
0 0.3918269230769231 0.3004807692307692 0.039663461538461536 0.06490384615384616
0 0.45072115384615385 0.6021634615384616 0.055288461538461536 0.0625
0 0.1502403846153846 0.25600961538461536 0.04807692307692308 0.036057692307692304
0 0.078125 0.3870192307692308 0.040865384615384616 0.06370192307692307
0 0.042067307692307696 0.41466346153846156 0.046875 0.052884615384615384
0 0.828125 0.6706730769230769 0.052884615384615384 0.07451923076923077
0 0.7415865384615384 0.6274038461538461 0.06490384615384616 0.07572115384615384
0 0.6802884615384616 0.6069711538461539 0.05889423076923077 0.0625
0 0.578125 0.6947115384615384 0.0829326923076923 0.08413461538461539
0 0.3137019230769231 0.6838942307692307 0.055288461538461536 0.07451923076923077
0 0.265625 0.6730769230769231 0.046875 0.0625
0 0.30528846153846156 0.8317307692307693 0.056490384615384616 0.054086538461538464
0 0.055288461538461536 0.9146634615384616 0.036057692307692304 0.06370192307692307
0 0.4423076923076923 0.25961538461538464 0.054086538461538464 0.08653846153846154
0 0.5372596153846154 0.2692307692307692 0.055288461538461536 0.052884615384615384
0 0.34615384615384615 0.5204326923076923 0.039663461538461536 0.07932692307692307
0 0.38822115384615385 0.53125 0.06610576923076923 0.078125
0 0.04927884615384615 0.9819711538461539 0.04326923076923077 0.03245192307692308
0 0.015625 0.18870192307692307 0.03125 0.07932692307692307
0 0.015625 0.07692307692307693 0.030048076923076924 0.06610576923076923
0 0.21875 0.8173076923076923 0.046875 0.07572115384615384
0 0.3762019230769231 0.7331730769230769 0.06370192307692307 0.09495192307692307
0 0.5276442307692307 0.8581730769230769 0.056490384615384616 0.08413461538461539
0 0.6502403846153846 0.7836538461538461 0.04326923076923077 0.08413461538461539
0 0.8786057692307693 0.5673076923076923 0.04927884615384615 0.07091346153846154
0 0.6538461538461539 0.40625 0.05889423076923077 0.09975961538461539
0 0.5324519230769231 0.43028846153846156 0.046875 0.0673076923076923
0 0.5012019230769231 0.5108173076923077 0.026442307692307692 0.06370192307692307
0 0.28725961538461536 0.37740384615384615 0.030048076923076924 0.06129807692307692
0 0.23677884615384615 0.29086538461538464 0.036057692307692304 0.06850961538461539
0 0.1045673076923077 0.47596153846153844 0.03365384615384615 0.06971153846153846
0 0.04927884615384615 0.3004807692307692 0.04447115384615385 0.04927884615384615
0 0.7716346153846154 0.078125 0.054086538461538464 0.09495192307692307