0 0.04567307692307692 0.34975961538461536 0.07692307692307693 0.08413461538461539
0 0.2536057692307692 0.5757211538461539 0.06490384615384616 0.07211538461538461
0 0.29086538461538464 0.7259615384615384 0.06490384615384616 0.07211538461538461
0 0.5673076923076923 0.9098557692307693 0.057692307692307696 0.06490384615384616
0 0.6382211538461539 0.9290865384615384 0.06009615384615385 0.06971153846153846
0 0.5685096153846154 0.7992788461538461 0.06490384615384616 0.07451923076923077
0 0.5348557692307693 0.7307692307692307 0.0625 0.07211538461538461
0 0.43149038461538464 0.6875 0.0673076923076923 0.06490384615384616
0 0.5096153846153846 0.6141826923076923 0.06971153846153846 0.07211538461538461
0 0.4266826923076923 0.5456730769230769 0.07692307692307693 0.0889423076923077
0 0.3389423076923077 0.37259615384615385 0.08173076923076923 0.09134615384615384
0 0.29086538461538464 0.296875 0.05048076923076923 0.052884615384615384
0 0.27403846153846156 0.2668269230769231 0.052884615384615384 0.0625
0 0.2860576923076923 0.24158653846153846 0.04567307692307692 0.05048076923076923
0 0.23798076923076922 0.33052884615384615 0.057692307692307696 0.06971153846153846
0 0.23197115384615385 0.3713942307692308 0.06009615384615385 0.06971153846153846
0 0.35216346153846156 0.17668269230769232 0.04567307692307692 0.052884615384615384
0 0.39302884615384615 0.20793269230769232 0.04567307692307692 0.04807692307692308
0 0.4338942307692308 0.23197115384615385 0.052884615384615384 0.06009615384615385
0 0.47115384615384615 0.24278846153846154 0.04807692307692308 0.055288461538461536
0 0.5024038461538461 0.1935096153846154 0.06009615384615385 0.07451923076923077
0 0.4639423076923077 0.39302884615384615 0.055288461538461536 0.0625
0 0.5504807692307693 0.5240384615384616 0.055288461538461536 0.052884615384615384
0 0.6225961538461539 0.59375 0.0673076923076923 0.07451923076923077
0 0.6514423076923077 0.6706730769230769 0.06009615384615385 0.0625
0 0.7560096153846154 0.7764423076923077 0.06971153846153846 0.07692307692307693
0 0.75 0.8485576923076923 0.05048076923076923 0.052884615384615384
0 0.7740384615384616 0.9002403846153846 0.04326923076923077 0.04326923076923077
0 0.7920673076923077 0.6514423076923077 0.06971153846153846 0.06971153846153846
0 0.7608173076923077 0.5805288461538461 0.05048076923076923 0.055288461538461536
0 0.7451923076923077 0.5168269230769231 0.07451923076923077 0.08413461538461539
0 0.6286057692307693 0.35096153846153844 0.057692307692307696 0.07451923076923077
0 0.5985576923076923 0.20072115384615385 0.04807692307692308 0.052884615384615384
0 0.6310096153846154 0.1346153846153846 0.055288461538461536 0.055288461538461536
0 0.6370192307692307 0.11057692307692307 0.052884615384615384 0.055288461538461536
0 0.6189903846153846 0.036057692307692304 0.055288461538461536 0.057692307692307696
0 0.5588942307692307 0.05889423076923077 0.057692307692307696 0.06009615384615385
0 0.765625 0.23798076923076922 0.06009615384615385 0.07451923076923077
0 0.7475961538461539 0.25721153846153844 0.04567307692307692 0.055288461538461536
0 0.7271634615384616 0.3713942307692308 0.04326923076923077 0.040865384615384616
0 0.671875 0.28725961538461536 0.055288461538461536 0.0673076923076923
0 0.8774038461538461 0.38341346153846156 0.05048076923076923 0.0625
0 0.8052884615384616 0.484375 0.04326923076923077 0.040865384615384616
0 0.8461538461538461 0.5204326923076923 0.052884615384615384 0.052884615384615384
0 0.8834134615384616 0.5805288461538461 0.055288461538461536 0.055288461538461536
0 0.8209134615384616 0.5865384615384616 0.052884615384615384 0.06490384615384616
0 0.84375 0.6310096153846154 0.06009615384615385 0.07211538461538461
0 0.9158653846153846 0.7475961538461539 0.05048076923076923 0.04326923076923077
0 0.9831730769230769 0.7560096153846154 0.03365384615384615 0.04567307692307692
0 0.6298076923076923 0.296875 0.07211538461538461 0.06971153846153846
0 0.8064903846153846 0.4375 0.057692307692307696 0.0673076923076923