0 0.41466346153846156 0.5889423076923077 0.0889423076923077 0.0889423076923077
0 0.5889423076923077 0.6538461538461539 0.11899038461538461 0.05048076923076923
0 0.5240384615384616 0.5264423076923077 0.07451923076923077 0.03485576923076923
0 0.43990384615384615 0.27884615384615385 0.06971153846153846 0.054086538461538464
0 0.23197115384615385 0.296875 0.08052884615384616 0.05048076923076923
0 0.27524038461538464 0.21754807692307693 0.0829326923076923 0.07692307692307693
0 0.5612980769230769 0.17307692307692307 0.055288461538461536 0.07932692307692307
0 0.5865384615384616 0.3125 0.04927884615384615 0.05889423076923077
0 0.8329326923076923 0.5877403846153846 0.09375 0.09134615384615384
0 0.24639423076923078 0.6538461538461539 0.07692307692307693 0.078125
0 0.4326923076923077 0.8245192307692307 0.0625 0.08173076923076923
0 0.625 0.8353365384615384 0.08774038461538461 0.0829326923076923
0 0.5108173076923077 0.90625 0.07091346153846154 0.078125
0 0.9555288461538461 0.6201923076923077 0.0673076923076923 0.13341346153846154
0 0.96875 0.47716346153846156 0.0625 0.05048076923076923
0 0.9555288461538461 0.17427884615384615 0.055288461538461536 0.0733173076923077
0 0.5048076923076923 0.34975961538461536 0.052884615384615384 0.0829326923076923
0 0.33413461538461536 0.6502403846153846 0.07451923076923077 0.07451923076923077
0 0.31490384615384615 0.9423076923076923 0.06610576923076923 0.055288461538461536
0 0.13822115384615385 0.671875 0.05889423076923077 0.06971153846153846
0 0.28725961538461536 0.4651442307692308 0.08533653846153846 0.04447115384615385
0 0.6322115384615384 0.578125 0.06370192307692307 0.040865384615384616
0 0.6033653846153846 0.6201923076923077 0.06610576923076923 0.04807692307692308
0 0.7920673076923077 0.4831730769230769 0.046875 0.06490384615384616
0 0.18509615384615385 0.203125 0.056490384615384616 0.07692307692307693
0 0.13581730769230768 0.17668269230769232 0.06971153846153846 0.05048076923076923