0 0.5769230769230769 0.4387019230769231 0.0985576923076923 0.09615384615384616
0 0.38221153846153844 0.13581730769230768 0.09615384615384616 0.09134615384615384
0 0.4567307692307692 0.055288461538461536 0.14423076923076922 0.11057692307692307
0 0.6706730769230769 0.051682692307692304 0.1346153846153846 0.10336538461538461
0 0.6286057692307693 0.10817307692307693 0.07692307692307693 0.07692307692307693
0 0.5733173076923077 0.11778846153846154 0.08173076923076923 0.08653846153846154
0 0.7872596153846154 0.33774038461538464 0.10096153846153846 0.10096153846153846
0 0.8064903846153846 0.4230769230769231 0.08173076923076923 0.07932692307692307
0 0.7800480769230769 0.5552884615384616 0.07692307692307693 0.07211538461538461
0 0.6574519230769231 0.7139423076923077 0.12259615384615384 0.125
0 0.7908653846153846 0.6742788461538461 0.15144230769230768 0.1466346153846154
0 0.65625 0.9026442307692307 0.11057692307692307 0.11057692307692307
0 0.15264423076923078 0.6526442307692307 0.09375 0.09615384615384616
0 0.6201923076923077 0.3161057692307692 0.11538461538461539 0.1201923076923077
0 0.5973557692307693 0.37740384615384615 0.08653846153846154 0.0889423076923077
0 0.3713942307692308 0.18870192307692307 0.08413461538461539 0.0889423076923077
0 0.7920673076923077 0.8641826923076923 0.08653846153846154 0.08653846153846154