0 0.20432692307692307 0.8557692307692307 0.04807692307692308 0.055288461538461536
0 0.10697115384615384 0.6850961538461539 0.040865384615384616 0.04326923076923077
0 0.25721153846153844 0.4963942307692308 0.052884615384615384 0.055288461538461536
0 0.38461538461538464 0.46634615384615385 0.052884615384615384 0.057692307692307696
0 0.5108173076923077 0.46875 0.04567307692307692 0.05048076923076923
0 0.5144230769230769 0.5408653846153846 0.05048076923076923 0.057692307692307696
0 0.4579326923076923 0.5625 0.06490384615384616 0.07692307692307693
0 0.5444711538461539 0.5721153846153846 0.052884615384615384 0.06009615384615385
0 0.6201923076923077 0.5108173076923077 0.04567307692307692 0.055288461538461536
0 0.6983173076923077 0.2283653846153846 0.05048076923076923 0.055288461538461536
0 0.5480769230769231 0.07211538461538461 0.05048076923076923 0.057692307692307696
0 0.41346153846153844 0.27884615384615385 0.04807692307692308 0.05048076923076923
0 0.5336538461538461 0.3798076923076923 0.04326923076923077 0.05048076923076923
0 0.4074519230769231 0.38221153846153844 0.04807692307692308 0.05048076923076923
0 0.0829326923076923 0.78125 0.036057692307692304 0.038461538461538464
0 0.3016826923076923 0.9014423076923077 0.04567307692307692 0.04807692307692308
0 0.3329326923076923 0.9819711538461539 0.021634615384615384 0.019230769230769232
0 0.9254807692307693 0.578125 0.03365384615384615 0.038461538461538464
0 0.9951923076923077 0.41466346153846156 0.009615384615384616 0.040865384615384616
0 0.9471153846153846 0.5108173076923077 0.040865384615384616 0.040865384615384616
0 0.5757211538461539 0.7319711538461539 0.040865384615384616 0.04567307692307692
0 0.6526442307692307 0.5673076923076923 0.04807692307692308 0.05048076923076923
0 0.7776442307692307 0.42908653846153844 0.04807692307692308 0.057692307692307696
0 0.9014423076923077 0.5228365384615384 0.04326923076923077 0.05048076923076923
0 0.65625 0.4567307692307692 0.040865384615384616 0.04567307692307692
0 0.3329326923076923 0.4807692307692308 0.040865384615384616 0.04567307692307692
0 0.39903846153846156 0.5985576923076923 0.040865384615384616 0.04326923076923077
0 0.4230769230769231 0.47716346153846156 0.040865384615384616 0.040865384615384616
0 0.5637019230769231 0.33052884615384615 0.038461538461538464 0.040865384615384616
0 0.6334134615384616 0.28125 0.038461538461538464 0.04326923076923077
0 0.43149038461538464 0.30288461538461536 0.038461538461538464 0.04567307692307692
0 0.5324519230769231 0.18389423076923078 0.040865384615384616 0.04326923076923077
0 0.4387019230769231 0.9891826923076923 0.05048076923076923 0.021634615384615384
0 0.5865384615384616 0.9903846153846154 0.03365384615384615 0.019230769230769232
0 0.7788461538461539 0.921875 0.038461538461538464 0.04567307692307692
0 0.8329326923076923 0.6129807692307693 0.04326923076923077 0.04567307692307692
0 0.8509615384615384 0.6778846153846154 0.04567307692307692 0.04567307692307692
0 0.8137019230769231 0.7692307692307693 0.052884615384615384 0.057692307692307696
0 0.7115384615384616 0.7692307692307693 0.052884615384615384 0.055288461538461536
0 0.6213942307692307 0.7451923076923077 0.038461538461538464 0.04326923076923077
0 0.7127403846153846 0.984375 0.04567307692307692 0.03125
0 0.6045673076923077 0.4831730769230769 0.04807692307692308 0.052884615384615384
0 0.7439903846153846 0.3485576923076923 0.05048076923076923 0.055288461538461536
0 0.5336538461538461 0.32572115384615385 0.04326923076923077 0.04567307692307692
0 0.53125 0.28125 0.040865384615384616 0.04567307692307692
0 0.46634615384615385 0.24879807692307693 0.05048076923076923 0.052884615384615384
0 0.44591346153846156 0.2548076923076923 0.02403846153846154 0.02403846153846154
0 0.4567307692307692 0.18028846153846154 0.04326923076923077 0.04567307692307692
0 0.2512019230769231 0.9242788461538461 0.038461538461538464 0.03125
0 0.0829326923076923 0.8125 0.02403846153846154 0.026442307692307692
0 0.09014423076923077 0.734375 0.05048076923076923 0.06009615384615385
0 0.28125 0.6189903846153846 0.057692307692307696 0.0625
0 0.515625 0.07211538461538461 0.04807692307692308 0.052884615384615384
0 0.6346153846153846 0.1778846153846154 0.07211538461538461 0.07211538461538461
0 0.7223557692307693 0.18269230769230768 0.06009615384615385 0.06490384615384616
0 0.8028846153846154 0.21394230769230768 0.038461538461538464 0.04326923076923077
0 0.6923076923076923 0.3329326923076923 0.06009615384615385 0.06971153846153846
0 0.6911057692307693 0.28846153846153844 0.05048076923076923 0.055288461538461536