0 0.2283653846153846 0.08653846153846154 0.0625 0.07451923076923077
0 0.2932692307692308 0.008413461538461538 0.04326923076923077 0.016826923076923076
0 0.34375 0.14423076923076922 0.04807692307692308 0.06009615384615385
0 0.35096153846153844 0.20192307692307693 0.03365384615384615 0.05048076923076923
0 0.36778846153846156 0.3557692307692308 0.04326923076923077 0.07932692307692307
0 0.34375 0.3557692307692308 0.03125 0.06490384615384616
0 0.19230769230769232 0.35216346153846156 0.04326923076923077 0.07451923076923077
0 0.17668269230769232 0.3581730769230769 0.026442307692307692 0.057692307692307696
0 0.16105769230769232 0.3449519230769231 0.038461538461538464 0.0673076923076923
0 0.12259615384615384 0.3449519230769231 0.055288461538461536 0.04326923076923077
0 0.11057692307692307 0.41586538461538464 0.04807692307692308 0.07692307692307693
0 0.051682692307692304 0.27403846153846156 0.04567307692307692 0.0625
0 0.23557692307692307 0.5408653846153846 0.04326923076923077 0.07692307692307693
0 0.15504807692307693 0.4879807692307692 0.036057692307692304 0.040865384615384616
0 0.056490384615384616 0.78125 0.057692307692307696 0.07692307692307693
0 0.007211538461538462 0.8161057692307693 0.014423076923076924 0.06971153846153846
0 0.019230769230769232 0.8197115384615384 0.028846153846153848 0.052884615384615384
0 0.13701923076923078 0.8822115384615384 0.055288461538461536 0.055288461538461536
0 0.33774038461538464 0.8810096153846154 0.055288461538461536 0.0673076923076923
0 0.39663461538461536 0.8221153846153846 0.0625 0.06490384615384616
0 0.43028846153846156 0.7331730769230769 0.0625 0.07451923076923077
0 0.3629807692307692 0.6658653846153846 0.0625 0.04567307692307692
0 0.44350961538461536 0.5637019230769231 0.038461538461538464 0.07932692307692307
0 0.4338942307692308 0.4338942307692308 0.04567307692307692 0.07451923076923077
0 0.4014423076923077 0.4495192307692308 0.040865384615384616 0.04567307692307692
0 0.5180288461538461 0.3894230769230769 0.04567307692307692 0.07692307692307693
0 0.5336538461538461 0.15264423076923078 0.052884615384615384 0.0625
0 0.6887019230769231 0.09014423076923077 0.038461538461538464 0.08173076923076923
0 0.6442307692307693 0.21754807692307693 0.04326923076923077 0.07692307692307693
0 0.5829326923076923 0.265625 0.04567307692307692 0.07932692307692307
0 0.6117788461538461 0.3641826923076923 0.040865384615384616 0.05048076923076923
0 0.5841346153846154 0.4050480769230769 0.05048076923076923 0.07211538461538461
0 0.7451923076923077 0.22355769230769232 0.052884615384615384 0.08173076923076923
0 0.7331730769230769 0.359375 0.06971153846153846 0.09134615384615384
0 0.6983173076923077 0.5564903846153846 0.04807692307692308 0.0625
0 0.6694711538461539 0.6057692307692307 0.055288461538461536 0.07211538461538461
0 0.6262019230769231 0.6454326923076923 0.055288461538461536 0.04807692307692308
0 0.6742788461538461 0.6850961538461539 0.055288461538461536 0.0673076923076923
0 0.7788461538461539 0.6935096153846154 0.06971153846153846 0.09375
0 0.8942307692307693 0.41346153846153844 0.038461538461538464 0.09134615384615384
0 0.9423076923076923 0.8581730769230769 0.03125 0.06009615384615385
0 0.05889423076923077 0.43028846153846156 0.0673076923076923 0.0889423076923077