0 0.6189903846153846 0.3233173076923077 0.0673076923076923 0.06971153846153846
0 0.6875 0.33413461538461536 0.07211538461538461 0.07451923076923077
0 0.7115384615384616 0.38461538461538464 0.05048076923076923 0.05048076923076923
0 0.7271634615384616 0.4050480769230769 0.06971153846153846 0.0673076923076923
0 0.8774038461538461 0.49038461538461536 0.08173076923076923 0.08173076923076923
0 0.8389423076923077 0.5985576923076923 0.0625 0.0673076923076923
0 0.8641826923076923 0.6586538461538461 0.06490384615384616 0.06971153846153846
0 0.9603365384615384 0.5661057692307693 0.04567307692307692 0.05048076923076923
0 0.65625 0.9519230769230769 0.05048076923076923 0.055288461538461536
0 0.5072115384615384 0.9543269230769231 0.057692307692307696 0.06009615384615385
0 0.5745192307692307 0.8942307692307693 0.057692307692307696 0.0625
0 0.5793269230769231 0.9387019230769231 0.04807692307692308 0.04807692307692308
0 0.6454326923076923 0.8461538461538461 0.04807692307692308 0.052884615384615384
0 0.6394230769230769 0.7932692307692307 0.06009615384615385 0.06009615384615385
0 0.6009615384615384 0.7103365384615384 0.06009615384615385 0.057692307692307696
0 0.4098557692307692 0.9146634615384616 0.08653846153846154 0.0889423076923077
0 0.40625 0.7848557692307693 0.06490384615384616 0.0673076923076923
0 0.17427884615384615 0.8028846153846154 0.06490384615384616 0.06490384615384616
0 0.1971153846153846 0.7740384615384616 0.04807692307692308 0.05048076923076923
0 0.1502403846153846 0.8509615384615384 0.040865384615384616 0.038461538461538464
0 0.35697115384615385 0.5276442307692307 0.04326923076923077 0.04567307692307692
0 0.35336538461538464 0.49278846153846156 0.0625 0.0673076923076923
0 0.3112980769230769 0.484375 0.055288461538461536 0.057692307692307696
0 0.28365384615384615 0.5673076923076923 0.0673076923076923 0.06971153846153846
0 0.5973557692307693 0.3786057692307692 0.04326923076923077 0.04326923076923077
0 0.5480769230769231 0.5204326923076923 0.055288461538461536 0.06009615384615385
0 0.47596153846153844 0.5709134615384616 0.06009615384615385 0.057692307692307696
0 0.6141826923076923 0.5180288461538461 0.055288461538461536 0.057692307692307696
0 0.6502403846153846 0.27163461538461536 0.057692307692307696 0.06009615384615385
0 0.5 0.2764423076923077 0.06009615384615385 0.057692307692307696
0 0.44471153846153844 0.45072115384615385 0.06009615384615385 0.0625
0 0.22716346153846154 0.6923076923076923 0.07451923076923077 0.07692307692307693
0 0.5697115384615384 0.3449519230769231 0.06971153846153846 0.07692307692307693
0 0.5661057692307693 0.3076923076923077 0.06971153846153846 0.07932692307692307
0 0.11658653846153846 0.20192307692307693 0.07451923076923077 0.08413461538461539
0 0.3870192307692308 0.3581730769230769 0.08413461538461539 0.0889423076923077