0 0.234375 0.25240384615384615 0.06490384615384616 0.06490384615384616
0 0.23557692307692307 0.11298076923076923 0.06009615384615385 0.09375
0 0.21875 0.08173076923076923 0.057692307692307696 0.057692307692307696
0 0.13942307692307693 0.026442307692307692 0.028846153846153848 0.052884615384615384
0 0.1201923076923077 0.08173076923076923 0.02403846153846154 0.04807692307692308
0 0.14783653846153846 0.30288461538461536 0.03365384615384615 0.04807692307692308
0 0.20793269230769232 0.3641826923076923 0.06009615384615385 0.06971153846153846
0 0.15504807692307693 0.5072115384615384 0.057692307692307696 0.0673076923076923
0 0.12379807692307693 0.5709134615384616 0.06490384615384616 0.06971153846153846
0 0.08173076923076923 0.515625 0.06009615384615385 0.06490384615384616
0 0.056490384615384616 0.5961538461538461 0.055288461538461536 0.05048076923076923
0 0.010817307692307692 0.46153846153846156 0.021634615384615384 0.07692307692307693
0 0.021634615384615384 0.6850961538461539 0.04326923076923077 0.07211538461538461
0 0.018028846153846152 0.7992788461538461 0.036057692307692304 0.06490384615384616
0 0.055288461538461536 0.6646634615384616 0.06490384615384616 0.0673076923076923
0 0.12620192307692307 0.6730769230769231 0.0673076923076923 0.07211538461538461
0 0.17067307692307693 0.6201923076923077 0.055288461538461536 0.06009615384615385
0 0.20432692307692307 0.5276442307692307 0.06490384615384616 0.07692307692307693
0 0.3581730769230769 0.4543269230769231 0.07451923076923077 0.07211538461538461
0 0.421875 0.41346153846153844 0.04807692307692308 0.06490384615384616
0 0.44591346153846156 0.3425480769230769 0.0673076923076923 0.06971153846153846
0 0.5072115384615384 0.33052884615384615 0.04326923076923077 0.052884615384615384
0 0.5072115384615384 0.28365384615384615 0.0673076923076923 0.07692307692307693
0 0.5817307692307693 0.234375 0.06009615384615385 0.06490384615384616
0 0.6947115384615384 0.22956730769230768 0.08173076923076923 0.10576923076923077
0 0.6045673076923077 0.5072115384615384 0.07211538461538461 0.0673076923076923
0 0.5228365384615384 0.5913461538461539 0.04807692307692308 0.06971153846153846
0 0.4855769230769231 0.6670673076923077 0.052884615384615384 0.06490384615384616
0 0.40384615384615385 0.7752403846153846 0.05048076923076923 0.07451923076923077
0 0.2980769230769231 0.8173076923076923 0.07451923076923077 0.09375
0 0.29447115384615385 0.7067307692307693 0.0673076923076923 0.07932692307692307
0 0.34134615384615385 0.6153846153846154 0.057692307692307696 0.055288461538461536
0 0.40865384615384615 0.8870192307692307 0.06009615384615385 0.06490384615384616
0 0.5084134615384616 0.8040865384615384 0.0673076923076923 0.09375
0 0.7524038461538461 0.4639423076923077 0.06490384615384616 0.07211538461538461
0 0.8389423076923077 0.45072115384615385 0.057692307692307696 0.07451923076923077
0 0.8677884615384616 0.46033653846153844 0.052884615384615384 0.06490384615384616
0 0.9314903846153846 0.390625 0.06490384615384616 0.0889423076923077
0 0.8918269230769231 0.6442307692307693 0.0625 0.07932692307692307
0 0.6538461538461539 0.9026442307692307 0.0673076923076923 0.0985576923076923
0 0.578125 0.43149038461538464 0.05048076923076923 0.0625
0 0.5420673076923077 0.15144230769230768 0.06009615384615385 0.0625
0 0.9675480769230769 0.4951923076923077 0.06490384615384616 0.10576923076923077