0 0.30288461538461536 0.3605769230769231 0.0673076923076923 0.06490384615384616
0 0.22596153846153846 0.5913461538461539 0.07932692307692307 0.14423076923076922
0 0.09975961538461539 0.9266826923076923 0.07211538461538461 0.10817307692307693
0 0.37740384615384615 0.8581730769230769 0.0985576923076923 0.07211538461538461
0 0.375 0.7872596153846154 0.0889423076923077 0.11057692307692307
0 0.6237980769230769 0.6658653846153846 0.05048076923076923 0.10817307692307693
0 0.6538461538461539 0.7151442307692307 0.06971153846153846 0.11538461538461539
0 0.7824519230769231 0.765625 0.04807692307692308 0.09615384615384616
0 0.7836538461538461 0.6033653846153846 0.04807692307692308 0.13221153846153846
0 0.7608173076923077 0.5625 0.05048076923076923 0.08173076923076923
0 0.6322115384615384 0.2764423076923077 0.09134615384615384 0.10336538461538461
0 0.5276442307692307 0.515625 0.11298076923076923 0.15384615384615385
0 0.5661057692307693 0.140625 0.0625 0.10336538461538461
0 0.6081730769230769 0.06009615384615385 0.07211538461538461 0.1201923076923077
0 0.6706730769230769 0.021634615384615384 0.057692307692307696 0.04326923076923077
0 0.38341346153846156 0.46153846153846156 0.11298076923076923 0.16346153846153846
0 0.3762019230769231 0.5721153846153846 0.0673076923076923 0.10336538461538461
0 0.057692307692307696 0.6995192307692307 0.08653846153846154 0.1201923076923077