0 0.2848557692307692 0.3389423076923077 0.03365384615384615 0.040865384615384616
0 0.7920673076923077 0.09134615384615384 0.04326923076923077 0.05048076923076923
0 0.7596153846153846 0.16466346153846154 0.03365384615384615 0.05048076923076923
0 0.7319711538461539 0.17067307692307693 0.028846153846153848 0.038461538461538464
0 0.6682692307692307 0.19471153846153846 0.040865384615384616 0.052884615384615384
0 0.8004807692307693 0.296875 0.04567307692307692 0.06971153846153846
0 0.6766826923076923 0.5348557692307693 0.036057692307692304 0.0625
0 0.6334134615384616 0.6478365384615384 0.03365384615384615 0.0673076923076923
0 0.6526442307692307 0.9074519230769231 0.038461538461538464 0.04567307692307692
0 0.5240384615384616 0.8209134615384616 0.038461538461538464 0.06971153846153846
0 0.46634615384615385 0.8221153846153846 0.021634615384615384 0.04326923076923077
0 0.45913461538461536 0.8545673076923077 0.019230769230769232 0.05048076923076923
0 0.46875 0.7379807692307693 0.036057692307692304 0.036057692307692304
0 0.49759615384615385 0.5661057692307693 0.026442307692307692 0.06009615384615385
0 0.5612980769230769 0.48197115384615385 0.03125 0.052884615384615384
0 0.5120192307692307 0.3858173076923077 0.02403846153846154 0.05048076923076923
0 0.5276442307692307 0.33653846153846156 0.03125 0.0625
0 0.5697115384615384 0.26322115384615385 0.040865384615384616 0.055288461538461536
0 0.5925480769230769 0.04326923076923077 0.04807692307692308 0.06971153846153846
0 0.5048076923076923 0.057692307692307696 0.038461538461538464 0.04567307692307692
0 0.4579326923076923 0.09375 0.04326923076923077 0.04326923076923077
0 0.47115384615384615 0.13822115384615385 0.040865384615384616 0.04326923076923077
0 0.4182692307692308 0.21634615384615385 0.038461538461538464 0.06490384615384616
0 0.43028846153846156 0.16466346153846154 0.04807692307692308 0.052884615384615384
0 0.390625 0.25721153846153844 0.052884615384615384 0.07451923076923077
0 0.39783653846153844 0.38221153846153844 0.038461538461538464 0.055288461538461536
0 0.38461538461538464 0.45913461538461536 0.04326923076923077 0.04567307692307692
0 0.3954326923076923 0.5420673076923077 0.038461538461538464 0.040865384615384616
0 0.3942307692307692 0.6598557692307693 0.05048076923076923 0.057692307692307696
0 0.3389423076923077 0.8317307692307693 0.03125 0.036057692307692304
0 0.35697115384615385 0.8786057692307693 0.038461538461538464 0.038461538461538464
0 0.3088942307692308 0.7740384615384616 0.03365384615384615 0.055288461538461536
0 0.2644230769230769 0.7872596153846154 0.04326923076923077 0.0625
0 0.203125 0.7367788461538461 0.026442307692307692 0.04326923076923077
0 0.15264423076923078 0.7596153846153846 0.040865384615384616 0.03125
0 0.12980769230769232 0.7824519230769231 0.040865384615384616 0.04326923076923077
0 0.15625 0.8509615384615384 0.040865384615384616 0.05048076923076923
0 0.1045673076923077 0.8389423076923077 0.04326923076923077 0.038461538461538464
0 0.12740384615384615 0.6310096153846154 0.026442307692307692 0.05048076923076923
0 0.10336538461538461 0.6213942307692307 0.036057692307692304 0.04807692307692308
0 0.18990384615384615 0.6382211538461539 0.036057692307692304 0.07211538461538461
0 0.18870192307692307 0.5661057692307693 0.038461538461538464 0.04567307692307692
0 0.17067307692307693 0.4807692307692308 0.038461538461538464 0.04807692307692308
0 0.25961538461538464 0.6177884615384616 0.03125 0.0625
0 0.10336538461538461 0.47836538461538464 0.036057692307692304 0.06490384615384616
0 0.20673076923076922 0.44471153846153844 0.038461538461538464 0.040865384615384616
0 0.18629807692307693 0.3954326923076923 0.04326923076923077 0.05048076923076923
0 0.25841346153846156 0.4519230769230769 0.04326923076923077 0.0625
0 0.27884615384615385 0.39663461538461536 0.04567307692307692 0.0625
0 0.23798076923076922 0.3786057692307692 0.040865384615384616 0.052884615384615384
0 0.19591346153846154 0.3389423076923077 0.038461538461538464 0.04567307692307692
0 0.11899038461538461 0.3112980769230769 0.03125 0.057692307692307696
0 0.25240384615384615 0.328125 0.04326923076923077 0.0625
0 0.25600961538461536 0.22115384615384615 0.04326923076923077 0.055288461538461536
0 0.2620192307692308 0.11899038461538461 0.04567307692307692 0.07211538461538461
0 0.203125 0.17067307692307693 0.026442307692307692 0.052884615384615384
0 0.2439903846153846 0.020432692307692308 0.03125 0.040865384615384616
0 0.2283653846153846 0.008413461538461538 0.038461538461538464 0.016826923076923076
0 0.13701923076923078 0.016826923076923076 0.038461538461538464 0.03365384615384615
0 0.4651442307692308 0.484375 0.036057692307692304 0.04326923076923077
0 0.46274038461538464 0.015625 0.040865384615384616 0.03125
0 0.5420673076923077 0.20192307692307693 0.03125 0.04807692307692308
0 0.8509615384615384 0.17067307692307693 0.08653846153846154 0.10576923076923077