0 0.22235576923076922 0.3629807692307692 0.08173076923076923 0.07932692307692307
0 0.24879807692307693 0.4098557692307692 0.07692307692307693 0.07932692307692307
0 0.2956730769230769 0.46634615384615385 0.08173076923076923 0.08173076923076923
0 0.06971153846153846 0.40865384615384615 0.07211538461538461 0.07211538461538461
0 0.027644230769230768 0.36538461538461536 0.055288461538461536 0.08173076923076923
0 0.04567307692307692 0.6694711538461539 0.07451923076923077 0.07451923076923077
0 0.36778846153846156 0.5841346153846154 0.09615384615384616 0.09615384615384616
0 0.4735576923076923 0.6418269230769231 0.09615384615384616 0.09615384615384616
0 0.4855769230769231 0.42788461538461536 0.07692307692307693 0.07692307692307693
0 0.6225961538461539 0.4675480769230769 0.11298076923076923 0.11538461538461539
0 0.515625 0.07692307692307693 0.09615384615384616 0.0985576923076923
0 0.4230769230769231 0.06610576923076923 0.06009615384615385 0.06009615384615385
0 0.3605769230769231 0.03125 0.0673076923076923 0.0625
0 0.5793269230769231 0.21875 0.11298076923076923 0.11538461538461539
0 0.6478365384615384 0.08774038461538461 0.0673076923076923 0.0673076923076923
0 0.6826923076923077 0.057692307692307696 0.06490384615384616 0.06490384615384616
0 0.6598557692307693 0.12980769230769232 0.0625 0.0625
0 0.6935096153846154 0.10817307692307693 0.04807692307692308 0.04807692307692308
0 0.7608173076923077 0.2800480769230769 0.07932692307692307 0.07932692307692307
0 0.8197115384615384 0.25841346153846156 0.07692307692307693 0.07692307692307693
0 0.9735576923076923 0.5997596153846154 0.052884615384615384 0.09375
0 0.8737980769230769 0.6225961538461539 0.09615384615384616 0.09615384615384616
0 0.8449519230769231 0.7139423076923077 0.08413461538461539 0.08413461538461539
0 0.7728365384615384 0.7415865384615384 0.0889423076923077 0.09134615384615384
0 0.6358173076923077 0.8317307692307693 0.09375 0.09615384615384616
0 0.4723557692307692 0.9086538461538461 0.0985576923076923 0.0985576923076923
0 0.359375 0.9603365384615384 0.10336538461538461 0.07932692307692307
0 0.26802884615384615 0.8209134615384616 0.07211538461538461 0.07211538461538461