0 0.2692307692307692 0.15985576923076922 0.06009615384615385 0.08413461538461539
0 0.3076923076923077 0.14783653846153846 0.040865384615384616 0.05048076923076923
0 0.3317307692307692 0.09375 0.07211538461538461 0.08173076923076923
0 0.49399038461538464 0.15745192307692307 0.07451923076923077 0.07211538461538461
0 0.5384615384615384 0.2956730769230769 0.06490384615384616 0.09615384615384616
0 0.5372596153846154 0.4014423076923077 0.055288461538461536 0.06490384615384616
0 0.5552884615384616 0.45072115384615385 0.0673076923076923 0.07211538461538461
0 0.44471153846153844 0.36778846153846156 0.0889423076923077 0.08653846153846154
0 0.4074519230769231 0.5288461538461539 0.08413461538461539 0.10817307692307693
0 0.3125 0.3894230769230769 0.0673076923076923 0.07451923076923077
0 0.2512019230769231 0.5120192307692307 0.055288461538461536 0.0889423076923077
0 0.2512019230769231 0.7163461538461539 0.06009615384615385 0.0673076923076923
0 0.2644230769230769 0.8064903846153846 0.08413461538461539 0.0985576923076923
0 0.31009615384615385 0.7103365384615384 0.04807692307692308 0.055288461538461536
0 0.4230769230769231 0.7403846153846154 0.07932692307692307 0.07211538461538461
0 0.6526442307692307 0.30288461538461536 0.07451923076923077 0.10336538461538461
0 0.71875 0.35096153846153844 0.0673076923076923 0.09134615384615384
0 0.7247596153846154 0.23317307692307693 0.07451923076923077 0.12259615384615384
0 0.7800480769230769 0.25240384615384615 0.0625 0.09134615384615384
0 0.7956730769230769 0.3557692307692308 0.0889423076923077 0.11298076923076923
0 0.8641826923076923 0.3762019230769231 0.04807692307692308 0.07932692307692307
0 0.7283653846153846 0.05048076923076923 0.0673076923076923 0.08653846153846154
0 0.9387019230769231 0.6658653846153846 0.07211538461538461 0.10817307692307693