0 0.17307692307692307 0.042067307692307696 0.06009615384615385 0.06971153846153846
0 0.140625 0.04447115384615385 0.038461538461538464 0.055288461538461536
0 0.3641826923076923 0.15144230769230768 0.0889423076923077 0.07211538461538461
0 0.31490384615384615 0.27283653846153844 0.0625 0.06490384615384616
0 0.3629807692307692 0.36177884615384615 0.0625 0.057692307692307696
0 0.21033653846153846 0.34975961538461536 0.06971153846153846 0.06971153846153846
0 0.26802884615384615 0.4831730769230769 0.06009615384615385 0.07451923076923077
0 0.3245192307692308 0.5 0.07692307692307693 0.08173076923076923
0 0.20432692307692307 0.5637019230769231 0.05048076923076923 0.08173076923076923
0 0.09735576923076923 0.5841346153846154 0.07932692307692307 0.08653846153846154
0 0.03125 0.515625 0.0625 0.06009615384615385
0 0.03365384615384615 0.4387019230769231 0.06490384615384616 0.08413461538461539
0 0.013221153846153846 0.7367788461538461 0.026442307692307692 0.06490384615384616
0 0.09975961538461539 0.6935096153846154 0.057692307692307696 0.06490384615384616
0 0.1466346153846154 0.7139423076923077 0.0625 0.08653846153846154
0 0.19471153846153846 0.7295673076923077 0.06009615384615385 0.07451923076923077
0 0.11057692307692307 0.7584134615384616 0.0673076923076923 0.07211538461538461
0 0.054086538461538464 0.8521634615384616 0.05048076923076923 0.038461538461538464
0 0.3737980769230769 0.7980769230769231 0.10576923076923077 0.11057692307692307
0 0.41466346153846156 0.625 0.06490384615384616 0.07211538461538461
0 0.42788461538461536 0.5793269230769231 0.0625 0.052884615384615384
0 0.4170673076923077 0.44471153846153844 0.0625 0.06490384615384616
0 0.5552884615384616 0.3858173076923077 0.06490384615384616 0.0673076923076923
0 0.5192307692307693 0.2824519230769231 0.08173076923076923 0.08173076923076923
0 0.6105769230769231 0.22956730769230768 0.06009615384615385 0.0673076923076923
0 0.7019230769230769 0.4855769230769231 0.07211538461538461 0.08173076923076923
0 0.8762019230769231 0.36778846153846156 0.06490384615384616 0.07211538461538461
0 0.8173076923076923 0.53125 0.04567307692307692 0.04567307692307692
0 0.8329326923076923 0.6418269230769231 0.0673076923076923 0.0673076923076923
0 0.796875 0.609375 0.06009615384615385 0.06490384615384616
0 0.7259615384615384 0.5793269230769231 0.08173076923076923 0.055288461538461536
0 0.7103365384615384 0.6237980769230769 0.06971153846153846 0.07211538461538461
0 0.6298076923076923 0.6935096153846154 0.06009615384615385 0.0673076923076923
0 0.5576923076923077 0.7151442307692307 0.0625 0.08653846153846154
0 0.39783653846153844 0.9495192307692307 0.07692307692307693 0.06490384615384616
0 0.24158653846153846 0.90625 0.06009615384615385 0.06490384615384616
0 0.71875 0.9242788461538461 0.06971153846153846 0.07932692307692307
0 0.8389423076923077 0.8810096153846154 0.07451923076923077 0.10576923076923077
0 0.7596153846153846 0.9230769230769231 0.040865384615384616 0.06009615384615385