0 0.3329326923076923 0.12860576923076922 0.07211538461538461 0.07211538461538461
0 0.32211538461538464 0.3004807692307692 0.07211538461538461 0.07211538461538461
0 0.22956730769230768 0.21153846153846154 0.04567307692307692 0.09375
0 0.21033653846153846 0.5216346153846154 0.06009615384615385 0.06009615384615385
0 0.20793269230769232 0.6286057692307693 0.055288461538461536 0.0625
0 0.23197115384615385 0.7055288461538461 0.052884615384615384 0.055288461538461536
0 0.21754807692307693 0.9242788461538461 0.040865384615384616 0.09615384615384616
0 0.05889423076923077 0.7752403846153846 0.052884615384615384 0.0625
0 0.0829326923076923 0.47596153846153844 0.036057692307692304 0.07451923076923077
0 0.38341346153846156 0.5108173076923077 0.055288461538461536 0.06009615384615385
0 0.30288461538461536 0.4891826923076923 0.0625 0.0889423076923077
0 0.28725961538461536 0.5829326923076923 0.038461538461538464 0.0673076923076923
0 0.32572115384615385 0.7091346153846154 0.05048076923076923 0.10576923076923077
0 0.36778846153846156 0.6189903846153846 0.057692307692307696 0.0889423076923077
0 0.5817307692307693 0.5877403846153846 0.055288461538461536 0.07451923076923077
0 0.546875 0.7103365384615384 0.06971153846153846 0.0889423076923077
0 0.5757211538461539 0.8605769230769231 0.04807692307692308 0.07451923076923077
0 0.5564903846153846 0.3786057692307692 0.07451923076923077 0.0625
0 0.6189903846153846 0.2764423076923077 0.040865384615384616 0.06971153846153846
0 0.6382211538461539 0.18028846153846154 0.06009615384615385 0.10096153846153846
0 0.6923076923076923 0.0733173076923077 0.05048076923076923 0.057692307692307696
0 0.7079326923076923 0.1466346153846154 0.04807692307692308 0.055288461538461536
0 0.9122596153846154 0.3629807692307692 0.052884615384615384 0.07451923076923077
0 0.8076923076923077 0.49038461538461536 0.04326923076923077 0.07211538461538461
0 0.7896634615384616 0.5961538461538461 0.036057692307692304 0.07932692307692307
0 0.8810096153846154 0.7692307692307693 0.04326923076923077 0.0889423076923077
0 0.7115384615384616 0.7800480769230769 0.036057692307692304 0.06490384615384616
0 0.7572115384615384 0.9290865384615384 0.052884615384615384 0.08173076923076923
0 0.18389423076923078 0.7788461538461539 0.057692307692307696 0.08413461538461539
0 0.8401442307692307 0.265625 0.07932692307692307 0.12259615384615384