0 0.5180288461538461 0.3269230769230769 0.042067307692307696 0.04807692307692308
0 0.5913461538461539 0.26322115384615385 0.027644230769230768 0.039663461538461536
0 0.6418269230769231 0.21875 0.03125 0.042067307692307696
0 0.6646634615384616 0.21995192307692307 0.02403846153846154 0.04326923076923077
0 0.6790865384615384 0.15264423076923078 0.03365384615384615 0.054086538461538464
0 0.7163461538461539 0.32572115384615385 0.027644230769230768 0.04447115384615385
0 0.6346153846153846 0.5492788461538461 0.02403846153846154 0.056490384615384616
0 0.6117788461538461 0.6646634615384616 0.03125 0.06009615384615385
0 0.5372596153846154 0.8389423076923077 0.021634615384615384 0.04447115384615385
0 0.6706730769230769 0.9050480769230769 0.037259615384615384 0.037259615384615384
0 0.48677884615384615 0.8533653846153846 0.019230769230769232 0.036057692307692304
0 0.48197115384615385 0.875 0.009615384615384616 0.037259615384615384
0 0.46875 0.8870192307692307 0.02403846153846154 0.030048076923076924
0 0.47716346153846156 0.7788461538461539 0.03485576923076923 0.051682692307692304
0 0.48197115384615385 0.6153846153846154 0.016826923076923076 0.04326923076923077
0 0.5264423076923077 0.5240384615384616 0.025240384615384616 0.028846153846153848
0 0.47716346153846156 0.4519230769230769 0.028846153846153848 0.038461538461538464
0 0.4519230769230769 0.5444711538461539 0.027644230769230768 0.030048076923076924
0 0.48197115384615385 0.39903846153846156 0.02403846153846154 0.030048076923076924
0 0.5024038461538461 0.11899038461538461 0.020432692307692308 0.030048076923076924
0 0.4362980769230769 0.16346153846153846 0.021634615384615384 0.040865384615384616
0 0.39302884615384615 0.9134615384615384 0.02403846153846154 0.030048076923076924
0 0.37740384615384615 0.8701923076923077 0.027644230769230768 0.039663461538461536
0 0.3605769230769231 0.8401442307692307 0.02283653846153846 0.04807692307692308
0 0.33413461538461536 0.8125 0.019230769230769232 0.04807692307692308
0 0.296875 0.8473557692307693 0.039663461538461536 0.05048076923076923
0 0.39663461538461536 0.7151442307692307 0.025240384615384616 0.026442307692307692
0 0.3918269230769231 0.5973557692307693 0.03245192307692308 0.028846153846153848
0 0.375 0.4567307692307692 0.025240384615384616 0.02283653846153846
0 0.34975961538461536 0.3557692307692308 0.026442307692307692 0.03365384615384615
0 0.3762019230769231 0.30408653846153844 0.025240384615384616 0.04326923076923077
0 0.37740384615384615 0.25721153846153844 0.016826923076923076 0.037259615384615384
0 0.41225961538461536 0.23798076923076922 0.028846153846153848 0.030048076923076924
0 0.4026442307692308 0.19831730769230768 0.03245192307692308 0.038461538461538464
0 0.2704326923076923 0.4326923076923077 0.02403846153846154 0.04567307692307692
0 0.26802884615384615 0.4891826923076923 0.025240384615384616 0.036057692307692304
0 0.2512019230769231 0.5408653846153846 0.019230769230769232 0.046875
0 0.2283653846153846 0.4723557692307692 0.019230769230769232 0.052884615384615384
0 0.23317307692307693 0.4254807692307692 0.021634615384615384 0.05889423076923077
0 0.23918269230769232 0.33533653846153844 0.03125 0.05048076923076923
0 0.2283653846153846 0.25 0.036057692307692304 0.040865384615384616
0 0.19591346153846154 0.16947115384615385 0.021634615384615384 0.054086538461538464
0 0.10336538461538461 0.12860576923076922 0.036057692307692304 0.030048076923076924
0 0.10697115384615384 0.16947115384615385 0.015625 0.03245192307692308
0 0.1875 0.44350961538461536 0.036057692307692304 0.03485576923076923
0 0.1875 0.49399038461538464 0.03485576923076923 0.028846153846153848
0 0.20793269230769232 0.53125 0.025240384615384616 0.03245192307692308
0 0.18629807692307693 0.5709134615384616 0.027644230769230768 0.04447115384615385
0 0.20793269230769232 0.6514423076923077 0.02403846153846154 0.038461538461538464
0 0.21153846153846154 0.7175480769230769 0.025240384615384616 0.03485576923076923
0 0.27524038461538464 0.6850961538461539 0.025240384615384616 0.05048076923076923
0 0.23677884615384615 0.796875 0.025240384615384616 0.04447115384615385
0 0.17307692307692307 0.8557692307692307 0.025240384615384616 0.04567307692307692
0 0.19230769230769232 0.8329326923076923 0.02283653846153846 0.038461538461538464
0 0.15985576923076922 0.7211538461538461 0.02403846153846154 0.054086538461538464
0 0.13822115384615385 0.7247596153846154 0.013221153846153846 0.056490384615384616
0 0.12139423076923077 0.5889423076923077 0.02283653846153846 0.052884615384615384
0 0.36778846153846156 0.5204326923076923 0.03125 0.054086538461538464
0 0.39663461538461536 0.125 0.027644230769230768 0.04927884615384615
0 0.24759615384615385 0.7211538461538461 0.04567307692307692 0.055288461538461536
0 0.7463942307692307 0.21394230769230768 0.06490384615384616 0.06370192307692307