0 0.6430288461538461 0.11538461538461539 0.10336538461538461 0.10336538461538461
0 0.421875 0.18629807692307693 0.07211538461538461 0.07692307692307693
0 0.265625 0.16105769230769232 0.0985576923076923 0.0985576923076923
0 0.3016826923076923 0.32572115384615385 0.10096153846153846 0.10336538461538461
0 0.34375 0.23076923076923078 0.08653846153846154 0.09134615384615384
0 0.4831730769230769 0.24158653846153846 0.10096153846153846 0.10336538461538461
0 0.3954326923076923 0.41225961538461536 0.0889423076923077 0.09134615384615384
0 0.0829326923076923 0.4891826923076923 0.09375 0.09134615384615384
0 0.021634615384615384 0.53125 0.04326923076923077 0.08653846153846154
0 0.042067307692307696 0.3173076923076923 0.08413461538461539 0.09134615384615384
0 0.18990384615384615 0.6850961538461539 0.09134615384615384 0.09375
0 0.3245192307692308 0.5709134615384616 0.09615384615384616 0.10336538461538461
0 0.203125 0.21153846153846154 0.0889423076923077 0.09375
0 0.6598557692307693 0.18990384615384615 0.06490384615384616 0.0673076923076923
0 0.8161057692307693 0.18269230769230768 0.09615384615384616 0.0985576923076923
0 0.6658653846153846 0.6983173076923077 0.09375 0.10096153846153846
0 0.8737980769230769 0.5997596153846154 0.09615384615384616 0.10336538461538461
0 0.7920673076923077 0.8918269230769231 0.09375 0.0985576923076923
0 0.8112980769230769 0.2692307692307692 0.08413461538461539 0.09134615384615384
0 0.3449519230769231 0.16105769230769232 0.08653846153846154 0.09134615384615384
0 0.5456730769230769 0.04326923076923077 0.07692307692307693 0.07692307692307693
0 0.7067307692307693 0.49278846153846156 0.08413461538461539 0.08653846153846154
0 0.32091346153846156 0.6911057692307693 0.0625 0.06009615384615385
0 0.021634615384615384 0.41346153846153844 0.04326923076923077 0.052884615384615384
0 0.17668269230769232 0.6298076923076923 0.11538461538461539 0.12259615384615384
0 0.8918269230769231 0.5252403846153846 0.08653846153846154 0.09375
0 0.9338942307692307 0.7403846153846154 0.09134615384615384 0.10336538461538461
0 0.8653846153846154 0.21875 0.09134615384615384 0.0985576923076923
0 0.8689903846153846 0.33533653846153844 0.10336538461538461 0.11298076923076923
0 0.796875 0.11899038461538461 0.052884615384615384 0.052884615384615384
0 0.53125 0.3713942307692308 0.10336538461538461 0.10817307692307693
0 0.5625 0.8810096153846154 0.10336538461538461 0.11057692307692307
0 0.6814903846153846 0.8293269230769231 0.12259615384615384 0.1346153846153846