0 0.515625 0.34975961538461536 0.0889423076923077 0.09615384615384616
0 0.3762019230769231 0.3161057692307692 0.0985576923076923 0.10336538461538461
0 0.47836538461538464 0.171875 0.09615384615384616 0.10576923076923077
0 0.6995192307692307 0.055288461538461536 0.08173076923076923 0.07932692307692307
0 0.25240384615384615 0.21153846153846154 0.07932692307692307 0.08653846153846154
0 0.2932692307692308 0.2247596153846154 0.07211538461538461 0.08173076923076923
0 0.19230769230769232 0.47716346153846156 0.0673076923076923 0.06490384615384616
0 0.1346153846153846 0.4831730769230769 0.10336538461538461 0.10576923076923077
0 0.037259615384615384 0.5673076923076923 0.07451923076923077 0.09134615384615384
0 0.09375 0.6298076923076923 0.06490384615384616 0.06009615384615385
0 0.13942307692307693 0.6370192307692307 0.07211538461538461 0.07932692307692307
0 0.29927884615384615 0.49278846153846156 0.0889423076923077 0.0985576923076923
0 0.33653846153846156 0.6514423076923077 0.09134615384615384 0.10096153846153846
0 0.44471153846153844 0.6598557692307693 0.08413461538461539 0.0889423076923077
0 0.43509615384615385 0.8076923076923077 0.06971153846153846 0.07692307692307693
0 0.4110576923076923 0.8966346153846154 0.06490384615384616 0.06971153846153846
0 0.6875 0.5661057692307693 0.0673076923076923 0.06971153846153846
0 0.8293269230769231 0.3545673076923077 0.07932692307692307 0.08173076923076923
0 0.8954326923076923 0.20552884615384615 0.07932692307692307 0.07692307692307693
0 0.9771634615384616 0.3641826923076923 0.04567307692307692 0.0985576923076923
0 0.9579326923076923 0.5192307692307693 0.08413461538461539 0.09615384615384616
0 0.7415865384615384 0.96875 0.07451923076923077 0.0625
0 0.6370192307692307 0.9326923076923077 0.057692307692307696 0.06490384615384616
0 0.6033653846153846 0.9567307692307693 0.06971153846153846 0.07211538461538461
0 0.546875 0.9663461538461539 0.07451923076923077 0.0673076923076923
0 0.7163461538461539 0.796875 0.10817307692307693 0.11057692307692307
0 0.421875 0.37740384615384615 0.14423076923076922 0.15384615384615385
0 0.5384615384615384 0.02283653846153846 0.08173076923076923 0.04567307692307692
0 0.44471153846153844 0.7415865384615384 0.0985576923076923 0.10336538461538461