0 0.40024038461538464 0.44350961538461536 0.06490384615384616 0.0673076923076923
0 0.6706730769230769 0.38822115384615385 0.06971153846153846 0.07932692307692307
0 0.5733173076923077 0.765625 0.05048076923076923 0.057692307692307696
0 0.5240384615384616 0.9182692307692307 0.0673076923076923 0.09134615384615384
0 0.375 0.9615384615384616 0.07692307692307693 0.07692307692307693
0 0.6286057692307693 0.6009615384615384 0.07932692307692307 0.08653846153846154
0 0.7415865384615384 0.4098557692307692 0.06490384615384616 0.0673076923076923
0 0.5685096153846154 0.34375 0.06490384615384616 0.0625
0 0.07451923076923077 0.7536057692307693 0.055288461538461536 0.0673076923076923
0 0.13581730769230768 0.6189903846153846 0.055288461538461536 0.04807692307692308
0 0.3161057692307692 0.34375 0.057692307692307696 0.06490384615384616
0 0.33052884615384615 0.6586538461538461 0.06009615384615385 0.06009615384615385
0 0.3125 0.9110576923076923 0.06971153846153846 0.07692307692307693
0 0.5997596153846154 0.9723557692307693 0.06490384615384616 0.055288461538461536
0 0.6454326923076923 0.7848557692307693 0.06009615384615385 0.0889423076923077
0 0.6201923076923077 0.49759615384615385 0.06009615384615385 0.06490384615384616
0 0.46274038461538464 0.6225961538461539 0.0625 0.07932692307692307
0 0.4735576923076923 0.6694711538461539 0.04807692307692308 0.07211538461538461
0 0.4230769230769231 0.7608173076923077 0.0625 0.07451923076923077
0 0.028846153846153848 0.5456730769230769 0.057692307692307696 0.0625
0 0.18028846153846154 0.5853365384615384 0.055288461538461536 0.0625
0 0.018028846153846152 0.6478365384615384 0.036057692307692304 0.07932692307692307
0 0.3112980769230769 0.7211538461538461 0.08173076923076923 0.10096153846153846
0 0.2512019230769231 0.9278846153846154 0.036057692307692304 0.026442307692307692
0 0.5877403846153846 0.6382211538461539 0.08653846153846154 0.09615384615384616
0 0.7884615384615384 0.46634615384615385 0.07451923076923077 0.09615384615384616
0 0.7836538461538461 0.6286057692307693 0.04567307692307692 0.052884615384615384
0 0.7367788461538461 0.6622596153846154 0.0625 0.0625
0 0.7235576923076923 0.8221153846153846 0.09375 0.10817307692307693
0 0.7728365384615384 0.9555288461538461 0.07451923076923077 0.0889423076923077
0 0.9795673076923077 0.6262019230769231 0.040865384615384616 0.07932692307692307
0 0.6478365384615384 0.21634615384615385 0.07211538461538461 0.08653846153846154
0 0.5324519230769231 0.13221153846153846 0.06490384615384616 0.07211538461538461
0 0.47716346153846156 0.125 0.057692307692307696 0.06490384615384616
0 0.41346153846153844 0.2668269230769231 0.055288461538461536 0.0625
0 0.2956730769230769 0.8605769230769231 0.0673076923076923 0.08653846153846154