0 0.03125 0.453125 0.0625 0.07451923076923077
0 0.07572115384615384 0.4567307692307692 0.040865384615384616 0.06490384615384616
0 0.037259615384615384 0.5817307692307693 0.07451923076923077 0.10576923076923077
0 0.13942307692307693 0.5456730769230769 0.08173076923076923 0.07211538461538461
0 0.30649038461538464 0.36177884615384615 0.06971153846153846 0.07692307692307693
0 0.2439903846153846 0.0625 0.05048076923076923 0.040865384615384616
0 0.34134615384615385 0.03365384615384615 0.0625 0.03125
0 0.4699519230769231 0.01201923076923077 0.07932692307692307 0.02403846153846154
0 0.38100961538461536 0.16706730769230768 0.08413461538461539 0.10336538461538461
0 0.4735576923076923 0.13581730769230768 0.04326923076923077 0.052884615384615384
0 0.5108173076923077 0.21033653846153846 0.04807692307692308 0.04807692307692308
0 0.5192307692307693 0.3473557692307692 0.06971153846153846 0.0625
0 0.46274038461538464 0.33774038461538464 0.04567307692307692 0.07932692307692307
0 0.5048076923076923 0.6778846153846154 0.07211538461538461 0.07451923076923077
0 0.6286057692307693 0.6105769230769231 0.04807692307692308 0.0625
0 0.6911057692307693 0.7223557692307693 0.08173076923076923 0.07451923076923077
0 0.8185096153846154 0.6598557692307693 0.0673076923076923 0.09375
0 0.9014423076923077 0.7752403846153846 0.06009615384615385 0.08173076923076923
0 0.9855769230769231 0.8040865384615384 0.028846153846153848 0.055288461538461536
0 0.9675480769230769 0.6622596153846154 0.06490384615384616 0.10817307692307693
0 0.8762019230769231 0.5264423076923077 0.07211538461538461 0.06971153846153846
0 0.8617788461538461 0.4170673076923077 0.05048076923076923 0.07932692307692307
0 0.8004807692307693 0.34975961538461536 0.0673076923076923 0.07211538461538461
0 0.6923076923076923 0.29086538461538464 0.0673076923076923 0.07451923076923077
0 0.75 0.28725961538461536 0.04807692307692308 0.04567307692307692
0 0.7512019230769231 0.328125 0.06009615384615385 0.04807692307692308
0 0.7307692307692307 0.47596153846153844 0.07692307692307693 0.08413461538461539
0 0.6286057692307693 0.04807692307692308 0.0889423076923077 0.09615384615384616
0 0.6274038461538461 0.010817307692307692 0.0625 0.021634615384615384
0 0.7944711538461539 0.02283653846153846 0.07932692307692307 0.04567307692307692
0 0.7836538461538461 0.09375 0.08413461538461539 0.10096153846153846
0 0.8810096153846154 0.007211538461538462 0.036057692307692304 0.014423076923076924
0 0.04567307692307692 0.19471153846153846 0.09134615384615384 0.10096153846153846
0 0.24879807692307693 0.25240384615384615 0.0889423076923077 0.10096153846153846
0 0.6598557692307693 0.5120192307692307 0.07451923076923077 0.12259615384615384