0 0.12620192307692307 0.41947115384615385 0.06971153846153846 0.0625
0 0.2536057692307692 0.4411057692307692 0.08173076923076923 0.07692307692307693
0 0.2247596153846154 0.5552884615384616 0.05048076923076923 0.04807692307692308
0 0.13341346153846154 0.625 0.10096153846153846 0.0985576923076923
0 0.40865384615384615 0.5637019230769231 0.06490384615384616 0.052884615384615384
0 0.47596153846153844 0.5192307692307693 0.04326923076923077 0.055288461538461536
0 0.49038461538461536 0.35336538461538464 0.0625 0.06971153846153846
0 0.5600961538461539 0.2091346153846154 0.08653846153846154 0.0985576923076923
0 0.6670673076923077 0.11538461538461539 0.07692307692307693 0.07932692307692307
0 0.515625 0.028846153846153848 0.09375 0.057692307692307696
0 0.22716346153846154 0.109375 0.0625 0.0625
0 0.007211538461538462 0.234375 0.014423076923076924 0.055288461538461536
0 0.2620192307692308 0.30528846153846156 0.08653846153846154 0.07692307692307693
0 0.5865384615384616 0.44350961538461536 0.052884615384615384 0.04326923076923077
0 0.24278846153846154 0.6850961538461539 0.10336538461538461 0.09134615384615384
0 0.3329326923076923 0.6899038461538461 0.07211538461538461 0.07451923076923077
0 0.36778846153846156 0.640625 0.057692307692307696 0.055288461538461536
0 0.4807692307692308 0.6021634615384616 0.057692307692307696 0.055288461538461536
0 0.41346153846153844 0.6117788461538461 0.07211538461538461 0.0673076923076923
0 0.8052884615384616 0.5144230769230769 0.055288461538461536 0.0625
0 0.8641826923076923 0.49278846153846156 0.052884615384615384 0.052884615384615384
0 0.8449519230769231 0.7764423076923077 0.08413461538461539 0.07692307692307693
0 0.9014423076923077 0.6947115384615384 0.052884615384615384 0.0625
0 0.3894230769230769 0.9050480769230769 0.0625 0.06009615384615385
0 0.18509615384615385 0.15625 0.055288461538461536 0.057692307692307696
0 0.2980769230769231 0.5048076923076923 0.06009615384615385 0.0625
0 0.5552884615384616 0.7223557692307693 0.057692307692307696 0.06009615384615385
0 0.5612980769230769 0.3629807692307692 0.05048076923076923 0.06009615384615385