0 0.20432692307692307 0.2776442307692308 0.09375 0.11298076923076923
0 0.1622596153846154 0.3317307692307692 0.057692307692307696 0.06490384615384616
0 0.08653846153846154 0.3173076923076923 0.07451923076923077 0.08653846153846154
0 0.09375 0.24278846153846154 0.06490384615384616 0.05048076923076923
0 0.15384615384615385 0.4483173076923077 0.07932692307692307 0.11538461538461539
0 0.10817307692307693 0.609375 0.0889423076923077 0.125
0 0.1141826923076923 0.8317307692307693 0.0673076923076923 0.04807692307692308
0 0.13942307692307693 0.8762019230769231 0.08653846153846154 0.07932692307692307
0 0.21634615384615385 0.7427884615384616 0.0673076923076923 0.08653846153846154
0 0.2091346153846154 0.6430288461538461 0.08653846153846154 0.12259615384615384
0 0.32211538461538464 0.9783653846153846 0.08653846153846154 0.04326923076923077
0 0.49278846153846156 0.8737980769230769 0.11538461538461539 0.12740384615384615
0 0.546875 0.8377403846153846 0.055288461538461536 0.10096153846153846
0 0.6141826923076923 0.9002403846153846 0.07211538461538461 0.10336538461538461
0 0.7019230769230769 0.9375 0.04807692307692308 0.04567307692307692
0 0.765625 0.8064903846153846 0.07451923076923077 0.07932692307692307
0 0.8762019230769231 0.8269230769230769 0.0673076923076923 0.09615384615384616
0 0.4050480769230769 0.38822115384615385 0.09134615384615384 0.12259615384615384
0 0.34615384615384615 0.3137019230769231 0.08413461538461539 0.0673076923076923
0 0.4050480769230769 0.6430288461538461 0.07451923076923077 0.08413461538461539
0 0.49399038461538464 0.3293269230769231 0.0889423076923077 0.0889423076923077
0 0.3954326923076923 0.20793269230769232 0.06490384615384616 0.10336538461538461
0 0.34975961538461536 0.07091346153846154 0.06971153846153846 0.09615384615384616
0 0.6105769230769231 0.013221153846153846 0.057692307692307696 0.026442307692307692
0 0.7319711538461539 0.1658653846153846 0.07211538461538461 0.11298076923076923
0 0.8149038461538461 0.24759615384615385 0.0625 0.09615384615384616
0 0.8028846153846154 0.010817307692307692 0.0673076923076923 0.021634615384615384
0 0.7728365384615384 0.3737980769230769 0.06971153846153846 0.11778846153846154
0 0.9723557692307693 0.4579326923076923 0.055288461538461536 0.09375