0 0.43509615384615385 0.296875 0.03125 0.051682692307692304
0 0.47716346153846156 0.23918269230769232 0.026442307692307692 0.051682692307692304
0 0.40865384615384615 0.2548076923076923 0.030048076923076924 0.04567307692307692
0 0.31009615384615385 0.15625 0.039663461538461536 0.037259615384615384
0 0.5793269230769231 0.20552884615384615 0.037259615384615384 0.046875
0 0.5661057692307693 0.24639423076923078 0.057692307692307696 0.039663461538461536
0 0.640625 0.09014423076923077 0.03485576923076923 0.052884615384615384
0 0.5588942307692307 0.12259615384615384 0.030048076923076924 0.056490384615384616
0 0.28725961538461536 0.052884615384615384 0.06009615384615385 0.04326923076923077
0 0.21754807692307693 0.13341346153846154 0.036057692307692304 0.052884615384615384
0 0.05048076923076923 0.1658653846153846 0.05048076923076923 0.07572115384615384
0 0.23197115384615385 0.24158653846153846 0.054086538461538464 0.04447115384615385
0 0.24639423076923078 0.41466346153846156 0.06009615384615385 0.07211538461538461
0 0.34975961538461536 0.46153846153846156 0.04447115384615385 0.05048076923076923
0 0.3641826923076923 0.5252403846153846 0.03245192307692308 0.06490384615384616
0 0.3870192307692308 0.6514423076923077 0.028846153846153848 0.0673076923076923
0 0.3605769230769231 0.6610576923076923 0.030048076923076924 0.06610576923076923
0 0.5216346153846154 0.47716346153846156 0.037259615384615384 0.04326923076923077
0 0.5745192307692307 0.5697115384615384 0.02283653846153846 0.052884615384615384
0 0.5240384615384616 0.6983173076923077 0.04447115384615385 0.06490384615384616
0 0.2764423076923077 0.8365384615384616 0.05889423076923077 0.0625
0 0.10817307692307693 0.7211538461538461 0.054086538461538464 0.07091346153846154
0 0.10096153846153846 0.5841346153846154 0.03245192307692308 0.04927884615384615
0 0.11899038461538461 0.18269230769230768 0.056490384615384616 0.06610576923076923
0 0.1935096153846154 0.02403846153846154 0.05048076923076923 0.03125
0 0.6634615384615384 0.25600961538461536 0.02283653846153846 0.036057692307692304
0 0.7175480769230769 0.6478365384615384 0.07692307692307693 0.08774038461538461
0 0.3088942307692308 0.33774038461538464 0.039663461538461536 0.06610576923076923
0 0.21754807692307693 0.6610576923076923 0.052884615384615384 0.07572115384615384
0 0.1622596153846154 0.65625 0.04807692307692308 0.04326923076923077
0 0.6237980769230769 0.5396634615384616 0.039663461538461536 0.06370192307692307
0 0.5913461538461539 0.6887019230769231 0.06610576923076923 0.0985576923076923
0 0.46033653846153844 0.8653846153846154 0.026442307692307692 0.057692307692307696
0 0.6778846153846154 0.90625 0.038461538461538464 0.057692307692307696
0 0.3870192307692308 0.9639423076923077 0.0673076923076923 0.04326923076923077
0 0.014423076923076924 0.890625 0.018028846153846152 0.055288461538461536
0 0.019230769230769232 0.3473557692307692 0.025240384615384616 0.04927884615384615
0 0.037259615384615384 0.5985576923076923 0.051682692307692304 0.06971153846153846
0 0.6310096153846154 0.9350961538461539 0.07091346153846154 0.04326923076923077
0 0.6875 0.96875 0.05048076923076923 0.03245192307692308
0 0.7043269230769231 0.8545673076923077 0.05048076923076923 0.03485576923076923
0 0.4495192307692308 0.7247596153846154 0.036057692307692304 0.07692307692307693
0 0.41586538461538464 0.7463942307692307 0.037259615384615384 0.06610576923076923
0 0.15144230769230768 0.7115384615384616 0.036057692307692304 0.06971153846153846
0 0.8725961538461539 0.7079326923076923 0.028846153846153848 0.07932692307692307
0 0.7175480769230769 0.5372596153846154 0.057692307692307696 0.07572115384615384