0 0.3918269230769231 0.46274038461538464 0.052884615384615384 0.06009615384615385
0 0.6298076923076923 0.3161057692307692 0.052884615384615384 0.07451923076923077
0 0.6694711538461539 0.7115384615384616 0.038461538461538464 0.052884615384615384
0 0.6742788461538461 0.875 0.04326923076923077 0.09134615384615384
0 0.5492788461538461 0.9663461538461539 0.06490384615384616 0.0673076923076923
0 0.6646634615384616 0.5348557692307693 0.0625 0.07932692307692307
0 0.7067307692307693 0.3125 0.052884615384615384 0.057692307692307696
0 0.5180288461538461 0.3076923076923077 0.055288461538461536 0.052884615384615384
0 0.18870192307692307 0.8725961538461539 0.040865384615384616 0.06490384615384616
0 0.19951923076923078 0.7223557692307693 0.052884615384615384 0.038461538461538464
0 0.2764423076923077 0.39783653846153844 0.04326923076923077 0.06009615384615385
0 0.40024038461538464 0.6935096153846154 0.05048076923076923 0.052884615384615384
0 0.4699519230769231 0.9423076923076923 0.055288461538461536 0.06971153846153846
0 0.7728365384615384 0.9158653846153846 0.04326923076923077 0.0889423076923077
0 0.7451923076923077 0.7043269230769231 0.03125 0.09615384615384616
0 0.6201923076923077 0.4387019230769231 0.04807692307692308 0.057692307692307696
0 0.5144230769230769 0.6117788461538461 0.04326923076923077 0.07932692307692307
0 0.5396634615384616 0.6538461538461539 0.026442307692307692 0.07692307692307693
0 0.5228365384615384 0.7596153846153846 0.04807692307692308 0.06971153846153846
0 0.07091346153846154 0.6911057692307693 0.055288461538461536 0.052884615384615384
0 0.23076923076923078 0.6754807692307693 0.04326923076923077 0.06009615384615385
0 0.08173076923076923 0.7980769230769231 0.052884615384615384 0.07451923076923077
0 0.4026442307692308 0.7596153846153846 0.057692307692307696 0.0985576923076923
0 0.4170673076923077 0.9831730769230769 0.038461538461538464 0.02403846153846154
0 0.38461538461538464 0.9795673076923077 0.040865384615384616 0.021634615384615384
0 0.6394230769230769 0.5841346153846154 0.0673076923076923 0.09134615384615384
0 0.7692307692307693 0.34975961538461536 0.05048076923076923 0.09375
0 0.8209134615384616 0.5072115384615384 0.03365384615384615 0.05048076923076923
0 0.7896634615384616 0.5540865384615384 0.055288461538461536 0.052884615384615384
0 0.8329326923076923 0.7127403846153846 0.0673076923076923 0.10336538461538461
0 0.9278846153846154 0.828125 0.052884615384615384 0.09615384615384616
0 0.984375 0.265625 0.03125 0.07451923076923077
0 0.5492788461538461 0.15985576923076922 0.05048076923076923 0.08413461538461539
0 0.4098557692307692 0.11899038461538461 0.04807692307692308 0.0673076923076923
0 0.35336538461538464 0.1310096153846154 0.04326923076923077 0.0625
0 0.34375 0.28846153846153844 0.040865384615384616 0.06009615384615385
0 0.4362980769230769 0.8990384615384616 0.04807692307692308 0.08413461538461539