0 0.2548076923076923 0.16826923076923078 0.06009615384615385 0.051682692307692304
0 0.2512019230769231 0.23918269230769232 0.04447115384615385 0.05889423076923077
0 0.16706730769230768 0.2439903846153846 0.06490384615384616 0.055288461538461536
0 0.171875 0.3125 0.05048076923076923 0.040865384615384616
0 0.13942307692307693 0.140625 0.054086538461538464 0.054086538461538464
0 0.3088942307692308 0.09134615384615384 0.06370192307692307 0.05048076923076923
0 0.5348557692307693 0.16947115384615385 0.052884615384615384 0.07692307692307693
0 0.25721153846153844 0.3605769230769231 0.042067307692307696 0.057692307692307696
0 0.28966346153846156 0.4362980769230769 0.04567307692307692 0.040865384615384616
0 0.2644230769230769 0.6274038461538461 0.04447115384615385 0.042067307692307696
0 0.2764423076923077 0.7067307692307693 0.057692307692307696 0.06850961538461539
0 0.0985576923076923 0.8894230769230769 0.040865384615384616 0.057692307692307696
0 0.40625 0.7512019230769231 0.06490384615384616 0.0625
0 0.39783653846153844 0.8088942307692307 0.04447115384615385 0.05048076923076923
0 0.39903846153846156 0.8894230769230769 0.06490384615384616 0.0673076923076923
0 0.7211538461538461 0.6526442307692307 0.0673076923076923 0.0673076923076923
0 0.7151442307692307 0.5877403846153846 0.03485576923076923 0.057692307692307696
0 0.6009615384615384 0.3557692307692308 0.04447115384615385 0.04807692307692308
0 0.8894230769230769 0.2536057692307692 0.06370192307692307 0.06610576923076923
0 0.8930288461538461 0.37259615384615385 0.038461538461538464 0.05889423076923077
0 0.8365384615384616 0.453125 0.042067307692307696 0.06370192307692307
0 0.9507211538461539 0.4411057692307692 0.06009615384615385 0.04927884615384615
0 0.9627403846153846 0.5612980769230769 0.051682692307692304 0.07091346153846154
0 0.9086538461538461 0.5612980769230769 0.042067307692307696 0.057692307692307696
0 0.8737980769230769 0.6610576923076923 0.04807692307692308 0.055288461538461536
0 0.7944711538461539 0.7163461538461539 0.04326923076923077 0.06129807692307692
0 0.7451923076923077 0.8641826923076923 0.052884615384615384 0.06971153846153846
0 0.8701923076923077 0.8076923076923077 0.040865384615384616 0.0625
0 0.9122596153846154 0.8028846153846154 0.042067307692307696 0.054086538461538464
0 0.8521634615384616 0.8449519230769231 0.038461538461538464 0.054086538461538464