0 0.4074519230769231 0.5901442307692307 0.07692307692307693 0.06370192307692307
0 0.5925480769230769 0.20673076923076922 0.06129807692307692 0.056490384615384616
0 0.7632211538461539 0.18028846153846154 0.055288461538461536 0.05889423076923077
0 0.7391826923076923 0.2704326923076923 0.03365384615384615 0.11057692307692307
0 0.7487980769230769 0.6622596153846154 0.05889423076923077 0.1045673076923077
0 0.5769230769230769 0.4266826923076923 0.04567307692307692 0.07451923076923077
0 0.6129807692307693 0.12139423076923077 0.037259615384615384 0.057692307692307696
0 0.9350961538461539 0.39783653846153844 0.039663461538461536 0.06009615384615385
0 0.2439903846153846 0.6538461538461539 0.06850961538461539 0.051682692307692304
0 0.43509615384615385 0.671875 0.06009615384615385 0.08533653846153846
0 0.328125 0.7019230769230769 0.06610576923076923 0.08413461538461539
0 0.5841346153846154 0.6370192307692307 0.07692307692307693 0.08052884615384616
0 0.5709134615384616 0.5492788461538461 0.052884615384615384 0.1045673076923077
0 0.7944711538461539 0.41947115384615385 0.11298076923076923 0.14182692307692307
0 0.8966346153846154 0.2764423076923077 0.05889423076923077 0.11899038461538461
0 0.9254807692307693 0.1310096153846154 0.05889423076923077 0.1141826923076923
0 0.6358173076923077 0.05889423076923077 0.057692307692307696 0.109375
0 0.36778846153846156 0.06009615384615385 0.04807692307692308 0.11057692307692307
0 0.3329326923076923 0.38461538461538464 0.09014423076923077 0.16947115384615385
0 0.9783653846153846 0.47115384615384615 0.042067307692307696 0.0673076923076923