0 0.6971153846153846 0.0625 0.055288461538461536 0.057692307692307696
0 0.7271634615384616 0.11899038461538461 0.057692307692307696 0.055288461538461536
0 0.6334134615384616 0.03245192307692308 0.06971153846153846 0.06490384615384616
0 0.5264423076923077 0.009615384615384616 0.0625 0.019230769230769232
0 0.3112980769230769 0.052884615384615384 0.07932692307692307 0.07692307692307693
0 0.30649038461538464 0.0985576923076923 0.06971153846153846 0.057692307692307696
0 0.2512019230769231 0.12379807692307693 0.06971153846153846 0.0625
0 0.1778846153846154 0.19951923076923078 0.0889423076923077 0.08173076923076923
0 0.1201923076923077 0.2692307692307692 0.057692307692307696 0.04807692307692308
0 0.14903846153846154 0.32091346153846156 0.05048076923076923 0.055288461538461536
0 0.19951923076923078 0.3161057692307692 0.055288461538461536 0.06971153846153846
0 0.26322115384615385 0.265625 0.06490384615384616 0.07692307692307693
0 0.026442307692307692 0.6237980769230769 0.052884615384615384 0.06490384615384616
0 0.1310096153846154 0.7692307692307693 0.07451923076923077 0.08653846153846154
0 0.06129807692307692 0.7848557692307693 0.055288461538461536 0.052884615384615384
0 0.25 0.8269230769230769 0.08173076923076923 0.08653846153846154
0 0.4807692307692308 0.8413461538461539 0.0889423076923077 0.09615384615384616
0 0.43028846153846156 0.8966346153846154 0.07692307692307693 0.06971153846153846
0 0.4675480769230769 0.65625 0.06490384615384616 0.06971153846153846
0 0.5408653846153846 0.5829326923076923 0.057692307692307696 0.06971153846153846
0 0.5697115384615384 0.5108173076923077 0.06971153846153846 0.06971153846153846
0 0.6490384615384616 0.4891826923076923 0.0625 0.0625
0 0.7079326923076923 0.2620192307692308 0.06971153846153846 0.06971153846153846
0 0.6598557692307693 0.18870192307692307 0.06490384615384616 0.07932692307692307
0 0.6225961538461539 0.19110576923076922 0.06971153846153846 0.08173076923076923
0 0.8569711538461539 0.22355769230769232 0.05048076923076923 0.04807692307692308
0 0.8076923076923077 0.2956730769230769 0.06490384615384616 0.07211538461538461
0 0.9182692307692307 0.25 0.0673076923076923 0.06490384615384616
0 0.9543269230769231 0.23798076923076922 0.0625 0.057692307692307696
0 0.9471153846153846 0.20432692307692307 0.04326923076923077 0.04807692307692308
0 0.9158653846153846 0.1658653846153846 0.038461538461538464 0.02403846153846154
0 0.9038461538461539 0.16105769230769232 0.026442307692307692 0.019230769230769232
0 0.9903846153846154 0.40865384615384615 0.019230769230769232 0.07211538461538461
0 0.9783653846153846 0.5168269230769231 0.04326923076923077 0.0673076923076923
0 0.953125 0.5600961538461539 0.04567307692307692 0.04567307692307692
0 0.9350961538461539 0.5264423076923077 0.07451923076923077 0.07451923076923077
0 0.9663461538461539 0.42908653846153844 0.05048076923076923 0.06009615384615385
0 0.765625 0.7764423076923077 0.07451923076923077 0.08413461538461539
0 0.8197115384615384 0.8028846153846154 0.0625 0.07692307692307693
0 0.8882211538461539 0.7848557692307693 0.057692307692307696 0.055288461538461536
0 0.8401442307692307 0.6935096153846154 0.055288461538461536 0.0625
0 0.7668269230769231 0.6129807692307693 0.057692307692307696 0.06009615384615385
0 0.7259615384615384 0.6105769230769231 0.06009615384615385 0.06009615384615385
0 0.7776442307692307 0.48677884615384615 0.05048076923076923 0.057692307692307696
0 0.8197115384615384 0.48677884615384615 0.052884615384615384 0.055288461538461536
0 0.6322115384615384 0.6742788461538461 0.07692307692307693 0.07932692307692307
0 0.8305288461538461 0.9134615384615384 0.04326923076923077 0.06009615384615385
0 0.8016826923076923 0.9314903846153846 0.0625 0.07211538461538461
0 0.7572115384615384 0.9603365384615384 0.04567307692307692 0.04567307692307692
0 0.3858173076923077 0.53125 0.06490384615384616 0.07211538461538461
0 0.2824519230769231 0.4987980769230769 0.07211538461538461 0.07692307692307693