0 0.078125 0.07572115384615384 0.046875 0.037259615384615384
0 0.07211538461538461 0.1141826923076923 0.05889423076923077 0.02283653846153846
0 0.2439903846153846 0.09375 0.04807692307692308 0.052884615384615384
0 0.24639423076923078 0.15264423076923078 0.04567307692307692 0.06490384615384616
0 0.17548076923076922 0.10697115384615384 0.040865384615384616 0.05889423076923077
0 0.28725961538461536 0.39783653846153844 0.03485576923076923 0.07091346153846154
0 0.3161057692307692 0.40024038461538464 0.025240384615384616 0.06370192307692307
0 0.35697115384615385 0.3605769230769231 0.046875 0.06850961538461539
0 0.45072115384615385 0.49038461538461536 0.055288461538461536 0.06370192307692307
0 0.4338942307692308 0.609375 0.039663461538461536 0.09134615384615384
0 0.3870192307692308 0.6959134615384616 0.039663461538461536 0.04447115384615385
0 0.38461538461538464 0.7319711538461539 0.040865384615384616 0.04447115384615385
0 0.33653846153846156 0.6298076923076923 0.06971153846153846 0.0625
0 0.22355769230769232 0.578125 0.04927884615384615 0.0625
0 0.2439903846153846 0.7151442307692307 0.06009615384615385 0.09254807692307693
0 0.140625 0.6286057692307693 0.04326923076923077 0.057692307692307696
0 0.05889423076923077 0.7860576923076923 0.042067307692307696 0.052884615384615384
0 0.04567307692307692 0.8461538461538461 0.052884615384615384 0.056490384615384616
0 0.109375 0.8004807692307693 0.03245192307692308 0.038461538461538464
0 0.1875 0.8786057692307693 0.05889423076923077 0.0625
0 0.5120192307692307 0.6862980769230769 0.04447115384615385 0.07692307692307693
0 0.5456730769230769 0.7475961538461539 0.040865384615384616 0.0673076923076923
0 0.5949519230769231 0.6682692307692307 0.03485576923076923 0.09735576923076923
0 0.6274038461538461 0.7103365384615384 0.04567307692307692 0.07692307692307693
0 0.6021634615384616 0.7956730769230769 0.046875 0.07091346153846154
0 0.6550480769230769 0.84375 0.04326923076923077 0.06370192307692307
0 0.6778846153846154 0.5144230769230769 0.040865384615384616 0.08052884615384616
0 0.7463942307692307 0.47115384615384615 0.05889423076923077 0.09495192307692307
0 0.7800480769230769 0.38100961538461536 0.057692307692307696 0.08774038461538461
0 0.7043269230769231 0.3004807692307692 0.06490384615384616 0.0733173076923077
0 0.5757211538461539 0.12379807692307693 0.039663461538461536 0.08173076923076923
0 0.8798076923076923 0.02283653846153846 0.06009615384615385 0.036057692307692304
0 0.9471153846153846 0.046875 0.04447115384615385 0.06490384615384616
0 0.7956730769230769 0.19831730769230768 0.037259615384615384 0.08533653846153846