0 0.3762019230769231 0.3629807692307692 0.07692307692307693 0.125
0 0.8653846153846154 0.34375 0.07211538461538461 0.11538461538461539
0 0.6646634615384616 0.7295673076923077 0.06971153846153846 0.08653846153846154
0 0.6334134615384616 0.6694711538461539 0.055288461538461536 0.06971153846153846
0 0.53125 0.8798076923076923 0.08173076923076923 0.12740384615384615
0 0.7091346153846154 0.9639423076923077 0.0625 0.05048076923076923
0 0.06610576923076923 0.5444711538461539 0.08413461538461539 0.15625
0 0.20552884615384615 0.7415865384615384 0.08173076923076923 0.15144230769230768
0 0.055288461538461536 0.8040865384615384 0.07451923076923077 0.10817307692307693
0 0.12259615384615384 0.9915865384615384 0.0673076923076923 0.016826923076923076
0 0.15144230769230768 0.19471153846153846 0.13942307692307693 0.14903846153846154
0 0.6538461538461539 0.8882211538461539 0.0625 0.052884615384615384
0 0.6971153846153846 0.9122596153846154 0.0673076923076923 0.05048076923076923