0 0.7668269230769231 0.5516826923076923 0.08653846153846154 0.09615384615384616
0 0.5456730769230769 0.3942307692307692 0.08413461538461539 0.09615384615384616
0 0.49158653846153844 0.4411057692307692 0.08413461538461539 0.10576923076923077
0 0.3233173076923077 0.359375 0.08173076923076923 0.10336538461538461
0 0.17427884615384615 0.2247596153846154 0.08653846153846154 0.09375
0 0.15504807692307693 0.4543269230769231 0.09134615384615384 0.09134615384615384
0 0.40865384615384615 0.8569711538461539 0.07932692307692307 0.07692307692307693
0 0.5805288461538461 0.7872596153846154 0.08653846153846154 0.10576923076923077
0 0.6274038461538461 0.7319711538461539 0.06971153846153846 0.07692307692307693
0 0.8088942307692307 0.3894230769230769 0.08413461538461539 0.09615384615384616
0 0.7836538461538461 0.20072115384615385 0.06971153846153846 0.11057692307692307
0 0.5889423076923077 0.12980769230769232 0.0889423076923077 0.08653846153846154
0 0.09134615384615384 0.6081730769230769 0.07932692307692307 0.0889423076923077
0 0.09975961538461539 0.40024038461538464 0.07932692307692307 0.07932692307692307
0 0.33774038461538464 0.07572115384615384 0.10096153846153846 0.10817307692307693
0 0.21754807692307693 0.6382211538461539 0.07932692307692307 0.08173076923076923
0 0.3401442307692308 0.8209134615384616 0.09134615384615384 0.1201923076923077
0 0.36899038461538464 0.9254807692307693 0.13221153846153846 0.14903846153846154
0 0.9495192307692307 0.48197115384615385 0.10096153846153846 0.10817307692307693
0 0.2512019230769231 0.08653846153846154 0.0673076923076923 0.06971153846153846