0 0.4639423076923077 0.39903846153846156 0.08173076923076923 0.07692307692307693
0 0.5240384615384616 0.47115384615384615 0.07451923076923077 0.07692307692307693
0 0.5600961538461539 0.8040865384615384 0.10817307692307693 0.07932692307692307
0 0.7956730769230769 0.8762019230769231 0.09615384615384616 0.09134615384615384
0 0.9411057692307693 0.5024038461538461 0.11778846153846154 0.1201923076923077
0 0.7920673076923077 0.6634615384615384 0.17067307692307693 0.14423076923076922
0 0.5865384615384616 0.609375 0.11778846153846154 0.1201923076923077
0 0.8377403846153846 0.4026442307692308 0.0889423076923077 0.10336538461538461
0 0.5901442307692307 0.41586538461538464 0.12980769230769232 0.10576923076923077
0 0.6754807692307693 0.6514423076923077 0.08653846153846154 0.0985576923076923
0 0.28846153846153844 0.8004807692307693 0.10576923076923077 0.11778846153846154
0 0.3954326923076923 0.8846153846153846 0.12980769230769232 0.12259615384615384
0 0.30649038461538464 0.27283653846153844 0.11538461538461539 0.11057692307692307
0 0.33413461538461536 0.19471153846153846 0.10096153846153846 0.0673076923076923
0 0.21033653846153846 0.027644230769230768 0.10817307692307693 0.055288461538461536
0 0.38822115384615385 0.013221153846153846 0.07451923076923077 0.026442307692307692
0 0.47836538461538464 0.019230769230769232 0.08653846153846154 0.038461538461538464
0 0.9254807692307693 0.2980769230769231 0.10336538461538461 0.0985576923076923
0 0.8125 0.3245192307692308 0.10096153846153846 0.07692307692307693
0 0.6694711538461539 0.3713942307692308 0.10336538461538461 0.09375