0 0.01201923076923077 0.21754807692307693 0.02403846153846154 0.06971153846153846
0 0.016826923076923076 0.13221153846153846 0.03365384615384615 0.03365384615384615
0 0.02403846153846154 0.2776442307692308 0.04807692307692308 0.07451923076923077
0 0.01201923076923077 0.3918269230769231 0.02403846153846154 0.08653846153846154
0 0.0829326923076923 0.39783653846153844 0.06009615384615385 0.07211538461538461
0 0.1622596153846154 0.4567307692307692 0.055288461538461536 0.04326923076923077
0 0.2644230769230769 0.08052884615384616 0.055288461538461536 0.0673076923076923
0 0.3088942307692308 0.17067307692307693 0.0625 0.08653846153846154
0 0.4387019230769231 0.23317307692307693 0.06490384615384616 0.06971153846153846
0 0.48197115384615385 0.06370192307692307 0.04807692307692308 0.06009615384615385
0 0.5108173076923077 0.030048076923076924 0.06009615384615385 0.06009615384615385
0 0.703125 0.013221153846153846 0.08413461538461539 0.026442307692307692
0 0.7728365384615384 0.12139423076923077 0.06971153846153846 0.09615384615384616
0 0.8774038461538461 0.13341346153846154 0.07692307692307693 0.09615384615384616
0 0.9014423076923077 0.296875 0.06971153846153846 0.09615384615384616
0 0.9459134615384616 0.2764423076923077 0.04326923076923077 0.0985576923076923
0 0.9158653846153846 0.4014423076923077 0.07211538461538461 0.0889423076923077
0 0.8533653846153846 0.4963942307692308 0.06971153846153846 0.07932692307692307
0 0.7512019230769231 0.4675480769230769 0.09134615384615384 0.08653846153846154
0 0.6923076923076923 0.4026442307692308 0.0625 0.0889423076923077
0 0.7019230769230769 0.25961538461538464 0.06971153846153846 0.06971153846153846
0 0.3954326923076923 0.3786057692307692 0.0625 0.0625
0 0.3112980769230769 0.31490384615384615 0.06490384615384616 0.052884615384615384
0 0.06009615384615385 0.6334134615384616 0.052884615384615384 0.055288461538461536
0 0.19951923076923078 0.9663461538461539 0.057692307692307696 0.0673076923076923
0 0.2247596153846154 0.9483173076923077 0.04326923076923077 0.04807692307692308
0 0.24278846153846154 0.6646634615384616 0.0673076923076923 0.06490384615384616
0 0.29086538461538464 0.7331730769230769 0.06971153846153846 0.07451923076923077
0 0.3870192307692308 0.8353365384615384 0.06490384615384616 0.07692307692307693
0 0.41225961538461536 0.8064903846153846 0.04807692307692308 0.0673076923076923
0 0.453125 0.71875 0.08653846153846154 0.09375
0 0.47115384615384615 0.7728365384615384 0.04807692307692308 0.057692307692307696
0 0.5108173076923077 0.8581730769230769 0.08173076923076923 0.10096153846153846
0 0.5528846153846154 0.9759615384615384 0.0673076923076923 0.04807692307692308
0 0.7367788461538461 0.8737980769230769 0.0889423076923077 0.08413461538461539
0 0.9447115384615384 0.5877403846153846 0.057692307692307696 0.07451923076923077
0 0.9807692307692307 0.5625 0.038461538461538464 0.08653846153846154
0 0.9855769230769231 0.6105769230769231 0.028846153846153848 0.0673076923076923
0 0.8870192307692307 0.6730769230769231 0.08413461538461539 0.10817307692307693