0 0.13942307692307693 0.5108173076923077 0.05048076923076923 0.052884615384615384
0 0.2980769230769231 0.3317307692307692 0.04326923076923077 0.04567307692307692
0 0.35697115384615385 0.3269230769230769 0.040865384615384616 0.05048076923076923
0 0.42788461538461536 0.5504807692307693 0.036057692307692304 0.038461538461538464
0 0.28725961538461536 0.4963942307692308 0.036057692307692304 0.036057692307692304
0 0.1622596153846154 0.4098557692307692 0.04567307692307692 0.036057692307692304
0 0.25240384615384615 0.14783653846153846 0.052884615384615384 0.057692307692307696
0 0.5168269230769231 0.1778846153846154 0.040865384615384616 0.038461538461538464
0 0.6081730769230769 0.23076923076923078 0.03125 0.02403846153846154
0 0.6262019230769231 0.5048076923076923 0.05048076923076923 0.05048076923076923
0 0.9302884615384616 0.7127403846153846 0.04567307692307692 0.040865384615384616
0 0.9362980769230769 0.6069711538461539 0.052884615384615384 0.04567307692307692
0 0.9867788461538461 0.48197115384615385 0.026442307692307692 0.06490384615384616
0 0.5300480769230769 0.9266826923076923 0.04567307692307692 0.052884615384615384
0 0.49038461538461536 0.6862980769230769 0.036057692307692304 0.036057692307692304
0 0.36538461538461536 0.7151442307692307 0.04567307692307692 0.04326923076923077
0 0.2704326923076923 0.6814903846153846 0.04567307692307692 0.04567307692307692
0 0.1045673076923077 0.46274038461538464 0.05048076923076923 0.055288461538461536
0 0.15985576923076922 0.3269230769230769 0.06490384615384616 0.0673076923076923
0 0.6947115384615384 0.9915865384615384 0.052884615384615384 0.016826923076923076
0 0.8365384615384616 0.7800480769230769 0.05048076923076923 0.05048076923076923
0 0.6670673076923077 0.8449519230769231 0.05048076923076923 0.052884615384615384
0 0.2608173076923077 0.44711538461538464 0.04567307692307692 0.052884615384615384
0 0.22235576923076922 0.30408653846153844 0.05048076923076923 0.05048076923076923
0 0.5612980769230769 0.6466346153846154 0.057692307692307696 0.06490384615384616
0 0.5324519230769231 0.5853365384615384 0.04567307692307692 0.06009615384615385
0 0.4362980769230769 0.6189903846153846 0.05048076923076923 0.05048076923076923
0 0.20552884615384615 0.6430288461538461 0.07211538461538461 0.08173076923076923
0 0.18509615384615385 0.5456730769230769 0.052884615384615384 0.06490384615384616
0 0.17427884615384615 0.5108173076923077 0.04567307692307692 0.052884615384615384
0 0.04326923076923077 0.5204326923076923 0.04326923076923077 0.04326923076923077
0 0.03365384615384615 0.6899038461538461 0.057692307692307696 0.055288461538461536
0 0.5 0.84375 0.06009615384615385 0.06971153846153846
0 0.7139423076923077 0.9290865384615384 0.08173076923076923 0.09134615384615384
0 0.5576923076923077 0.7536057692307693 0.04567307692307692 0.055288461538461536
0 0.6778846153846154 0.49158653846153844 0.06490384615384616 0.08413461538461539
0 0.7223557692307693 0.3137019230769231 0.06009615384615385 0.06971153846153846
0 0.6694711538461539 0.25841346153846156 0.055288461538461536 0.06009615384615385
0 0.4483173076923077 0.6875 0.055288461538461536 0.06490384615384616
0 0.33774038461538464 0.546875 0.038461538461538464 0.04326923076923077
0 0.36658653846153844 0.4411057692307692 0.04807692307692308 0.06009615384615385
0 0.38221153846153844 0.3858173076923077 0.052884615384615384 0.06490384615384616
0 0.4483173076923077 0.3798076923076923 0.05048076923076923 0.052884615384615384
0 0.2644230769230769 0.04447115384615385 0.057692307692307696 0.052884615384615384
0 0.24759615384615385 0.08052884615384616 0.038461538461538464 0.055288461538461536
0 0.4579326923076923 0.14543269230769232 0.055288461538461536 0.0625
0 0.3401442307692308 0.15625 0.04567307692307692 0.052884615384615384
0 0.2668269230769231 0.26802884615384615 0.03125 0.03365384615384615
0 0.1622596153846154 0.38221153846153844 0.038461538461538464 0.04326923076923077