0 0.7752403846153846 0.4807692307692308 0.09615384615384616 0.10096153846153846
0 0.5228365384615384 0.40024038461538464 0.09615384615384616 0.10096153846153846
0 0.4855769230769231 0.46033653846153844 0.10096153846153846 0.10817307692307693
0 0.3016826923076923 0.43509615384615385 0.0985576923076923 0.10336538461538461
0 0.12259615384615384 0.3545673076923077 0.09615384615384616 0.0985576923076923
0 0.17668269230769232 0.5757211538461539 0.0985576923076923 0.0985576923076923
0 0.5348557692307693 0.8737980769230769 0.08413461538461539 0.08413461538461539
0 0.6730769230769231 0.7572115384615384 0.10096153846153846 0.10576923076923077
0 0.7007211538461539 0.6923076923076923 0.07932692307692307 0.08173076923076923
0 0.7668269230769231 0.31490384615384615 0.09615384615384616 0.0985576923076923
0 0.6850961538461539 0.1466346153846154 0.09134615384615384 0.10336538461538461
0 0.48197115384615385 0.140625 0.09615384615384616 0.09615384615384616
0 0.1622596153846154 0.7379807692307693 0.0889423076923077 0.09134615384615384
0 0.10576923076923077 0.5420673076923077 0.08653846153846154 0.08653846153846154
0 0.23076923076923078 0.1658653846153846 0.11057692307692307 0.11298076923076923
0 0.28846153846153844 0.7283653846153846 0.08653846153846154 0.08653846153846154
0 0.45913461538461536 0.8617788461538461 0.11057692307692307 0.11778846153846154
0 0.5252403846153846 0.9387019230769231 0.1658653846153846 0.12259615384615384
0 0.9302884615384616 0.3605769230769231 0.11778846153846154 0.11778846153846154
0 0.14543269230769232 0.19230769230769232 0.09134615384615384 0.09615384615384616
0 0.01201923076923077 0.5336538461538461 0.02403846153846154 0.125