0 0.59375 0.15865384615384615 0.11298076923076923 0.13221153846153846
0 0.265625 0.3173076923076923 0.08653846153846154 0.10817307692307693
0 0.19230769230769232 0.31009615384615385 0.08413461538461539 0.10817307692307693
0 0.21634615384615385 0.15985576923076922 0.10336538461538461 0.11538461538461539
0 0.2800480769230769 0.49759615384615385 0.09375 0.10336538461538461
0 0.21634615384615385 0.4338942307692308 0.09134615384615384 0.10336538461538461
0 0.3016826923076923 0.6310096153846154 0.09615384615384616 0.11538461538461539
0 0.2644230769230769 0.9002403846153846 0.07211538461538461 0.08173076923076923
0 0.34375 0.9675480769230769 0.052884615384615384 0.055288461538461536
0 0.49399038461538464 0.6754807692307693 0.11538461538461539 0.13221153846153846
0 0.6983173076923077 0.7800480769230769 0.07692307692307693 0.08413461538461539
0 0.8401442307692307 0.8713942307692307 0.06971153846153846 0.09134615384615384
0 0.7283653846153846 0.5805288461538461 0.09615384615384616 0.10336538461538461
0 0.8581730769230769 0.3737980769230769 0.11057692307692307 0.1201923076923077
0 0.8786057692307693 0.5649038461538461 0.10817307692307693 0.1346153846153846
0 0.6658653846153846 0.4026442307692308 0.10096153846153846 0.11057692307692307
0 0.6117788461538461 0.33774038461538464 0.08413461538461539 0.08653846153846154
0 0.4495192307692308 0.20432692307692307 0.0985576923076923 0.10817307692307693
0 0.5492788461538461 0.7548076923076923 0.09134615384615384 0.0985576923076923