0 0.41346153846153844 0.6274038461538461 0.06009615384615385 0.055288461538461536
0 0.0985576923076923 0.46274038461538464 0.06971153846153846 0.057692307692307696
0 0.4891826923076923 0.53125 0.05048076923076923 0.07211538461538461
0 0.07211538461538461 0.6646634615384616 0.08413461538461539 0.08413461538461539
0 0.14543269230769232 0.8197115384615384 0.07932692307692307 0.08653846153846154
0 0.6177884615384616 0.4206730769230769 0.057692307692307696 0.09134615384615384
0 0.6887019230769231 0.01201923076923077 0.06490384615384616 0.02403846153846154
0 0.8521634615384616 0.016826923076923076 0.05048076923076923 0.03365384615384615
0 0.7487980769230769 0.9254807692307693 0.0673076923076923 0.055288461538461536
0 0.2920673076923077 0.47836538461538464 0.0673076923076923 0.07932692307692307
0 0.38221153846153844 0.5288461538461539 0.0673076923076923 0.0673076923076923
0 0.46153846153846156 0.42788461538461536 0.0625 0.0889423076923077
0 0.1658653846153846 0.6490384615384616 0.052884615384615384 0.08173076923076923
0 0.05889423076923077 0.7427884615384616 0.04807692307692308 0.1201923076923077
0 0.5552884615384616 0.9423076923076923 0.08173076923076923 0.11057692307692307
0 0.5913461538461539 0.5853365384615384 0.08173076923076923 0.11298076923076923
0 0.5168269230769231 0.6358173076923077 0.06971153846153846 0.08413461538461539
0 0.8978365384615384 0.12740384615384615 0.040865384615384616 0.07211538461538461
0 0.5180288461538461 0.4338942307692308 0.07692307692307693 0.09134615384615384