0 0.33052884615384615 0.3605769230769231 0.04567307692307692 0.04807692307692308
0 0.3798076923076923 0.3317307692307692 0.040865384615384616 0.04807692307692308
0 0.3545673076923077 0.21033653846153846 0.036057692307692304 0.036057692307692304
0 0.3389423076923077 0.12139423076923077 0.03125 0.036057692307692304
0 0.34375 0.09615384615384616 0.028846153846153848 0.04567307692307692
0 0.4495192307692308 0.07932692307692307 0.040865384615384616 0.0625
0 0.5889423076923077 0.29086538461538464 0.057692307692307696 0.06971153846153846
0 0.6694711538461539 0.3858173076923077 0.04326923076923077 0.06490384615384616
0 0.7788461538461539 0.5552884615384616 0.04567307692307692 0.04326923076923077
0 0.7764423076923077 0.6213942307692307 0.036057692307692304 0.03125
0 0.7884615384615384 0.6502403846153846 0.04807692307692308 0.03365384615384615
0 0.7944711538461539 0.6742788461538461 0.02403846153846154 0.03125
0 0.7848557692307693 0.7596153846153846 0.03365384615384615 0.052884615384615384
0 0.7463942307692307 0.765625 0.038461538461538464 0.040865384615384616
0 0.6923076923076923 0.7848557692307693 0.036057692307692304 0.0625
0 0.7007211538461539 0.8497596153846154 0.04326923076923077 0.04807692307692308
0 0.640625 0.9026442307692307 0.057692307692307696 0.055288461538461536
0 0.5588942307692307 0.9567307692307693 0.04567307692307692 0.055288461538461536
0 0.5504807692307693 0.984375 0.038461538461538464 0.03125
0 0.5276442307692307 0.8677884615384616 0.040865384615384616 0.055288461538461536
0 0.45552884615384615 0.8653846153846154 0.04567307692307692 0.06009615384615385
0 0.4495192307692308 0.9495192307692307 0.06009615384615385 0.05048076923076923
0 0.4387019230769231 0.8293269230769231 0.038461538461538464 0.055288461538461536
0 0.4050480769230769 0.828125 0.040865384615384616 0.04326923076923077
0 0.3942307692307692 0.7644230769230769 0.040865384615384616 0.04567307692307692
0 0.45552884615384615 0.765625 0.05048076923076923 0.052884615384615384
0 0.41947115384615385 0.7259615384615384 0.04567307692307692 0.052884615384615384
0 0.37740384615384615 0.7019230769230769 0.040865384615384616 0.03365384615384615
0 0.3605769230769231 0.7379807692307693 0.038461538461538464 0.038461538461538464
0 0.3581730769230769 0.8076923076923077 0.038461538461538464 0.055288461538461536
0 0.28365384615384615 0.6983173076923077 0.040865384615384616 0.04807692307692308
0 0.21394230769230768 0.6634615384615384 0.04326923076923077 0.0625
0 0.24519230769230768 0.7439903846153846 0.04567307692307692 0.0673076923076923
0 0.13581730769230768 0.6622596153846154 0.04567307692307692 0.0673076923076923
0 0.11057692307692307 0.6658653846153846 0.03125 0.04567307692307692
0 0.10576923076923077 0.7752403846153846 0.036057692307692304 0.05048076923076923
0 0.0733173076923077 0.7584134615384616 0.038461538461538464 0.04567307692307692
0 0.27283653846153844 0.4254807692307692 0.038461538461538464 0.05048076923076923
0 0.23677884615384615 0.4338942307692308 0.040865384615384616 0.04567307692307692
0 0.21514423076923078 0.35096153846153844 0.05048076923076923 0.057692307692307696
0 0.2127403846153846 0.25961538461538464 0.055288461538461536 0.0625
0 0.2800480769230769 0.47836538461538464 0.04326923076923077 0.040865384615384616
0 0.3137019230769231 0.5096153846153846 0.03365384615384615 0.040865384615384616
0 0.34375 0.5733173076923077 0.040865384615384616 0.052884615384615384
0 0.4326923076923077 0.578125 0.036057692307692304 0.05048076923076923
0 0.4807692307692308 0.6105769230769231 0.057692307692307696 0.052884615384615384
0 0.5480769230769231 0.6189903846153846 0.040865384615384616 0.06009615384615385
0 0.6346153846153846 0.6646634615384616 0.036057692307692304 0.055288461538461536
0 0.59375 0.5192307692307693 0.05048076923076923 0.06971153846153846
0 0.5216346153846154 0.5264423076923077 0.04326923076923077 0.06009615384615385
0 0.5396634615384616 0.4206730769230769 0.04567307692307692 0.055288461538461536
0 0.4675480769230769 0.4495192307692308 0.04326923076923077 0.04807692307692308
0 0.4206730769230769 0.41947115384615385 0.040865384615384616 0.052884615384615384
0 0.7079326923076923 0.5913461538461539 0.055288461538461536 0.07211538461538461
0 0.8798076923076923 0.4182692307692308 0.04326923076923077 0.055288461538461536
0 0.5913461538461539 0.8533653846153846 0.055288461538461536 0.06971153846153846
0 0.16947115384615385 0.390625 0.04326923076923077 0.04567307692307692
0 0.7223557692307693 0.7800480769230769 0.03365384615384615 0.04326923076923077