0 0.44591346153846156 0.25240384615384615 0.06490384615384616 0.039663461538461536
0 0.4338942307692308 0.3004807692307692 0.038461538461538464 0.0625
0 0.42788461538461536 0.36778846153846156 0.054086538461538464 0.05048076923076923
0 0.3173076923076923 0.18629807692307693 0.04326923076923077 0.051682692307692304
0 0.31009615384615385 0.12379807692307693 0.04326923076923077 0.06129807692307692
0 0.13581730769230768 0.3425480769230769 0.03365384615384615 0.06370192307692307
0 0.40024038461538464 0.49038461538461536 0.054086538461538464 0.06850961538461539
0 0.4326923076923077 0.5949519230769231 0.04927884615384615 0.07572115384615384
0 0.5769230769230769 0.46153846153846156 0.040865384615384616 0.056490384615384616
0 0.6418269230769231 0.5757211538461539 0.057692307692307696 0.09014423076923077
0 0.8197115384615384 0.2512019230769231 0.04326923076923077 0.08173076923076923
0 0.765625 0.18629807692307693 0.05048076923076923 0.026442307692307692
0 0.7475961538461539 0.12379807692307693 0.028846153846153848 0.05889423076923077
0 0.8088942307692307 0.030048076923076924 0.037259615384615384 0.028846153846153848
0 0.8569711538461539 0.03485576923076923 0.028846153846153848 0.04927884615384615
0 0.9350961538461539 0.13581730769230768 0.03365384615384615 0.052884615384615384
0 0.9819711538461539 0.1201923076923077 0.036057692307692304 0.0625
0 0.9771634615384616 0.014423076923076924 0.04447115384615385 0.021634615384615384
0 0.7716346153846154 0.38341346153846156 0.052884615384615384 0.09375
0 0.8990384615384616 0.3425480769230769 0.03125 0.055288461538461536
0 0.9399038461538461 0.3449519230769231 0.036057692307692304 0.04807692307692308
0 0.8798076923076923 0.37740384615384615 0.03365384615384615 0.046875
0 0.9158653846153846 0.38341346153846156 0.040865384615384616 0.019230769230769232
0 0.8509615384615384 0.5384615384615384 0.037259615384615384 0.06610576923076923
0 0.9038461538461539 0.5625 0.05048076923076923 0.04927884615384615
0 0.8004807692307693 0.8966346153846154 0.056490384615384616 0.06370192307692307
0 0.7091346153846154 0.8353365384615384 0.036057692307692304 0.08774038461538461
0 0.6322115384615384 0.8762019230769231 0.052884615384615384 0.054086538461538464
0 0.5673076923076923 0.8485576923076923 0.05048076923076923 0.06490384615384616
0 0.41947115384615385 0.8221153846153846 0.025240384615384616 0.09735576923076923
0 0.26322115384615385 0.7692307692307693 0.05048076923076923 0.07572115384615384
0 0.1502403846153846 0.7379807692307693 0.06610576923076923 0.06610576923076923
0 0.18509615384615385 0.5829326923076923 0.04567307692307692 0.04807692307692308
0 0.09134615384615384 0.7956730769230769 0.07091346153846154 0.042067307692307696
0 0.02403846153846154 0.8197115384615384 0.046875 0.05048076923076923
0 0.021634615384615384 0.8725961538461539 0.04326923076923077 0.04807692307692308
0 0.11538461538461539 0.8966346153846154 0.0673076923076923 0.07572115384615384