0 0.5144230769230769 0.17307692307692307 0.057692307692307696 0.055288461538461536
0 0.49158653846153844 0.21634615384615385 0.052884615384615384 0.05048076923076923
0 0.3557692307692308 0.15144230769230768 0.0625 0.0673076923076923
0 0.3401442307692308 0.18870192307692307 0.057692307692307696 0.06009615384615385
0 0.31490384615384615 0.09375 0.052884615384615384 0.05048076923076923
0 0.2512019230769231 0.16105769230769232 0.0625 0.07211538461538461
0 0.25240384615384615 0.18870192307692307 0.052884615384615384 0.06009615384615385
0 0.32211538461538464 0.28725961538461536 0.0625 0.06009615384615385
0 0.4963942307692308 0.34975961538461536 0.055288461538461536 0.06009615384615385
0 0.59375 0.36658653846153844 0.06009615384615385 0.06009615384615385
0 0.6622596153846154 0.24519230769230768 0.05048076923076923 0.04807692307692308
0 0.41947115384615385 0.29447115384615385 0.06490384615384616 0.06490384615384616
0 0.2091346153846154 0.34975961538461536 0.0673076923076923 0.06971153846153846
0 0.19230769230769232 0.43990384615384615 0.07692307692307693 0.07692307692307693
0 0.13822115384615385 0.4543269230769231 0.07211538461538461 0.07451923076923077
0 0.0889423076923077 0.4579326923076923 0.07692307692307693 0.07692307692307693
0 0.04326923076923077 0.46274038461538464 0.06009615384615385 0.0673076923076923
0 0.006009615384615385 0.6514423076923077 0.01201923076923077 0.052884615384615384
0 0.05048076923076923 0.6899038461538461 0.057692307692307696 0.06490384615384616
0 0.21394230769230768 0.6081730769230769 0.0625 0.06490384615384616
0 0.3245192307692308 0.6778846153846154 0.0673076923076923 0.07211538461538461
0 0.30649038461538464 0.8137019230769231 0.0673076923076923 0.07211538461538461
0 0.19831730769230768 0.8197115384615384 0.07451923076923077 0.07932692307692307
0 0.3798076923076923 0.4170673076923077 0.06971153846153846 0.06971153846153846
0 0.5552884615384616 0.4891826923076923 0.07211538461538461 0.07211538461538461
0 0.6069711538461539 0.41225961538461536 0.057692307692307696 0.06490384615384616
0 0.6598557692307693 0.41346153846153844 0.06490384615384616 0.07211538461538461
0 0.7211538461538461 0.4423076923076923 0.057692307692307696 0.06490384615384616
0 0.8197115384615384 0.34615384615384615 0.052884615384615384 0.055288461538461536
0 0.6899038461538461 0.5228365384615384 0.07211538461538461 0.07692307692307693
0 0.6418269230769231 0.49759615384615385 0.06009615384615385 0.0625
0 0.5697115384615384 0.5432692307692307 0.0673076923076923 0.07451923076923077
0 0.6237980769230769 0.5949519230769231 0.06009615384615385 0.06490384615384616
0 0.8786057692307693 0.5444711538461539 0.055288461538461536 0.055288461538461536
0 0.7860576923076923 0.5985576923076923 0.0673076923076923 0.08173076923076923
0 0.8665865384615384 0.6610576923076923 0.0625 0.0625
0 0.9891826923076923 0.6574519230769231 0.021634615384615384 0.040865384615384616
0 0.6790865384615384 0.9050480769230769 0.07932692307692307 0.08653846153846154
0 0.6334134615384616 0.8665865384615384 0.0673076923076923 0.07692307692307693
0 0.6201923076923077 0.7716346153846154 0.09134615384615384 0.10336538461538461
0 0.48197115384615385 0.7536057692307693 0.08413461538461539 0.08653846153846154
0 0.3545673076923077 0.9350961538461539 0.07932692307692307 0.08653846153846154
0 0.40625 0.9699519230769231 0.07211538461538461 0.06009615384615385
0 0.6538461538461539 0.9711538461538461 0.0625 0.057692307692307696
0 0.7079326923076923 0.9651442307692307 0.0889423076923077 0.06971153846153846
0 0.3762019230769231 0.3557692307692308 0.0985576923076923 0.10576923076923077
0 0.4266826923076923 0.6935096153846154 0.07692307692307693 0.08173076923076923