0 0.042067307692307696 0.052884615384615384 0.05048076923076923 0.038461538461538464
0 0.037259615384615384 0.09375 0.0625 0.02403846153846154
0 0.21875 0.06971153846153846 0.05048076923076923 0.055288461538461536
0 0.22235576923076922 0.1310096153846154 0.04807692307692308 0.0673076923076923
0 0.1466346153846154 0.08413461538461539 0.04326923076923077 0.0625
0 0.26802884615384615 0.3870192307692308 0.038461538461538464 0.07451923076923077
0 0.2980769230769231 0.3894230769230769 0.026442307692307692 0.0673076923076923
0 0.34134615384615385 0.34615384615384615 0.05048076923076923 0.07211538461538461
0 0.4423076923076923 0.4807692307692308 0.057692307692307696 0.0673076923076923
0 0.4266826923076923 0.6069711538461539 0.04326923076923077 0.09615384615384616
0 0.3798076923076923 0.6983173076923077 0.040865384615384616 0.04807692307692308
0 0.3762019230769231 0.7355769230769231 0.04326923076923077 0.04807692307692308
0 0.3245192307692308 0.6298076923076923 0.07451923076923077 0.0673076923076923
0 0.20432692307692307 0.5769230769230769 0.052884615384615384 0.06490384615384616
0 0.22956730769230768 0.7199519230769231 0.06490384615384616 0.0985576923076923
0 0.11899038461538461 0.6322115384615384 0.04567307692307692 0.0625
0 0.036057692307692304 0.7980769230769231 0.04326923076923077 0.055288461538461536
0 0.027644230769230768 0.8605769230769231 0.04326923076923077 0.06009615384615385
0 0.0889423076923077 0.8125 0.03365384615384615 0.040865384615384616
0 0.17307692307692307 0.8942307692307693 0.0625 0.06490384615384616
0 0.5096153846153846 0.6862980769230769 0.04807692307692308 0.08173076923076923
0 0.5456730769230769 0.7475961538461539 0.04326923076923077 0.07211538461538461
0 0.5949519230769231 0.6658653846153846 0.038461538461538464 0.10336538461538461
0 0.6310096153846154 0.7091346153846154 0.05048076923076923 0.08173076923076923
0 0.6057692307692307 0.796875 0.05048076923076923 0.07451923076923077
0 0.6622596153846154 0.8485576923076923 0.04567307692307692 0.0673076923076923
0 0.6802884615384616 0.5024038461538461 0.04567307692307692 0.08413461538461539
0 0.7512019230769231 0.45552884615384615 0.06490384615384616 0.10096153846153846
0 0.7848557692307693 0.3605769230769231 0.0625 0.09134615384615384
0 0.7043269230769231 0.2764423076923077 0.06971153846153846 0.07692307692307693
0 0.5661057692307693 0.09495192307692307 0.04326923076923077 0.08653846153846154
0 0.8822115384615384 0.001201923076923077 0.0625 0.002403846153846154
0 0.9519230769230769 0.019230769230769232 0.04807692307692308 0.038461538461538464
0 0.796875 0.16947115384615385 0.040865384615384616 0.09134615384615384