0 0.3401442307692308 0.4483173076923077 0.0625 0.07451923076923077
0 0.39302884615384615 0.4338942307692308 0.07451923076923077 0.08173076923076923
0 0.4807692307692308 0.4795673076923077 0.07451923076923077 0.06009615384615385
0 0.5637019230769231 0.5492788461538461 0.0625 0.0673076923076923
0 0.4567307692307692 0.6298076923076923 0.0673076923076923 0.09134615384615384
0 0.3870192307692308 0.6213942307692307 0.09134615384615384 0.11778846153846154
0 0.4807692307692308 0.7788461538461539 0.0625 0.07932692307692307
0 0.4411057692307692 0.7980769230769231 0.055288461538461536 0.06009615384615385
0 0.40865384615384615 0.8040865384615384 0.06971153846153846 0.07932692307692307
0 0.35336538461538464 0.8533653846153846 0.0625 0.07211538461538461
0 0.36658653846153844 0.9158653846153846 0.0673076923076923 0.0673076923076923
0 0.21634615384615385 0.5709134615384616 0.08653846153846154 0.07211538461538461
0 0.14543269230769232 0.4375 0.07932692307692307 0.09134615384615384
0 0.09975961538461539 0.5324519230769231 0.0673076923076923 0.07211538461538461
0 0.23076923076923078 0.36177884615384615 0.06009615384615385 0.07451923076923077
0 0.26322115384615385 0.08533653846153846 0.0673076923076923 0.06490384615384616
0 0.36899038461538464 0.04807692307692308 0.08413461538461539 0.08173076923076923
0 0.4891826923076923 0.027644230769230768 0.06971153846153846 0.055288461538461536
0 0.7740384615384616 0.007211538461538462 0.0673076923076923 0.014423076923076924
0 0.6983173076923077 0.08774038461538461 0.07451923076923077 0.07932692307692307
0 0.65625 0.1310096153846154 0.052884615384615384 0.057692307692307696
0 0.609375 0.04567307692307692 0.08653846153846154 0.09134615384615384
0 0.5637019230769231 0.0829326923076923 0.03125 0.038461538461538464
0 0.5552884615384616 0.21995192307692307 0.0625 0.04807692307692308
0 0.5961538461538461 0.24158653846153846 0.07211538461538461 0.06971153846153846
0 0.5649038461538461 0.4014423076923077 0.05048076923076923 0.06009615384615385
0 0.6622596153846154 0.43028846153846156 0.07211538461538461 0.057692307692307696
0 0.7331730769230769 0.3485576923076923 0.0673076923076923 0.07451923076923077
0 0.8317307692307693 0.26322115384615385 0.07211538461538461 0.06490384615384616
0 0.8221153846153846 0.22596153846153846 0.052884615384615384 0.06009615384615385
0 0.9903846153846154 0.45072115384615385 0.019230769230769232 0.06971153846153846
0 0.9591346153846154 0.49399038461538464 0.07451923076923077 0.08173076923076923
0 0.84375 0.39302884615384615 0.06971153846153846 0.09134615384615384
0 0.8305288461538461 0.4807692307692308 0.06490384615384616 0.07692307692307693
0 0.7740384615384616 0.49158653846153844 0.06490384615384616 0.07211538461538461
0 0.7079326923076923 0.6322115384615384 0.07692307692307693 0.08173076923076923
0 0.7884615384615384 0.7355769230769231 0.08173076923076923 0.09615384615384616