0 0.26322115384615385 0.22355769230769232 0.08173076923076923 0.09615384615384616
0 0.40024038461538464 0.010817307692307692 0.040865384615384616 0.021634615384615384
0 0.515625 0.0733173076923077 0.07211538461538461 0.0673076923076923
0 0.8040865384615384 0.14182692307692307 0.052884615384615384 0.06009615384615385
0 0.7259615384615384 0.25961538461538464 0.052884615384615384 0.06971153846153846
0 0.7692307692307693 0.28365384615384615 0.052884615384615384 0.06009615384615385
0 0.8473557692307693 0.29447115384615385 0.0625 0.07692307692307693
0 0.9086538461538461 0.2091346153846154 0.05048076923076923 0.05048076923076923
0 0.9675480769230769 0.22596153846153846 0.057692307692307696 0.06009615384615385
0 0.8918269230769231 0.36899038461538464 0.0673076923076923 0.08173076923076923
0 0.8485576923076923 0.4639423076923077 0.0673076923076923 0.07211538461538461
0 0.9543269230769231 0.42908653846153844 0.0625 0.07692307692307693
0 0.7632211538461539 0.5240384615384616 0.05048076923076923 0.055288461538461536
0 0.49278846153846156 0.38822115384615385 0.0625 0.055288461538461536
0 0.47475961538461536 0.421875 0.0625 0.055288461538461536
0 0.4338942307692308 0.4423076923076923 0.05048076923076923 0.052884615384615384
0 0.33533653846153844 0.4266826923076923 0.07692307692307693 0.07692307692307693
0 0.3173076923076923 0.37740384615384615 0.07451923076923077 0.0673076923076923
0 0.33774038461538464 0.5084134615384616 0.06971153846153846 0.0673076923076923
0 0.3112980769230769 0.6490384615384616 0.09134615384615384 0.10096153846153846
0 0.038461538461538464 0.6382211538461539 0.07692307692307693 0.10336538461538461
0 0.265625 0.8581730769230769 0.0673076923076923 0.07932692307692307
0 0.3004807692307692 0.8834134615384616 0.04807692307692308 0.06009615384615385
0 0.4266826923076923 0.8401442307692307 0.07932692307692307 0.0985576923076923
0 0.5576923076923077 0.7896634615384616 0.057692307692307696 0.06009615384615385
0 0.5901442307692307 0.8305288461538461 0.057692307692307696 0.052884615384615384
0 0.6057692307692307 0.8713942307692307 0.07451923076923077 0.06971153846153846
0 0.6610576923076923 0.8149038461538461 0.057692307692307696 0.0625
0 0.546875 0.8629807692307693 0.057692307692307696 0.055288461538461536
0 0.5048076923076923 0.8990384615384616 0.05048076923076923 0.057692307692307696
0 0.5408653846153846 0.9867788461538461 0.0625 0.026442307692307692
0 0.6322115384615384 0.9783653846153846 0.07211538461538461 0.04326923076923077