0 0.27884615384615385 0.8269230769230769 0.05048076923076923 0.055288461538461536
0 0.21514423076923078 0.5829326923076923 0.04807692307692308 0.04807692307692308
0 0.24639423076923078 0.5288461538461539 0.040865384615384616 0.052884615384615384
0 0.4855769230769231 0.5973557692307693 0.040865384615384616 0.040865384615384616
0 0.3545673076923077 0.6887019230769231 0.036057692307692304 0.038461538461538464
0 0.20432692307692307 0.7475961538461539 0.04807692307692308 0.038461538461538464
0 0.027644230769230768 0.5132211538461539 0.055288461538461536 0.0625
0 0.21033653846153846 0.29927884615384615 0.04326923076923077 0.040865384615384616
0 0.31009615384615385 0.25240384615384615 0.03365384615384615 0.02403846153846154
0 0.5612980769230769 0.39783653846153844 0.055288461538461536 0.052884615384615384
0 0.9182692307692307 0.25600961538461536 0.040865384615384616 0.036057692307692304
0 0.8341346153846154 0.18629807692307693 0.055288461538461536 0.04807692307692308
0 0.7632211538461539 0.052884615384615384 0.06490384615384616 0.0673076923076923
0 0.8149038461538461 0.028846153846153848 0.03365384615384615 0.052884615384615384
0 0.8725961538461539 0.7295673076923077 0.04807692307692308 0.055288461538461536
0 0.6394230769230769 0.6225961538461539 0.038461538461538464 0.036057692307692304
0 0.5901442307692307 0.7487980769230769 0.04807692307692308 0.04567307692307692
0 0.5060096153846154 0.8125 0.04807692307692308 0.04807692307692308
0 0.21754807692307693 0.8293269230769231 0.052884615384615384 0.057692307692307696
0 0.1310096153846154 0.6995192307692307 0.0673076923076923 0.06971153846153846
0 0.9266826923076923 0.3762019230769231 0.052884615384615384 0.052884615384615384
0 0.8822115384615384 0.5625 0.052884615384615384 0.055288461538461536
0 0.2956730769230769 0.6838942307692307 0.04807692307692308 0.057692307692307696
0 0.14783653846153846 0.6310096153846154 0.05048076923076923 0.052884615384615384
0 0.6466346153846154 0.5384615384615384 0.06009615384615385 0.0673076923076923
0 0.5757211538461539 0.5276442307692307 0.04567307692307692 0.06490384615384616
0 0.5492788461538461 0.6298076923076923 0.052884615384615384 0.052884615384615384
0 0.4326923076923077 0.8473557692307693 0.07451923076923077 0.08653846153846154
0 0.33653846153846156 0.8076923076923077 0.055288461538461536 0.0673076923076923
0 0.29927884615384615 0.796875 0.04567307692307692 0.055288461538461536
0 0.23197115384615385 0.9158653846153846 0.04567307692307692 0.04567307692307692
0 0.23918269230769232 0.9879807692307693 0.04567307692307692 0.02403846153846154
0 0.7824519230769231 0.7067307692307693 0.0625 0.07451923076923077
0 0.9711538461538461 0.5709134615384616 0.057692307692307696 0.09375
0 0.7367788461538461 0.6045673076923077 0.04567307692307692 0.057692307692307696
0 0.5793269230769231 0.34375 0.0673076923076923 0.0889423076923077
0 0.4519230769230769 0.20072115384615385 0.0625 0.07451923076923077
0 0.3701923076923077 0.21394230769230768 0.057692307692307696 0.0625
0 0.6153846153846154 0.6610576923076923 0.055288461538461536 0.0673076923076923
0 0.4266826923076923 0.6730769230769231 0.040865384615384616 0.04567307692307692
0 0.35216346153846156 0.5877403846153846 0.05048076923076923 0.06490384615384616
0 0.3137019230769231 0.5408653846153846 0.055288461538461536 0.06971153846153846
0 0.3473557692307692 0.47836538461538464 0.052884615384615384 0.057692307692307696
0 0.1466346153846154 0.3329326923076923 0.057692307692307696 0.06490384615384616
0 0.08774038461538461 0.4423076923076923 0.04807692307692308 0.055288461538461536
0 0.14302884615384615 0.5721153846153846 0.03125 0.036057692307692304
0 0.18028846153846154 0.7295673076923077 0.038461538461538464 0.04567307692307692