0 0.03365384615384615 0.2776442307692308 0.0673076923076923 0.10817307692307693
0 0.021634615384615384 0.41225961538461536 0.04326923076923077 0.0889423076923077
0 0.054086538461538464 0.47115384615384615 0.08173076923076923 0.08413461538461539
0 0.15865384615384615 0.7716346153846154 0.10817307692307693 0.16346153846153846
0 0.3137019230769231 0.9459134615384616 0.11778846153846154 0.10817307692307693
0 0.3701923076923077 0.9350961538461539 0.0673076923076923 0.10576923076923077
0 0.4579326923076923 0.9579326923076923 0.07451923076923077 0.08413461538461539
0 0.5504807692307693 0.9579326923076923 0.052884615384615384 0.057692307692307696
0 0.6237980769230769 0.9459134615384616 0.07211538461538461 0.0889423076923077
0 0.5805288461538461 0.7836538461538461 0.09615384615384616 0.0985576923076923
0 0.7127403846153846 0.7836538461538461 0.08173076923076923 0.06009615384615385
0 0.7776442307692307 0.8209134615384616 0.08173076923076923 0.0889423076923077
0 0.7644230769230769 0.9110576923076923 0.07692307692307693 0.06971153846153846
0 0.8064903846153846 0.4795673076923077 0.09375 0.13221153846153846
0 0.6983173076923077 0.3173076923076923 0.07451923076923077 0.07932692307692307
0 0.7524038461538461 0.17307692307692307 0.07692307692307693 0.0985576923076923
0 0.7379807692307693 0.0733173076923077 0.07932692307692307 0.09615384615384616
0 0.5913461538461539 0.09134615384615384 0.07932692307692307 0.10576923076923077
0 0.47596153846153844 0.15865384615384615 0.08173076923076923 0.11538461538461539
0 0.46875 0.2980769230769231 0.06490384615384616 0.09615384615384616
0 0.35697115384615385 0.09375 0.0673076923076923 0.10096153846153846
0 0.140625 0.36177884615384615 0.08413461538461539 0.10576923076923077