0 0.546875 0.09735576923076923 0.10576923076923077 0.14182692307692307
0 0.23076923076923078 0.31971153846153844 0.07932692307692307 0.11778846153846154
0 0.15144230769230768 0.32211538461538464 0.07692307692307693 0.1201923076923077
0 0.15264423076923078 0.15985576923076922 0.0985576923076923 0.1201923076923077
0 0.2764423076923077 0.5048076923076923 0.09134615384615384 0.11057692307692307
0 0.19831730769230768 0.4483173076923077 0.08653846153846154 0.10817307692307693
0 0.31971153846153844 0.6394230769230769 0.0889423076923077 0.12740384615384615
0 0.32572115384615385 0.9278846153846154 0.06971153846153846 0.08653846153846154
0 0.41947115384615385 0.9759615384615384 0.05048076923076923 0.04807692307692308
0 0.5288461538461539 0.6550480769230769 0.10817307692307693 0.14182692307692307
0 0.7584134615384616 0.7307692307692307 0.07211538461538461 0.0889423076923077
0 0.7584134615384616 0.5180288461538461 0.09615384615384616 0.10576923076923077
0 0.859375 0.27884615384615385 0.10817307692307693 0.125
0 0.9122596153846154 0.47596153846153844 0.0985576923076923 0.1466346153846154
0 0.6634615384615384 0.34134615384615385 0.0985576923076923 0.11538461538461539
0 0.5949519230769231 0.2800480769230769 0.08173076923076923 0.0889423076923077
0 0.4050480769230769 0.17067307692307693 0.09615384615384616 0.11298076923076923
0 0.5997596153846154 0.7271634615384616 0.0889423076923077 0.10336538461538461