0 0.5901442307692307 0.30288461538461536 0.039663461538461536 0.05048076923076923
0 0.6418269230769231 0.2127403846153846 0.025240384615384616 0.10216346153846154
0 0.7463942307692307 0.21754807692307693 0.04807692307692308 0.06971153846153846
0 0.6766826923076923 0.41586538461538464 0.057692307692307696 0.0889423076923077
0 0.8293269230769231 0.4963942307692308 0.057692307692307696 0.06490384615384616
0 0.6213942307692307 0.5036057692307693 0.05048076923076923 0.055288461538461536
0 0.5036057692307693 0.7115384615384616 0.06129807692307692 0.10216346153846154
0 0.44711538461538464 0.6875 0.04807692307692308 0.078125
0 0.1778846153846154 0.6538461538461539 0.04807692307692308 0.06009615384615385
0 0.13822115384615385 0.5504807692307693 0.04447115384615385 0.04927884615384615
0 0.08774038461538461 0.7379807692307693 0.05889423076923077 0.06370192307692307
0 0.21394230769230768 0.7884615384615384 0.040865384615384616 0.028846153846153848
0 0.31971153846153844 0.9555288461538461 0.042067307692307696 0.054086538461538464
0 0.4963942307692308 0.9326923076923077 0.07451923076923077 0.06850961538461539
0 0.6983173076923077 0.8713942307692307 0.08173076923076923 0.0625
0 0.8810096153846154 0.5600961538461539 0.040865384615384616 0.07572115384615384
0 0.8822115384615384 0.2980769230769231 0.036057692307692304 0.07692307692307693
0 0.7848557692307693 0.2800480769230769 0.036057692307692304 0.05048076923076923
0 0.5480769230769231 0.1658653846153846 0.040865384615384616 0.05048076923076923
0 0.028846153846153848 0.65625 0.037259615384615384 0.06850961538461539
0 0.018028846153846152 0.7716346153846154 0.03485576923076923 0.04326923076923077
0 0.8209134615384616 0.02283653846153846 0.05048076923076923 0.04326923076923077
0 0.6478365384615384 0.03125 0.054086538461538464 0.04326923076923077
0 0.8798076923076923 0.04807692307692308 0.038461538461538464 0.05889423076923077
0 0.9459134615384616 0.21875 0.055288461538461536 0.04326923076923077
0 0.9242788461538461 0.18028846153846154 0.04447115384615385 0.038461538461538464
0 0.8966346153846154 0.15504807692307693 0.04807692307692308 0.04927884615384615
0 0.9314903846153846 0.4362980769230769 0.036057692307692304 0.09735576923076923
0 0.6490384615384616 0.30408653846153844 0.040865384615384616 0.07572115384615384
0 0.8305288461538461 0.06610576923076923 0.04567307692307692 0.037259615384615384
0 0.9639423076923077 0.05048076923076923 0.051682692307692304 0.038461538461538464
0 0.5661057692307693 0.018028846153846152 0.04447115384615385 0.036057692307692304