0 0.6862980769230769 0.7211538461538461 0.09375 0.10096153846153846
0 0.6105769230769231 0.44591346153846156 0.09134615384615384 0.10096153846153846
0 0.5360576923076923 0.4483173076923077 0.09134615384615384 0.11298076923076923
0 0.45072115384615385 0.2692307692307692 0.08653846153846154 0.11057692307692307
0 0.4182692307692308 0.06009615384615385 0.09134615384615384 0.10096153846153846
0 0.25 0.23677884615384615 0.09615384615384616 0.0985576923076923
0 0.19230769230769232 0.7331730769230769 0.08413461538461539 0.08173076923076923
0 0.37740384615384615 0.7908653846153846 0.09134615384615384 0.11057692307692307
0 0.453125 0.7764423076923077 0.07451923076923077 0.08173076923076923
0 0.8293269230769231 0.6165865384615384 0.09134615384615384 0.10096153846153846
0 0.9350961538461539 0.44471153846153844 0.07451923076923077 0.11538461538461539
0 0.8209134615384616 0.25721153846153844 0.09615384615384616 0.09134615384615384
0 0.09615384615384616 0.31971153846153844 0.08653846153846154 0.09375
0 0.2403846153846154 0.15384615384615385 0.08413461538461539 0.08413461538461539
0 0.6466346153846154 0.057692307692307696 0.0985576923076923 0.09134615384615384
0 0.17908653846153846 0.4266826923076923 0.08413461538461539 0.08653846153846154
0 0.15745192307692307 0.6598557692307693 0.0985576923076923 0.12740384615384615
0 0.0985576923076923 0.7824519230769231 0.14182692307692307 0.20192307692307693
0 0.8822115384615384 0.7884615384615384 0.11057692307692307 0.11298076923076923
0 0.5709134615384616 0.018028846153846152 0.06490384615384616 0.036057692307692304
0 0.1658653846153846 0.046875 0.09134615384615384 0.09375