0 0.47475961538461536 0.28846153846153844 0.06009615384615385 0.06490384615384616
0 0.4807692307692308 0.17908653846153846 0.07211538461538461 0.10817307692307693
0 0.5829326923076923 0.1346153846153846 0.07932692307692307 0.0889423076923077
0 0.609375 0.35697115384615385 0.09615384615384616 0.11057692307692307
0 0.7920673076923077 0.36177884615384615 0.08413461538461539 0.0889423076923077
0 0.5973557692307693 0.46634615384615385 0.07451923076923077 0.07692307692307693
0 0.5817307692307693 0.71875 0.10576923076923077 0.125
0 0.5168269230769231 0.7211538461538461 0.08173076923076923 0.09615384615384616
0 0.24639423076923078 0.8149038461538461 0.07451923076923077 0.07932692307692307
0 0.15985576923076922 0.734375 0.06490384615384616 0.0673076923076923
0 0.19831730769230768 0.9375 0.08653846153846154 0.0889423076923077
0 0.34134615384615385 0.9266826923076923 0.052884615384615384 0.04567307692307692
0 0.6778846153846154 0.9302884615384616 0.10096153846153846 0.0985576923076923
0 0.8413461538461539 0.78125 0.10576923076923077 0.09615384615384616
0 0.8713942307692307 0.39903846153846156 0.07451923076923077 0.09134615384615384
0 0.7512019230769231 0.14783653846153846 0.06971153846153846 0.0889423076923077
0 0.6490384615384616 0.17548076923076922 0.057692307692307696 0.06490384615384616
0 0.3713942307692308 0.1778846153846154 0.0625 0.0673076923076923
0 0.4050480769230769 0.018028846153846152 0.06490384615384616 0.036057692307692304
0 0.7740384615384616 0.042067307692307696 0.07211538461538461 0.0673076923076923
0 0.7367788461538461 0.02283653846153846 0.06009615384615385 0.04567307692307692
0 0.6959134615384616 0.019230769230769232 0.06971153846153846 0.038461538461538464
0 0.8617788461538461 0.25841346153846156 0.07932692307692307 0.10817307692307693
0 0.53125 0.26322115384615385 0.07451923076923077 0.09134615384615384
0 0.32211538461538464 0.038461538461538464 0.04807692307692308 0.03365384615384615