0 0.4651442307692308 0.009615384615384616 0.07451923076923077 0.019230769230769232
0 0.5564903846153846 0.13221153846153846 0.08653846153846154 0.0889423076923077
0 0.7019230769230769 0.0733173076923077 0.04807692307692308 0.04807692307692308
0 0.6682692307692307 0.19110576923076922 0.08653846153846154 0.09615384615384616
0 0.7800480769230769 0.17908653846153846 0.055288461538461536 0.055288461538461536
0 0.7463942307692307 0.2764423076923077 0.07451923076923077 0.07932692307692307
0 0.6838942307692307 0.35336538461538464 0.07451923076923077 0.08173076923076923
0 0.5528846153846154 0.27524038461538464 0.08173076923076923 0.08653846153846154
0 0.4987980769230769 0.32091346153846156 0.0625 0.06971153846153846
0 0.390625 0.37259615384615385 0.07211538461538461 0.07692307692307693
0 0.24158653846153846 0.3713942307692308 0.06490384615384616 0.06490384615384616
0 0.13822115384615385 0.36778846153846156 0.06009615384615385 0.0673076923076923
0 0.11899038461538461 0.3449519230769231 0.057692307692307696 0.06009615384615385
0 0.038461538461538464 0.4014423076923077 0.07451923076923077 0.08173076923076923
0 0.15264423076923078 0.16826923076923078 0.06971153846153846 0.06971153846153846
0 0.21754807692307693 0.6225961538461539 0.07692307692307693 0.08173076923076923
0 0.4338942307692308 0.5805288461538461 0.07451923076923077 0.07932692307692307
0 0.41466346153846156 0.6418269230769231 0.0625 0.0673076923076923
0 0.3329326923076923 0.6610576923076923 0.055288461538461536 0.055288461538461536
0 0.5348557692307693 0.5324519230769231 0.06009615384615385 0.0625
0 0.49158653846153844 0.5913461538461539 0.06009615384615385 0.06490384615384616
0 0.6225961538461539 0.49278846153846156 0.07451923076923077 0.07932692307692307
0 0.7800480769230769 0.47836538461538464 0.06490384615384616 0.06971153846153846
0 0.8413461538461539 0.4014423076923077 0.0673076923076923 0.07692307692307693
0 0.8966346153846154 0.3713942307692308 0.0625 0.0673076923076923
0 0.9567307692307693 0.40865384615384615 0.0625 0.06490384615384616
0 0.9471153846153846 0.46153846153846156 0.06490384615384616 0.0673076923076923
0 0.9002403846153846 0.5336538461538461 0.07692307692307693 0.08173076923076923
0 0.8665865384615384 0.4735576923076923 0.07932692307692307 0.07692307692307693
0 0.8161057692307693 0.5204326923076923 0.0625 0.0673076923076923
0 0.9507211538461539 0.6213942307692307 0.07932692307692307 0.09134615384615384
0 0.7668269230769231 0.7139423076923077 0.052884615384615384 0.0625
0 0.7211538461538461 0.6418269230769231 0.055288461538461536 0.05048076923076923
0 0.6610576923076923 0.7403846153846154 0.08653846153846154 0.09134615384615384
0 0.6033653846153846 0.8870192307692307 0.07211538461538461 0.07932692307692307
0 0.6213942307692307 0.9134615384615384 0.08413461538461539 0.08413461538461539
0 0.7235576923076923 0.9603365384615384 0.07211538461538461 0.07932692307692307
0 0.6862980769230769 0.9855769230769231 0.09375 0.028846153846153848
0 0.3858173076923077 0.46634615384615385 0.09134615384615384 0.09615384615384616
0 0.9891826923076923 0.3798076923076923 0.021634615384615384 0.08173076923076923