0 0.2920673076923077 0.39663461538461536 0.027644230769230768 0.036057692307692304
0 0.7427884615384616 0.1141826923076923 0.036057692307692304 0.04326923076923077
0 0.7211538461538461 0.18629807692307693 0.026442307692307692 0.04447115384615385
0 0.6947115384615384 0.19471153846153846 0.02283653846153846 0.03485576923076923
0 0.6382211538461539 0.2247596153846154 0.03365384615384615 0.04807692307692308
0 0.7728365384615384 0.30649038461538464 0.036057692307692304 0.06129807692307692
0 0.6778846153846154 0.5408653846153846 0.027644230769230768 0.056490384615384616
0 0.6490384615384616 0.6514423076923077 0.025240384615384616 0.0625
0 0.6935096153846154 0.8942307692307693 0.03245192307692308 0.040865384615384616
0 0.5637019230769231 0.8245192307692307 0.028846153846153848 0.06370192307692307
0 0.5096153846153846 0.8317307692307693 0.016826923076923076 0.039663461538461536
0 0.5060096153846154 0.8629807692307693 0.013221153846153846 0.046875
0 0.5048076923076923 0.7536057692307693 0.03125 0.030048076923076924
0 0.5144230769230769 0.5889423076923077 0.018028846153846152 0.055288461538461536
0 0.5649038461538461 0.5036057692307693 0.025240384615384616 0.04567307692307692
0 0.5108173076923077 0.4170673076923077 0.016826923076923076 0.04447115384615385
0 0.5204326923076923 0.3701923076923077 0.02403846153846154 0.056490384615384616
0 0.5528846153846154 0.296875 0.03485576923076923 0.05048076923076923
0 0.5528846153846154 0.0889423076923077 0.039663461538461536 0.0625
0 0.47115384615384615 0.11177884615384616 0.03245192307692308 0.040865384615384616
0 0.43028846153846156 0.14903846153846154 0.036057692307692304 0.037259615384615384
0 0.4483173076923077 0.18990384615384615 0.03485576923076923 0.037259615384615384
0 0.4050480769230769 0.26802884615384615 0.030048076923076924 0.05889423076923077
0 0.4110576923076923 0.21995192307692307 0.039663461538461536 0.046875
0 0.38341346153846156 0.31009615384615385 0.04326923076923077 0.06610576923076923
0 0.4026442307692308 0.4254807692307692 0.03125 0.04807692307692308
0 0.39783653846153844 0.5 0.036057692307692304 0.038461538461538464
0 0.41586538461538464 0.5769230769230769 0.03125 0.036057692307692304
0 0.4266826923076923 0.6887019230769231 0.042067307692307696 0.05048076923076923
0 0.3918269230769231 0.8533653846153846 0.026442307692307692 0.03125
0 0.41346153846153844 0.8966346153846154 0.03245192307692308 0.03245192307692308
0 0.3581730769230769 0.8028846153846154 0.026442307692307692 0.04927884615384615
0 0.3173076923076923 0.8185096153846154 0.03485576923076923 0.055288461538461536
0 0.25600961538461536 0.7788461538461539 0.021634615384615384 0.038461538461538464
0 0.2091346153846154 0.8040865384615384 0.036057692307692304 0.026442307692307692
0 0.18990384615384615 0.828125 0.03485576923076923 0.037259615384615384
0 0.22235576923076922 0.8894230769230769 0.03485576923076923 0.04447115384615385
0 0.171875 0.8834134615384616 0.037259615384615384 0.03125
0 0.17427884615384615 0.6862980769230769 0.020432692307692308 0.046875
0 0.14903846153846154 0.6790865384615384 0.028846153846153848 0.04326923076923077
0 0.23197115384615385 0.6875 0.027644230769230768 0.06610576923076923
0 0.2247596153846154 0.6201923076923077 0.03245192307692308 0.040865384615384616
0 0.19951923076923078 0.5420673076923077 0.03125 0.042067307692307696
0 0.2956730769230769 0.6610576923076923 0.02403846153846154 0.05889423076923077
0 0.13701923076923078 0.546875 0.027644230769230768 0.05889423076923077
0 0.22956730769230768 0.5036057692307693 0.03245192307692308 0.036057692307692304
0 0.20552884615384615 0.45913461538461536 0.037259615384615384 0.04447115384615385
0 0.27884615384615385 0.5048076923076923 0.036057692307692304 0.055288461538461536
0 0.2920673076923077 0.4519230769230769 0.037259615384615384 0.055288461538461536
0 0.25240384615384615 0.4387019230769231 0.03245192307692308 0.04807692307692308
0 0.20793269230769232 0.4050480769230769 0.03245192307692308 0.040865384615384616
0 0.13341346153846154 0.3870192307692308 0.02403846153846154 0.052884615384615384
0 0.2608173076923077 0.3894230769230769 0.036057692307692304 0.054086538461538464
0 0.2536057692307692 0.28846153846153844 0.036057692307692304 0.046875
0 0.24879807692307693 0.19230769230769232 0.037259615384615384 0.06490384615384616
0 0.19951923076923078 0.24639423076923078 0.020432692307692308 0.04807692307692308
0 0.22235576923076922 0.09495192307692307 0.025240384615384616 0.05048076923076923
0 0.20552884615384615 0.07932692307692307 0.03245192307692308 0.042067307692307696
0 0.12139423076923077 0.10216346153846154 0.03125 0.04447115384615385
0 0.12860576923076922 0.06370192307692307 0.036057692307692304 0.036057692307692304
0 0.47596153846153844 0.515625 0.030048076923076924 0.038461538461538464
0 0.42908653846153844 0.06490384615384616 0.03485576923076923 0.04807692307692308
0 0.5204326923076923 0.24278846153846154 0.025240384615384616 0.042067307692307696
0 0.8064903846153846 0.18389423076923078 0.07211538461538461 0.09254807692307693