0 0.4206730769230769 0.28125 0.04567307692307692 0.0889423076923077
0 0.2932692307692308 0.1778846153846154 0.06009615384615385 0.04807692307692308
0 0.21033653846153846 0.15865384615384615 0.05048076923076923 0.07211538461538461
0 0.08533653846153846 0.2860576923076923 0.036057692307692304 0.08173076923076923
0 0.04807692307692308 0.17668269230769232 0.06490384615384616 0.06009615384615385
0 0.06370192307692307 0.021634615384615384 0.04567307692307692 0.04326923076923077
0 0.2283653846153846 0.6899038461538461 0.06971153846153846 0.040865384615384616
0 0.5 0.8233173076923077 0.052884615384615384 0.06009615384615385
0 0.5024038461538461 0.6814903846153846 0.052884615384615384 0.07451923076923077
0 0.6526442307692307 0.5588942307692307 0.057692307692307696 0.0985576923076923
0 0.9242788461538461 0.3870192307692308 0.057692307692307696 0.07932692307692307
0 0.7199519230769231 0.5757211538461539 0.04326923076923077 0.057692307692307696
0 0.9110576923076923 0.6875 0.04807692307692308 0.08413461538461539
0 0.5024038461538461 0.22355769230769232 0.052884615384615384 0.07211538461538461
0 0.47596153846153844 0.038461538461538464 0.06490384615384616 0.0625
0 0.12980769230769232 0.7295673076923077 0.04807692307692308 0.06009615384615385
0 0.006009615384615385 0.7475961538461539 0.01201923076923077 0.0673076923076923
0 0.2620192307692308 0.8713942307692307 0.06009615384615385 0.06009615384615385
0 0.40865384615384615 0.96875 0.04326923076923077 0.055288461538461536
0 0.9759615384615384 0.5252403846153846 0.04807692307692308 0.04326923076923077
0 0.9771634615384616 0.47475961538461536 0.036057692307692304 0.05048076923076923
0 0.7103365384615384 0.15985576923076922 0.038461538461538464 0.052884615384615384
0 0.41466346153846156 0.8004807692307693 0.057692307692307696 0.0673076923076923
0 0.23317307692307693 0.8173076923076923 0.05048076923076923 0.08173076923076923
0 0.2091346153846154 0.7716346153846154 0.038461538461538464 0.052884615384615384
0 0.06850961538461539 0.6394230769230769 0.036057692307692304 0.0673076923076923
0 0.24519230769230768 0.38822115384615385 0.04807692307692308 0.06009615384615385
0 0.3161057692307692 0.29927884615384615 0.05048076923076923 0.0985576923076923
0 0.3485576923076923 0.33052884615384615 0.052884615384615384 0.055288461538461536
0 0.8533653846153846 0.43149038461538464 0.04567307692307692 0.11298076923076923
0 0.10817307692307693 0.8329326923076923 0.038461538461538464 0.11778846153846154
0 0.5576923076923077 0.7920673076923077 0.09615384615384616 0.14182692307692307
0 0.6274038461538461 0.8016826923076923 0.06009615384615385 0.1346153846153846
0 0.6550480769230769 0.7043269230769231 0.05048076923076923 0.08173076923076923
0 0.7920673076923077 0.140625 0.03125 0.06971153846153846
0 0.5168269230769231 0.33774038461538464 0.040865384615384616 0.06009615384615385