0 0.2860576923076923 0.24519230769230768 0.06971153846153846 0.0673076923076923
0 0.37259615384615385 0.10697115384615384 0.06009615384615385 0.04807692307692308
0 0.3425480769230769 0.042067307692307696 0.057692307692307696 0.052884615384615384
0 0.5216346153846154 0.25721153846153844 0.04567307692307692 0.055288461538461536
0 0.5637019230769231 0.3004807692307692 0.055288461538461536 0.06490384615384616
0 0.49759615384615385 0.3762019230769231 0.057692307692307696 0.06971153846153846
0 0.39903846153846156 0.671875 0.06009615384615385 0.06009615384615385
0 0.5612980769230769 0.6334134615384616 0.057692307692307696 0.08173076923076923
0 0.6418269230769231 0.65625 0.057692307692307696 0.0889423076923077
0 0.5697115384615384 0.7235576923076923 0.052884615384615384 0.07692307692307693
0 0.7764423076923077 0.4182692307692308 0.06009615384615385 0.0673076923076923
0 0.8076923076923077 0.21514423076923078 0.052884615384615384 0.0889423076923077
0 0.8545673076923077 0.14543269230769232 0.055288461538461536 0.07211538461538461
0 0.6923076923076923 0.2620192307692308 0.05048076923076923 0.07932692307692307
0 0.7644230769230769 0.7367788461538461 0.040865384615384616 0.07932692307692307
0 0.8521634615384616 0.6742788461538461 0.07211538461538461 0.08173076923076923
0 0.8389423076923077 0.4891826923076923 0.04807692307692308 0.04807692307692308
0 0.12860576923076922 0.38221153846153844 0.04326923076923077 0.0625
0 0.5925480769230769 0.8665865384615384 0.0673076923076923 0.10336538461538461
0 0.42427884615384615 0.7752403846153846 0.04807692307692308 0.08413461538461539
0 0.41346153846153844 0.5300480769230769 0.05048076923076923 0.09615384615384616
0 0.21514423076923078 0.39903846153846156 0.08413461538461539 0.10817307692307693
0 0.29086538461538464 0.46033653846153844 0.07932692307692307 0.09134615384615384
0 0.1814903846153846 0.7103365384615384 0.10817307692307693 0.1201923076923077
0 0.28846153846153844 0.6862980769230769 0.08413461538461539 0.0985576923076923
0 0.44591346153846156 0.04326923076923077 0.055288461538461536 0.08653846153846154
0 0.40625 0.04326923076923077 0.057692307692307696 0.06490384615384616
0 0.7692307692307693 0.3269230769230769 0.06971153846153846 0.07451923076923077
0 0.9639423076923077 0.29447115384615385 0.04326923076923077 0.07692307692307693
0 0.921875 0.3557692307692308 0.052884615384615384 0.07211538461538461
0 0.8966346153846154 0.390625 0.052884615384615384 0.07211538461538461
0 0.8846153846153846 0.5372596153846154 0.07692307692307693 0.07692307692307693
0 0.6550480769230769 0.7608173076923077 0.06971153846153846 0.12740384615384615
0 0.6911057692307693 0.8028846153846154 0.0673076923076923 0.08653846153846154