0 0.7548076923076923 0.3605769230769231 0.0673076923076923 0.0673076923076923
0 0.8329326923076923 0.38100961538461536 0.07211538461538461 0.07211538461538461
0 0.6117788461538461 0.15865384615384615 0.0673076923076923 0.0673076923076923
0 0.2800480769230769 0.12980769230769232 0.08653846153846154 0.08653846153846154
0 0.8161057692307693 0.5204326923076923 0.08653846153846154 0.08653846153846154
0 0.8942307692307693 0.6622596153846154 0.08653846153846154 0.0889423076923077
0 0.8509615384615384 0.7884615384615384 0.09375 0.09615384615384616
0 0.6670673076923077 0.6538461538461539 0.0889423076923077 0.0889423076923077
0 0.45072115384615385 0.59375 0.07451923076923077 0.07692307692307693
0 0.41466346153846156 0.5745192307692307 0.0673076923076923 0.0673076923076923
0 0.4495192307692308 0.71875 0.09375 0.09134615384615384
0 0.36177884615384615 0.6862980769230769 0.09375 0.09615384615384616
0 0.9375 0.4182692307692308 0.08653846153846154 0.08653846153846154
0 0.6742788461538461 0.5252403846153846 0.125 0.12740384615384615
0 0.5516826923076923 0.36177884615384615 0.11057692307692307 0.11057692307692307
0 0.8052884615384616 0.7379807692307693 0.10817307692307693 0.11057692307692307