0 0.5997596153846154 0.6069711538461539 0.0625 0.0625
0 0.703125 0.5973557692307693 0.07692307692307693 0.0889423076923077
0 0.3485576923076923 0.19471153846153846 0.0625 0.08173076923076923
0 0.5865384615384616 0.016826923076923076 0.08653846153846154 0.03365384615384615
0 0.9242788461538461 0.3269230769230769 0.057692307692307696 0.06009615384615385
0 0.8954326923076923 0.45072115384615385 0.07211538461538461 0.0985576923076923
0 0.9747596153846154 0.5480769230769231 0.05048076923076923 0.0625
0 0.9939903846153846 0.6875 0.01201923076923077 0.0673076923076923
0 0.9050480769230769 0.22355769230769232 0.04807692307692308 0.06009615384615385
0 0.6286057692307693 0.1141826923076923 0.07211538461538461 0.08173076923076923
0 0.4675480769230769 0.12139423076923077 0.052884615384615384 0.06009615384615385
0 0.46274038461538464 0.17668269230769232 0.06009615384615385 0.0625
0 0.3485576923076923 0.4375 0.055288461538461536 0.0673076923076923
0 0.6153846153846154 0.9026442307692307 0.06009615384615385 0.0625
0 0.609375 0.984375 0.055288461538461536 0.03125
0 0.8401442307692307 0.84375 0.05048076923076923 0.0625
0 0.6947115384615384 0.5372596153846154 0.04567307692307692 0.055288461538461536
0 0.6105769230769231 0.3088942307692308 0.06490384615384616 0.0625
0 0.8882211538461539 0.6237980769230769 0.06490384615384616 0.06971153846153846
0 0.9519230769230769 0.6706730769230769 0.057692307692307696 0.0625
0 0.12620192307692307 0.45913461538461536 0.0625 0.0673076923076923
0 0.13701923076923078 0.5216346153846154 0.0625 0.06971153846153846
0 0.19110576923076922 0.4026442307692308 0.057692307692307696 0.06009615384615385
0 0.20072115384615385 0.35697115384615385 0.052884615384615384 0.06971153846153846
0 0.24158653846153846 0.1935096153846154 0.0673076923076923 0.06971153846153846
0 0.27403846153846156 0.33533653846153844 0.0625 0.06490384615384616
0 0.3173076923076923 0.33533653846153844 0.0625 0.06971153846153846
0 0.36538461538461536 0.5552884615384616 0.0673076923076923 0.08653846153846154
0 0.4026442307692308 0.5793269230769231 0.07692307692307693 0.0889423076923077
0 0.6682692307692307 0.7536057692307693 0.08653846153846154 0.0985576923076923
0 0.7007211538461539 0.8305288461538461 0.0673076923076923 0.08413461538461539
0 0.7379807692307693 0.8990384615384616 0.08173076923076923 0.08173076923076923
0 0.6622596153846154 0.9471153846153846 0.06971153846153846 0.07932692307692307
0 0.7920673076923077 0.6826923076923077 0.125 0.13221153846153846
0 0.8233173076923077 0.546875 0.0889423076923077 0.11538461538461539
0 0.7728365384615384 0.43028846153846156 0.0673076923076923 0.08173076923076923
0 0.5552884615384616 0.47836538461538464 0.09375 0.10096153846153846