0 0.8365384615384616 0.6923076923076923 0.05048076923076923 0.040865384615384616
0 0.8834134615384616 0.5673076923076923 0.052884615384615384 0.06009615384615385
0 0.8990384615384616 0.42908653846153844 0.040865384615384616 0.04807692307692308
0 0.43149038461538464 0.9326923076923077 0.07451923076923077 0.0625
0 0.34975961538461536 0.9254807692307693 0.07211538461538461 0.0673076923076923
0 0.23798076923076922 0.6225961538461539 0.05048076923076923 0.08413461538461539
0 0.19831730769230768 0.41586538461538464 0.057692307692307696 0.07692307692307693
0 0.14903846153846154 0.17908653846153846 0.06971153846153846 0.04567307692307692
0 0.052884615384615384 0.09735576923076923 0.06009615384615385 0.06490384615384616
0 0.07932692307692307 0.24759615384615385 0.036057692307692304 0.06490384615384616
0 0.09014423076923077 0.8533653846153846 0.04567307692307692 0.038461538461538464
0 0.15625 0.9567307692307693 0.0673076923076923 0.0625
0 0.6334134615384616 0.9098557692307693 0.08413461538461539 0.10336538461538461
0 0.5540865384615384 0.9182692307692307 0.0673076923076923 0.0889423076923077
0 0.8185096153846154 0.4651442307692308 0.04807692307692308 0.10336538461538461
0 0.9254807692307693 0.32211538461538464 0.052884615384615384 0.07451923076923077
0 0.9122596153846154 0.36538461538461536 0.057692307692307696 0.06009615384615385
0 0.6117788461538461 0.10697115384615384 0.06490384615384616 0.09615384615384616
0 0.5901442307692307 0.019230769230769232 0.04807692307692308 0.03365384615384615
0 0.15384615384615385 0.020432692307692308 0.052884615384615384 0.040865384615384616
0 0.038461538461538464 0.01201923076923077 0.04807692307692308 0.02403846153846154
0 0.9747596153846154 0.48677884615384615 0.04567307692307692 0.10336538461538461
0 0.7283653846153846 0.6911057692307693 0.08653846153846154 0.1466346153846154