0 0.390625 0.47475961538461536 0.10336538461538461 0.10576923076923077
0 0.328125 0.5721153846153846 0.0889423076923077 0.0889423076923077
0 0.3918269230769231 0.6850961538461539 0.11057692307692307 0.10817307692307693
0 0.7295673076923077 0.41947115384615385 0.14423076923076922 0.13942307692307693
0 0.7896634615384616 0.2091346153846154 0.10817307692307693 0.10576923076923077
0 0.9423076923076923 0.2920673076923077 0.11298076923076923 0.11057692307692307
0 0.6887019230769231 0.06850961538461539 0.08413461538461539 0.08173076923076923
0 0.421875 0.21754807692307693 0.08653846153846154 0.08413461538461539
0 0.24519230769230768 0.34134615384615385 0.11538461538461539 0.11298076923076923
0 0.5276442307692307 0.4411057692307692 0.09134615384615384 0.09375
0 0.7992788461538461 0.5733173076923077 0.08413461538461539 0.08413461538461539
0 0.8353365384615384 0.14182692307692307 0.057692307692307696 0.055288461538461536
0 0.18509615384615385 0.703125 0.13942307692307693 0.14182692307692307
0 0.2536057692307692 0.6237980769230769 0.11538461538461539 0.11778846153846154
0 0.5240384615384616 0.5396634615384616 0.09134615384615384 0.09375
0 0.5576923076923077 0.5877403846153846 0.10096153846153846 0.10096153846153846
0 0.36177884615384615 0.7307692307692307 0.08653846153846154 0.08653846153846154