0 0.20432692307692307 0.43149038461538464 0.06610576923076923 0.05048076923076923
0 0.24519230769230768 0.5108173076923077 0.057692307692307696 0.052884615384615384
0 0.16947115384615385 0.5673076923076923 0.06971153846153846 0.0733173076923077
0 0.09134615384615384 0.7355769230769231 0.05889423076923077 0.051682692307692304
0 0.052884615384615384 0.6189903846153846 0.07211538461538461 0.06610576923076923
0 0.05889423076923077 0.22235576923076922 0.052884615384615384 0.07692307692307693
0 0.4014423076923077 0.1935096153846154 0.027644230769230768 0.0673076923076923
0 0.4987980769230769 0.13581730769230768 0.07932692307692307 0.06971153846153846
0 0.4254807692307692 0.07091346153846154 0.0673076923076923 0.05889423076923077
0 0.3161057692307692 0.4567307692307692 0.052884615384615384 0.0733173076923077
0 0.36177884615384615 0.6850961538461539 0.06850961538461539 0.07451923076923077
0 0.6490384615384616 0.3629807692307692 0.039663461538461536 0.07451923076923077
0 0.12379807692307693 0.8125 0.055288461538461536 0.07091346153846154