0 0.14423076923076922 0.44471153846153844 0.09375 0.09375
0 0.04567307692307692 0.36658653846153844 0.09134615384615384 0.09375
0 0.01201923076923077 0.34615384615384615 0.02403846153846154 0.0673076923076923
0 0.18269230769230768 0.15144230769230768 0.10096153846153846 0.10096153846153846
0 0.14903846153846154 0.234375 0.08413461538461539 0.08413461538461539
0 0.27163461538461536 0.6478365384615384 0.12259615384615384 0.12259615384615384
0 0.47115384615384615 0.8978365384615384 0.07451923076923077 0.07451923076923077
0 0.5192307692307693 0.9002403846153846 0.06971153846153846 0.06971153846153846
0 0.5516826923076923 0.9675480769230769 0.06971153846153846 0.06490384615384616
0 0.6033653846153846 0.96875 0.09615384615384616 0.0625
0 0.7331730769230769 0.9459134615384616 0.07451923076923077 0.07451923076923077
0 0.5889423076923077 0.6490384615384616 0.14182692307692307 0.14182692307692307
0 0.6646634615384616 0.421875 0.0889423076923077 0.0889423076923077
0 0.75 0.41346153846153844 0.0889423076923077 0.0889423076923077
0 0.7920673076923077 0.41466346153846156 0.11057692307692307 0.11057692307692307
0 0.7944711538461539 0.28125 0.09615384615384616 0.09615384615384616
0 0.7283653846153846 0.515625 0.11298076923076923 0.11298076923076923
0 0.8834134615384616 0.6706730769230769 0.11298076923076923 0.11298076923076923
0 0.9663461538461539 0.5456730769230769 0.0673076923076923 0.09615384615384616