0 0.3173076923076923 0.16947115384615385 0.06129807692307692 0.0625
0 0.32091346153846156 0.3317307692307692 0.06129807692307692 0.06370192307692307
0 0.2283653846153846 0.25600961538461536 0.03485576923076923 0.08413461538461539
0 0.234375 0.5456730769230769 0.052884615384615384 0.052884615384615384
0 0.24158653846153846 0.6454326923076923 0.04807692307692308 0.054086538461538464
0 0.2704326923076923 0.7151442307692307 0.04447115384615385 0.046875
0 0.27403846153846156 0.9182692307692307 0.03125 0.08653846153846154
0 0.1141826923076923 0.7944711538461539 0.04326923076923077 0.055288461538461536
0 0.11298076923076923 0.5132211538461539 0.027644230769230768 0.0673076923076923
0 0.3942307692307692 0.5204326923076923 0.04807692307692308 0.052884615384615384
0 0.31850961538461536 0.5072115384615384 0.051682692307692304 0.07932692307692307
0 0.3112980769230769 0.5961538461538461 0.030048076923076924 0.05889423076923077
0 0.35697115384615385 0.7103365384615384 0.038461538461538464 0.09615384615384616
0 0.38822115384615385 0.6237980769230769 0.04807692307692308 0.07932692307692307
0 0.5853365384615384 0.5769230769230769 0.04567307692307692 0.06610576923076923
0 0.5625 0.6935096153846154 0.057692307692307696 0.07932692307692307
0 0.6021634615384616 0.8305288461538461 0.038461538461538464 0.06610576923076923
0 0.5444711538461539 0.38461538461538464 0.06490384615384616 0.052884615384615384
0 0.59375 0.28365384615384615 0.03365384615384615 0.06370192307692307
0 0.6045673076923077 0.19471153846153846 0.04927884615384615 0.09014423076923077
0 0.6454326923076923 0.09014423076923077 0.04326923076923077 0.05048076923076923
0 0.6670673076923077 0.15745192307692307 0.042067307692307696 0.04807692307692308
0 0.8737980769230769 0.34134615384615385 0.04447115384615385 0.06490384615384616
0 0.7860576923076923 0.46875 0.03485576923076923 0.06490384615384616
0 0.7788461538461539 0.5685096153846154 0.027644230769230768 0.07211538461538461
0 0.8774038461538461 0.7211538461538461 0.03365384615384615 0.07932692307692307
0 0.7211538461538461 0.7451923076923077 0.028846153846153848 0.057692307692307696
0 0.7752403846153846 0.8798076923076923 0.042067307692307696 0.07091346153846154
0 0.23076923076923078 0.7872596153846154 0.04807692307692308 0.07572115384615384
0 0.7980769230769231 0.25721153846153844 0.06490384615384616 0.109375