0 0.3425480769230769 0.33774038461538464 0.038461538461538464 0.04807692307692308
0 0.36538461538461536 0.3245192307692308 0.021634615384615384 0.038461538461538464
0 0.3918269230769231 0.25841346153846156 0.026442307692307692 0.026442307692307692
0 0.4326923076923077 0.25841346153846156 0.038461538461538464 0.04807692307692308
0 0.421875 0.1658653846153846 0.02403846153846154 0.03125
0 0.33774038461538464 0.1658653846153846 0.06009615384615385 0.04567307692307692
0 0.2127403846153846 0.11778846153846154 0.052884615384615384 0.04567307692307692
0 0.21875 0.23197115384615385 0.040865384615384616 0.05048076923076923
0 0.0985576923076923 0.19230769230769232 0.055288461538461536 0.057692307692307696
0 0.09375 0.09735576923076923 0.04326923076923077 0.03125
0 0.13822115384615385 0.10576923076923077 0.03365384615384615 0.040865384615384616
0 0.17908653846153846 0.0829326923076923 0.06009615384615385 0.04807692307692308
0 0.2548076923076923 0.057692307692307696 0.040865384615384616 0.03125
0 0.3641826923076923 0.027644230769230768 0.040865384615384616 0.026442307692307692
0 0.39663461538461536 0.020432692307692308 0.019230769230769232 0.021634615384615384
0 0.4338942307692308 0.07211538461538461 0.038461538461538464 0.04326923076923077
0 0.42908653846153844 0.1045673076923077 0.03365384615384615 0.036057692307692304
0 0.4879807692307692 0.14783653846153846 0.036057692307692304 0.040865384615384616
0 0.5216346153846154 0.15985576923076922 0.028846153846153848 0.03125
0 0.4951923076923077 0.17668269230769232 0.03365384615384615 0.026442307692307692
0 0.46153846153846156 0.020432692307692308 0.038461538461538464 0.040865384615384616
0 0.5925480769230769 0.009615384615384616 0.021634615384615384 0.019230769230769232
0 0.5949519230769231 0.055288461538461536 0.03125 0.038461538461538464
0 0.5540865384615384 0.07211538461538461 0.040865384615384616 0.03365384615384615
0 0.5036057692307693 0.04807692307692308 0.038461538461538464 0.028846153846153848
0 0.7740384615384616 0.10697115384615384 0.04567307692307692 0.055288461538461536
0 0.6923076923076923 0.1622596153846154 0.03365384615384615 0.040865384615384616
0 0.6442307692307693 0.14783653846153846 0.021634615384615384 0.03125
0 0.5673076923076923 0.1622596153846154 0.040865384615384616 0.05048076923076923
0 0.5637019230769231 0.1971153846153846 0.04807692307692308 0.04807692307692308
0 0.5721153846153846 0.23918269230769232 0.03125 0.038461538461538464
0 0.5288461538461539 0.3233173076923077 0.03365384615384615 0.040865384615384616
0 0.4543269230769231 0.3786057692307692 0.04807692307692308 0.040865384615384616
0 0.23076923076923078 0.3473557692307692 0.052884615384615384 0.055288461538461536
0 0.125 0.28365384615384615 0.06490384615384616 0.06490384615384616
0 0.16346153846153846 0.5060096153846154 0.07451923076923077 0.07932692307692307
0 0.14182692307692307 0.5552884615384616 0.05048076923076923 0.040865384615384616
0 0.22235576923076922 0.5973557692307693 0.03125 0.04326923076923077
0 0.36177884615384615 0.5540865384615384 0.038461538461538464 0.04326923076923077
0 0.4026442307692308 0.5420673076923077 0.036057692307692304 0.04807692307692308
0 0.44711538461538464 0.5528846153846154 0.021634615384615384 0.028846153846153848
0 0.49278846153846156 0.5564903846153846 0.028846153846153848 0.040865384615384616
0 0.5060096153846154 0.6201923076923077 0.05048076923076923 0.052884615384615384
0 0.5793269230769231 0.6201923076923077 0.057692307692307696 0.052884615384615384
0 0.5709134615384616 0.5540865384615384 0.038461538461538464 0.05048076923076923
0 0.5552884615384616 0.46875 0.052884615384615384 0.0673076923076923
0 0.5841346153846154 0.44350961538461536 0.040865384615384616 0.055288461538461536
0 0.5745192307692307 0.37740384615384615 0.06009615384615385 0.0673076923076923
0 0.6165865384615384 0.32211538461538464 0.05048076923076923 0.055288461538461536
0 0.6862980769230769 0.36538461538461536 0.04326923076923077 0.04326923076923077
0 0.6754807692307693 0.39903846153846156 0.04567307692307692 0.040865384615384616
0 0.6610576923076923 0.5012019230769231 0.036057692307692304 0.06009615384615385
0 0.6141826923076923 0.5408653846153846 0.052884615384615384 0.0673076923076923
0 0.6310096153846154 0.5829326923076923 0.052884615384615384 0.055288461538461536
0 0.703125 0.5480769230769231 0.04567307692307692 0.04326923076923077
0 0.8112980769230769 0.6141826923076923 0.06971153846153846 0.06971153846153846
0 0.8040865384615384 0.6526442307692307 0.05048076923076923 0.04807692307692308
0 0.828125 0.4699519230769231 0.04567307692307692 0.05048076923076923
0 0.7536057692307693 0.24158653846153846 0.036057692307692304 0.07211538461538461
0 0.7560096153846154 0.19591346153846154 0.03365384615384615 0.03125
0 0.8125 0.21153846153846154 0.03125 0.04326923076923077
0 0.6526442307692307 0.2608173076923077 0.04567307692307692 0.04567307692307692
0 0.6021634615384616 0.17908653846153846 0.028846153846153848 0.036057692307692304
0 0.26802884615384615 0.4182692307692308 0.04567307692307692 0.04807692307692308
0 0.27524038461538464 0.48677884615384615 0.04326923076923077 0.04567307692307692
0 0.2848557692307692 0.21634615384615385 0.036057692307692304 0.04567307692307692
0 0.20673076923076922 0.7127403846153846 0.06009615384615385 0.06009615384615385
0 0.25721153846153844 0.6610576923076923 0.052884615384615384 0.05048076923076923
0 0.27283653846153844 0.8954326923076923 0.04807692307692308 0.04807692307692308
0 0.3329326923076923 0.625 0.036057692307692304 0.04326923076923077
0 0.36177884615384615 0.640625 0.03125 0.038461538461538464
0 0.38822115384615385 0.6550480769230769 0.038461538461538464 0.04807692307692308
0 0.5084134615384616 0.90625 0.04807692307692308 0.057692307692307696
0 0.4375 0.8701923076923077 0.04567307692307692 0.038461538461538464
0 0.34615384615384615 0.9747596153846154 0.04326923076923077 0.05048076923076923
0 0.8882211538461539 0.5913461538461539 0.052884615384615384 0.07692307692307693
0 0.9170673076923077 0.7055288461538461 0.04326923076923077 0.04567307692307692
0 0.8701923076923077 0.78125 0.026442307692307692 0.021634615384615384
0 0.828125 0.8317307692307693 0.05048076923076923 0.026442307692307692
0 0.875 0.8689903846153846 0.026442307692307692 0.03125
0 0.8966346153846154 0.9122596153846154 0.03365384615384615 0.014423076923076924
0 0.8509615384615384 0.9194711538461539 0.038461538461538464 0.02403846153846154
0 0.7980769230769231 0.8557692307692307 0.055288461538461536 0.0625
0 0.6394230769230769 0.1045673076923077 0.038461538461538464 0.057692307692307696
0 0.24519230769230768 0.7451923076923077 0.026442307692307692 0.036057692307692304
0 0.26322115384615385 0.9519230769230769 0.052884615384615384 0.038461538461538464
0 0.42427884615384615 0.4098557692307692 0.03365384615384615 0.03365384615384615
0 0.40865384615384615 0.36658653846153844 0.03365384615384615 0.040865384615384616
0 0.4423076923076923 0.31850961538461536 0.038461538461538464 0.04326923076923077
0 0.2848557692307692 0.14783653846153846 0.04326923076923077 0.057692307692307696
0 0.2704326923076923 0.109375 0.04567307692307692 0.04326923076923077
0 0.2403846153846154 0.09375 0.03125 0.028846153846153848
0 0.53125 0.2512019230769231 0.036057692307692304 0.04567307692307692
0 0.5048076923076923 0.23197115384615385 0.03365384615384615 0.03365384615384615
0 0.515625 0.3449519230769231 0.028846153846153848 0.04326923076923077
0 0.5096153846153846 0.36658653846153844 0.03125 0.07692307692307693
0 0.48197115384615385 0.41586538461538464 0.038461538461538464 0.057692307692307696
0 0.4579326923076923 0.4206730769230769 0.036057692307692304 0.05048076923076923
0 0.3233173076923077 0.4362980769230769 0.028846153846153848 0.055288461538461536