0 0.7740384615384616 0.3605769230769231 0.052884615384615384 0.08413461538461539
0 0.8737980769230769 0.14182692307692307 0.04567307692307692 0.06490384615384616
0 0.5709134615384616 0.5168269230769231 0.06610576923076923 0.06370192307692307
0 0.5444711538461539 0.5901442307692307 0.04807692307692308 0.04927884615384615
0 0.5685096153846154 0.9314903846153846 0.04927884615384615 0.06850961538461539
0 0.640625 0.8786057692307693 0.042067307692307696 0.08173076923076923
0 0.8653846153846154 0.8305288461538461 0.051682692307692304 0.078125
0 0.9555288461538461 0.6045673076923077 0.04326923076923077 0.12740384615384615
0 0.9735576923076923 0.8185096153846154 0.03125 0.078125
0 0.25961538461538464 0.8173076923076923 0.0673076923076923 0.039663461538461536
0 0.15745192307692307 0.9278846153846154 0.05889423076923077 0.07572115384615384
0 0.2848557692307692 0.21634615384615385 0.037259615384615384 0.08052884615384616
0 0.5348557692307693 0.33653846153846156 0.03125 0.08413461538461539
0 0.6430288461538461 0.24639423076923078 0.05889423076923077 0.07451923076923077
0 0.38341346153846156 0.11658653846153846 0.056490384615384616 0.06850961538461539
0 0.19831730769230768 0.7055288461538461 0.04567307692307692 0.0829326923076923
0 0.22596153846153846 0.125 0.04567307692307692 0.0889423076923077
0 0.37259615384615385 0.04447115384615385 0.052884615384615384 0.07091346153846154
0 0.7055288461538461 0.5408653846153846 0.03485576923076923 0.08173076923076923
0 0.8004807692307693 0.453125 0.057692307692307696 0.056490384615384616
0 0.9375 0.2548076923076923 0.07451923076923077 0.08052884615384616
0 0.9855769230769231 0.3713942307692308 0.027644230769230768 0.10216346153846154
0 0.6466346153846154 0.8040865384615384 0.0625 0.08052884615384616
0 0.5985576923076923 0.8762019230769231 0.030048076923076924 0.10216346153846154
0 0.421875 0.9038461538461539 0.036057692307692304 0.10096153846153846
0 0.3870192307692308 0.8137019230769231 0.0733173076923077 0.054086538461538464