0 0.33533653846153844 0.6971153846153846 0.052884615384615384 0.0625
0 0.39903846153846156 0.6911057692307693 0.04567307692307692 0.0673076923076923
0 0.47596153846153844 0.7560096153846154 0.052884615384615384 0.06490384615384616
0 0.6322115384615384 0.24879807692307693 0.0625 0.07211538461538461
0 0.7584134615384616 0.11057692307692307 0.052884615384615384 0.06971153846153846
0 0.8401442307692307 0.8317307692307693 0.06971153846153846 0.0889423076923077
0 0.9302884615384616 0.6935096153846154 0.07932692307692307 0.10817307692307693
0 0.8076923076923077 0.9134615384615384 0.05048076923076923 0.07932692307692307
0 0.6862980769230769 0.8257211538461539 0.052884615384615384 0.08653846153846154
0 0.04927884615384615 0.6105769230769231 0.052884615384615384 0.0673076923076923
0 0.2536057692307692 0.546875 0.07451923076923077 0.0673076923076923
0 0.5384615384615384 0.6610576923076923 0.09375 0.0985576923076923
0 0.40625 0.5949519230769231 0.07932692307692307 0.10096153846153846
0 0.26322115384615385 0.6814903846153846 0.06490384615384616 0.07932692307692307
0 0.1778846153846154 0.6225961538461539 0.08653846153846154 0.0889423076923077
0 0.056490384615384616 0.49759615384615385 0.10817307692307693 0.11298076923076923
0 0.7860576923076923 0.7295673076923077 0.06490384615384616 0.09615384615384616
0 0.6899038461538461 0.6538461538461539 0.057692307692307696 0.08173076923076923
0 0.6610576923076923 0.7668269230769231 0.07211538461538461 0.11057692307692307
0 0.84375 0.9579326923076923 0.0673076923076923 0.08413461538461539