0 0.5288461538461539 0.41225961538461536 0.04807692307692308 0.055288461538461536
0 0.5600961538461539 0.4675480769230769 0.052884615384615384 0.04567307692307692
0 0.6634615384615384 0.4375 0.05048076923076923 0.09134615384615384
0 0.6262019230769231 0.29447115384615385 0.0625 0.052884615384615384
0 0.5745192307692307 0.2608173076923077 0.040865384615384616 0.04326923076923077
0 0.5504807692307693 0.3016826923076923 0.052884615384615384 0.036057692307692304
0 0.3737980769230769 0.3485576923076923 0.055288461538461536 0.05048076923076923
0 0.34615384615384615 0.4651442307692308 0.04567307692307692 0.07211538461538461
0 0.31009615384615385 0.6021634615384616 0.04807692307692308 0.08413461538461539
0 0.40625 0.625 0.055288461538461536 0.08173076923076923
0 0.4423076923076923 0.5961538461538461 0.04567307692307692 0.10096153846153846
0 0.4807692307692308 0.5769230769230769 0.052884615384615384 0.1201923076923077
0 0.27283653846153844 0.6826923076923077 0.0625 0.06009615384615385
0 0.21754807692307693 0.5997596153846154 0.055288461538461536 0.0673076923076923
0 0.23076923076923078 0.5096153846153846 0.05048076923076923 0.057692307692307696
0 0.21754807692307693 0.41225961538461536 0.055288461538461536 0.07692307692307693
0 0.027644230769230768 0.5396634615384616 0.04567307692307692 0.0889423076923077
0 0.04927884615384615 0.09615384615384616 0.057692307692307696 0.07211538461538461
0 0.15625 0.13942307692307693 0.07692307692307693 0.052884615384615384
0 0.2848557692307692 0.109375 0.07932692307692307 0.06490384615384616
0 0.21153846153846154 0.04567307692307692 0.057692307692307696 0.07451923076923077
0 0.10336538461538461 0.3545673076923077 0.0673076923076923 0.0625
0 0.30528846153846156 0.3269230769230769 0.04567307692307692 0.0673076923076923
0 0.03365384615384615 0.8004807692307693 0.05048076923076923 0.07451923076923077
0 0.11538461538461539 0.9026442307692307 0.06971153846153846 0.09134615384615384
0 0.20552884615384615 0.96875 0.07932692307692307 0.0625
0 0.4110576923076923 0.9074519230769231 0.08413461538461539 0.07932692307692307
0 0.48677884615384615 0.8966346153846154 0.06009615384615385 0.06490384615384616
0 0.5264423076923077 0.7307692307692307 0.07211538461538461 0.07211538461538461
0 0.9326923076923077 0.06129807692307692 0.038461538461538464 0.07211538461538461
0 0.8245192307692307 0.03365384615384615 0.07692307692307693 0.0673076923076923
0 0.7487980769230769 0.1778846153846154 0.06009615384615385 0.055288461538461536
0 0.6550480769230769 0.06490384615384616 0.07211538461538461 0.04807692307692308
0 0.4987980769230769 0.10216346153846154 0.06490384615384616 0.05048076923076923
0 0.5432692307692307 0.0625 0.05048076923076923 0.06009615384615385
0 0.44471153846153844 0.1778846153846154 0.040865384615384616 0.04807692307692308
0 0.4362980769230769 0.22355769230769232 0.04567307692307692 0.04807692307692308
0 0.7908653846153846 0.6670673076923077 0.06971153846153846 0.0673076923076923
0 0.9543269230769231 0.5036057692307693 0.052884615384615384 0.07451923076923077
0 0.8653846153846154 0.4326923076923077 0.06009615384615385 0.07692307692307693
0 0.9723557692307693 0.4423076923076923 0.055288461538461536 0.08653846153846154
0 0.8365384615384616 0.21394230769230768 0.04326923076923077 0.06490384615384616
0 0.6730769230769231 0.7403846153846154 0.04567307692307692 0.052884615384615384
0 0.7668269230769231 0.8774038461538461 0.07692307692307693 0.07692307692307693
0 0.6887019230769231 0.9206730769230769 0.07692307692307693 0.06490384615384616
0 0.8846153846153846 0.15144230769230768 0.04326923076923077 0.06971153846153846
0 0.9519230769230769 0.16706730769230768 0.04567307692307692 0.055288461538461536
0 0.7680288461538461 0.43149038461538464 0.0673076923076923 0.11298076923076923
0 0.703125 0.3425480769230769 0.04567307692307692 0.10096153846153846
0 0.6430288461538461 0.5060096153846154 0.052884615384615384 0.09134615384615384
0 0.15745192307692307 0.3798076923076923 0.026442307692307692 0.07451923076923077
0 0.13822115384615385 0.36177884615384615 0.03125 0.04807692307692308