0 0.12620192307692307 0.15625 0.07932692307692307 0.07211538461538461
0 0.15985576923076922 0.2932692307692308 0.06009615384615385 0.06971153846153846
0 0.12139423076923077 0.40865384615384615 0.04807692307692308 0.0625
0 0.055288461538461536 0.4411057692307692 0.06490384615384616 0.07692307692307693
0 0.0673076923076923 0.6658653846153846 0.09375 0.0889423076923077
0 0.1622596153846154 0.7091346153846154 0.07211538461538461 0.07932692307692307
0 0.17307692307692307 0.8822115384615384 0.0625 0.07451923076923077
0 0.24278846153846154 0.7908653846153846 0.055288461538461536 0.0625
0 0.28846153846153844 0.7764423076923077 0.05048076923076923 0.07451923076923077
0 0.28846153846153844 0.8365384615384616 0.06490384615384616 0.06009615384615385
0 0.3389423076923077 0.75 0.0625 0.07932692307692307
0 0.3076923076923077 0.484375 0.08413461538461539 0.09615384615384616
0 0.25961538461538464 0.34134615384615385 0.07211538461538461 0.07932692307692307
0 0.2512019230769231 0.6201923076923077 0.0673076923076923 0.09615384615384616
0 0.3125 0.9819711538461539 0.057692307692307696 0.036057692307692304
0 0.3858173076923077 0.9879807692307693 0.06490384615384616 0.02403846153846154
0 0.4951923076923077 0.8882211538461539 0.0625 0.07211538461538461
0 0.5348557692307693 0.703125 0.08413461538461539 0.0985576923076923
0 0.46875 0.5348557692307693 0.0625 0.0673076923076923
0 0.4519230769230769 0.4855769230769231 0.052884615384615384 0.05048076923076923
0 0.35697115384615385 0.3701923076923077 0.07451923076923077 0.08173076923076923
0 0.4387019230769231 0.24519230769230768 0.07932692307692307 0.08173076923076923
0 0.34615384615384615 0.17307692307692307 0.08173076923076923 0.08413461538461539
0 0.3918269230769231 0.07211538461538461 0.057692307692307696 0.06490384615384616
0 0.6334134615384616 0.24519230769230768 0.07451923076923077 0.08653846153846154
0 0.7055288461538461 0.30528846153846156 0.0673076923076923 0.05048076923076923
0 0.7223557692307693 0.34615384615384615 0.0673076923076923 0.06009615384615385
0 0.6899038461538461 0.4579326923076923 0.07211538461538461 0.07211538461538461
0 0.6490384615384616 0.5276442307692307 0.0625 0.06971153846153846
0 0.6442307692307693 0.8209134615384616 0.08653846153846154 0.07211538461538461
0 0.8461538461538461 0.6177884615384616 0.055288461538461536 0.06490384615384616
0 0.9002403846153846 0.6069711538461539 0.06490384615384616 0.07932692307692307
0 0.9375 0.5757211538461539 0.03365384615384615 0.04326923076923077
0 0.9711538461538461 0.4891826923076923 0.057692307692307696 0.11298076923076923
0 0.8365384615384616 0.2848557692307692 0.07211538461538461 0.07211538461538461
0 0.7956730769230769 0.27524038461538464 0.05048076923076923 0.07211538461538461
0 0.7572115384615384 0.1971153846153846 0.04567307692307692 0.03365384615384615
0 0.7067307692307693 0.036057692307692304 0.0673076923076923 0.07211538461538461
0 0.9314903846153846 0.19591346153846154 0.016826923076923076 0.036057692307692304