0 0.34975961538461536 0.5793269230769231 0.06490384615384616 0.0889423076923077
0 0.49399038461538464 0.5889423076923077 0.04807692307692308 0.07932692307692307
0 0.5925480769230769 0.5252403846153846 0.04567307692307692 0.07932692307692307
0 0.4951923076923077 0.13341346153846154 0.07211538461538461 0.07932692307692307
0 0.5841346153846154 0.1971153846153846 0.04326923076923077 0.0985576923076923
0 0.7620192307692307 0.0985576923076923 0.05048076923076923 0.09375
0 0.7728365384615384 0.23918269230769232 0.055288461538461536 0.09615384615384616
0 0.7151442307692307 0.40384615384615385 0.04567307692307692 0.1346153846153846
0 0.6850961538461539 0.9314903846153846 0.08413461538461539 0.07451923076923077
0 0.6995192307692307 0.9939903846153846 0.0673076923076923 0.01201923076923077
0 0.41466346153846156 0.9603365384615384 0.040865384615384616 0.06971153846153846
0 0.203125 0.578125 0.052884615384615384 0.125
0 0.25600961538461536 0.2283653846153846 0.07451923076923077 0.07451923076923077
0 0.9266826923076923 0.6442307692307693 0.06971153846153846 0.08173076923076923
0 0.8569711538461539 0.5288461538461539 0.055288461538461536 0.08653846153846154
0 0.9050480769230769 0.27163461538461536 0.057692307692307696 0.07211538461538461
0 0.29927884615384615 0.3425480769230769 0.057692307692307696 0.0625
0 0.13581730769230768 0.6262019230769231 0.052884615384615384 0.08173076923076923
0 0.27163461538461536 0.4362980769230769 0.055288461538461536 0.07211538461538461
0 0.2403846153846154 0.8052884615384616 0.06971153846153846 0.11538461538461539
0 0.15144230769230768 0.31009615384615385 0.06009615384615385 0.08173076923076923
0 0.11298076923076923 0.3245192307692308 0.052884615384615384 0.10096153846153846
0 0.04567307692307692 0.4014423076923077 0.0673076923076923 0.08413461538461539
0 0.19951923076923078 0.14903846153846154 0.07211538461538461 0.08653846153846154
0 0.5036057692307693 0.7800480769230769 0.0673076923076923 0.09375
0 0.5408653846153846 0.6526442307692307 0.057692307692307696 0.0889423076923077
0 0.8149038461538461 0.8137019230769231 0.07932692307692307 0.11538461538461539
0 0.625 0.9735576923076923 0.052884615384615384 0.052884615384615384
0 0.5757211538461539 0.9639423076923077 0.05048076923076923 0.07211538461538461
0 0.9819711538461539 0.32572115384615385 0.036057692307692304 0.12740384615384615
0 0.5877403846153846 0.09014423076923077 0.036057692307692304 0.09375
0 0.4891826923076923 0.015625 0.06009615384615385 0.03125
0 0.3798076923076923 0.002403846153846154 0.038461538461538464 0.004807692307692308
0 0.27163461538461536 0.018028846153846152 0.0673076923076923 0.036057692307692304
0 0.051682692307692304 0.015625 0.026442307692307692 0.03125