0 0.5949519230769231 0.4987980769230769 0.11778846153846154 0.1346153846153846
0 0.5180288461538461 0.36177884615384615 0.07692307692307693 0.08653846153846154
0 0.421875 0.21153846153846154 0.10817307692307693 0.10336538461538461
0 0.25 0.38221153846153844 0.07451923076923077 0.08413461538461539
0 0.20793269230769232 0.33653846153846156 0.08413461538461539 0.09375
0 0.1778846153846154 0.27884615384615385 0.07932692307692307 0.0889423076923077
0 0.2091346153846154 0.16466346153846154 0.057692307692307696 0.07211538461538461
0 0.390625 0.03245192307692308 0.07932692307692307 0.06490384615384616
0 0.47836538461538464 0.03365384615384615 0.08173076923076923 0.0673076923076923
0 0.5829326923076923 0.20793269230769232 0.08413461538461539 0.09615384615384616
0 0.8822115384615384 0.4831730769230769 0.08653846153846154 0.08653846153846154
0 0.5985576923076923 0.7668269230769231 0.057692307692307696 0.0673076923076923
0 0.4987980769230769 0.5793269230769231 0.09615384615384616 0.09615384615384616
0 0.04927884615384615 0.5408653846153846 0.0985576923076923 0.11057692307692307
0 0.34615384615384615 0.008413461538461538 0.052884615384615384 0.016826923076923076
0 0.2920673076923077 0.7908653846153846 0.0889423076923077 0.07932692307692307
0 0.3557692307692308 0.34375 0.07211538461538461 0.07692307692307693
0 0.15865384615384615 0.171875 0.057692307692307696 0.06490384615384616
0 0.20192307692307693 0.6189903846153846 0.11778846153846154 0.13221153846153846
0 0.3076923076923077 0.08653846153846154 0.10576923076923077 0.11057692307692307
0 0.1875 0.515625 0.08173076923076923 0.09375
0 0.19230769230769232 0.4651442307692308 0.07692307692307693 0.07932692307692307
0 0.171875 0.4254807692307692 0.07932692307692307 0.08653846153846154
0 0.4098557692307692 0.2824519230769231 0.0889423076923077 0.08653846153846154
0 0.6153846153846154 0.07692307692307693 0.10817307692307693 0.11538461538461539
0 0.7379807692307693 0.1141826923076923 0.10096153846153846 0.11057692307692307
0 0.7932692307692307 0.10216346153846154 0.05048076923076923 0.038461538461538464
0 0.7403846153846154 0.6899038461538461 0.11298076923076923 0.12259615384615384
0 0.5649038461538461 0.8545673076923077 0.09375 0.11057692307692307
0 0.6081730769230769 0.9447115384615384 0.0889423076923077 0.0985576923076923
0 0.7427884615384616 0.9074519230769231 0.0985576923076923 0.11778846153846154
0 0.9891826923076923 0.24519230769230768 0.021634615384615384 0.052884615384615384