0 0.6189903846153846 0.19591346153846154 0.0889423076923077 0.0889423076923077
0 0.5733173076923077 0.10576923076923077 0.0985576923076923 0.11778846153846154
0 0.36658653846153844 0.16105769230769232 0.07211538461538461 0.07932692307692307
0 0.9519230769230769 0.4807692307692308 0.07932692307692307 0.055288461538461536
0 0.6586538461538461 0.38341346153846156 0.10576923076923077 0.10576923076923077
0 0.33533653846153844 0.33533653846153844 0.09134615384615384 0.07932692307692307
0 0.45072115384615385 0.6334134615384616 0.06971153846153846 0.07692307692307693
0 0.09254807692307693 0.35096153846153844 0.10096153846153846 0.08653846153846154
0 0.17427884615384615 0.28846153846153844 0.07932692307692307 0.07932692307692307
0 0.5288461538461539 0.6899038461538461 0.06971153846153846 0.07932692307692307
0 0.4579326923076923 0.8413461538461539 0.09134615384615384 0.09375
0 0.33774038461538464 0.8966346153846154 0.08653846153846154 0.09134615384615384
0 0.7512019230769231 0.15745192307692307 0.09134615384615384 0.0889423076923077
0 0.9627403846153846 0.3870192307692308 0.07451923076923077 0.09615384615384616
0 0.6622596153846154 0.5985576923076923 0.11057692307692307 0.10576923076923077
0 0.6262019230769231 0.47115384615384615 0.08173076923076923 0.07692307692307693
0 0.8028846153846154 0.5841346153846154 0.0985576923076923 0.10336538461538461
0 0.08533653846153846 0.24759615384615385 0.06009615384615385 0.07692307692307693
0 0.04567307692307692 0.31971153846153844 0.06009615384615385 0.08413461538461539
0 0.8329326923076923 0.8533653846153846 0.057692307692307696 0.07211538461538461
0 0.40625 0.24278846153846154 0.07211538461538461 0.07932692307692307
0 0.40384615384615385 0.18870192307692307 0.04807692307692308 0.055288461538461536