0 0.16826923076923078 0.08413461538461539 0.03245192307692308 0.04447115384615385
0 0.07932692307692307 0.11538461538461539 0.0625 0.06971153846153846
0 0.03245192307692308 0.31009615384615385 0.055288461538461536 0.07572115384615384
0 0.4026442307692308 0.20432692307692307 0.046875 0.04447115384615385
0 0.4639423076923077 0.21995192307692307 0.05048076923076923 0.04326923076923077
0 0.4651442307692308 0.25721153846153844 0.057692307692307696 0.03125
0 0.2439903846153846 0.29086538461538464 0.057692307692307696 0.09134615384615384
0 0.21514423076923078 0.16466346153846154 0.06850961538461539 0.04567307692307692
0 0.4014423076923077 0.4375 0.05048076923076923 0.06850961538461539
0 0.38822115384615385 0.5288461538461539 0.04326923076923077 0.0673076923076923
0 0.46274038461538464 0.6514423076923077 0.08413461538461539 0.08052884615384616
0 0.2764423076923077 0.5985576923076923 0.052884615384615384 0.06129807692307692
0 0.18870192307692307 0.27163461538461536 0.03485576923076923 0.06490384615384616
0 0.5132211538461539 0.2800480769230769 0.055288461538461536 0.07692307692307693
0 0.47115384615384615 0.4074519230769231 0.06009615384615385 0.038461538461538464
0 0.5901442307692307 0.34134615384615385 0.04326923076923077 0.051682692307692304
0 0.6237980769230769 0.45072115384615385 0.04567307692307692 0.05889423076923077
0 0.5805288461538461 0.5841346153846154 0.057692307692307696 0.04326923076923077
0 0.7355769230769231 0.5853365384615384 0.056490384615384616 0.06370192307692307
0 0.6754807692307693 0.6790865384615384 0.036057692307692304 0.06610576923076923
0 0.8076923076923077 0.7115384615384616 0.0673076923076923 0.051682692307692304
0 0.8209134615384616 0.7740384615384616 0.055288461538461536 0.036057692307692304
0 0.7572115384615384 0.9086538461538461 0.055288461538461536 0.08413461538461539
0 0.7007211538461539 0.8930288461538461 0.057692307692307696 0.06610576923076923
0 0.5865384615384616 0.9519230769230769 0.0625 0.07211538461538461
0 0.8040865384615384 0.31490384615384615 0.05889423076923077 0.05048076923076923
0 0.8125 0.3798076923076923 0.026442307692307692 0.06490384615384616
0 0.8365384615384616 0.47716346153846156 0.07451923076923077 0.0673076923076923
0 0.8822115384615384 0.19110576923076922 0.04807692307692308 0.07932692307692307
0 0.9471153846153846 0.06971153846153846 0.04447115384615385 0.0829326923076923
0 0.7728365384615384 0.05048076923076923 0.037259615384615384 0.055288461538461536
0 0.7908653846153846 0.14783653846153846 0.06009615384615385 0.0829326923076923
0 0.6766826923076923 0.1141826923076923 0.06850961538461539 0.0829326923076923
0 0.7283653846153846 0.15144230769230768 0.04927884615384615 0.09495192307692307