0 0.5949519230769231 0.4050480769230769 0.11778846153846154 0.13942307692307693
0 0.43509615384615385 0.40384615384615385 0.07451923076923077 0.0889423076923077
0 0.2512019230769231 0.41586538461538464 0.10817307692307693 0.10336538461538461
0 0.31971153846153844 0.6550480769230769 0.07451923076923077 0.08413461538461539
0 0.25721153846153844 0.6706730769230769 0.08413461538461539 0.09375
0 0.19110576923076922 0.6694711538461539 0.07692307692307693 0.0889423076923077
0 0.10336538461538461 0.5841346153846154 0.057692307692307696 0.07451923076923077
0 0.0733173076923077 0.35336538461538464 0.08173076923076923 0.07451923076923077
0 0.11538461538461539 0.27524038461538464 0.08173076923076923 0.07932692307692307
0 0.3293269230769231 0.2704326923076923 0.08413461538461539 0.0985576923076923
0 0.7247596153846154 0.13942307692307693 0.0889423076923077 0.0889423076923077
0 0.8377403846153846 0.5336538461538461 0.057692307692307696 0.06971153846153846
0 0.6201923076923077 0.5300480769230769 0.09615384615384616 0.09615384615384616
0 0.3605769230769231 0.9158653846153846 0.10576923076923077 0.11298076923076923
0 0.021634615384615384 0.3737980769230769 0.04326923076923077 0.06009615384615385
0 0.7055288461538461 0.8221153846153846 0.09134615384615384 0.07932692307692307
0 0.33774038461538464 0.5420673076923077 0.07451923076923077 0.07932692307692307
0 0.08533653846153846 0.6322115384615384 0.057692307692307696 0.0673076923076923
0 0.016826923076923076 0.23317307692307693 0.03365384615384615 0.0673076923076923
0 0.5072115384615384 0.8161057692307693 0.11538461538461539 0.13701923076923078
0 0.0829326923076923 0.4579326923076923 0.10817307692307693 0.11298076923076923
0 0.4074519230769231 0.7788461538461539 0.08173076923076923 0.09615384615384616
0 0.36538461538461536 0.7475961538461539 0.07692307692307693 0.08173076923076923
0 0.32091346153846156 0.7463942307692307 0.07932692307692307 0.08653846153846154
0 0.020432692307692308 0.59375 0.040865384615384616 0.09615384615384616
0 0.3088942307692308 0.46274038461538464 0.0889423076923077 0.08653846153846154
0 0.22716346153846154 0.17668269230769232 0.11057692307692307 0.11778846153846154
0 0.32211538461538464 0.08533653846153846 0.10096153846153846 0.11298076923076923
0 0.33774038461538464 0.027644230769230768 0.055288461538461536 0.040865384615384616
0 0.8401442307692307 0.36899038461538464 0.11057692307692307 0.125
0 0.8990384615384616 0.6081730769230769 0.09375 0.11298076923076923
0 0.9771634615384616 0.6141826923076923 0.04567307692307692 0.10336538461538461