0 0.27163461538461536 0.20552884615384615 0.09375 0.10336538461538461
0 0.09615384615384616 0.3798076923076923 0.09375 0.13701923076923078
0 0.14783653846153846 0.5516826923076923 0.10336538461538461 0.11538461538461539
0 0.2512019230769231 0.5492788461538461 0.07211538461538461 0.08173076923076923
0 0.27283653846153844 0.7043269230769231 0.08413461538461539 0.10096153846153846
0 0.2668269230769231 0.8100961538461539 0.07932692307692307 0.08173076923076923
0 0.4254807692307692 0.8521634615384616 0.052884615384615384 0.07451923076923077
0 0.46875 0.8293269230769231 0.0625 0.07692307692307693
0 0.5060096153846154 0.796875 0.08173076923076923 0.09615384615384616
0 0.6105769230769231 0.8125 0.08653846153846154 0.10336538461538461
0 0.5576923076923077 0.6310096153846154 0.11298076923076923 0.0985576923076923
0 0.49158653846153844 0.39903846153846156 0.09134615384615384 0.10576923076923077
0 0.59375 0.16466346153846154 0.07692307692307693 0.08413461538461539
0 0.7692307692307693 0.1346153846153846 0.07932692307692307 0.08653846153846154
0 0.7596153846153846 0.31490384615384615 0.10336538461538461 0.10096153846153846
0 0.96875 0.5576923076923077 0.0625 0.10096153846153846
0 0.19591346153846154 0.04326923076923077 0.0673076923076923 0.08413461538461539
0 0.13581730769230768 0.20072115384615385 0.08413461538461539 0.0985576923076923
0 0.18509615384615385 0.24759615384615385 0.11778846153846154 0.125
0 0.9543269230769231 0.1971153846153846 0.08653846153846154 0.08173076923076923
0 0.27524038461538464 0.6153846153846154 0.08413461538461539 0.09615384615384616