0 0.05048076923076923 0.3485576923076923 0.06009615384615385 0.055288461538461536
0 0.09615384615384616 0.359375 0.026442307692307692 0.054086538461538464
0 0.03365384615384615 0.46274038461538464 0.055288461538461536 0.08533653846153846
0 0.13341346153846154 0.4519230769230769 0.06370192307692307 0.051682692307692304
0 0.3173076923076923 0.3245192307692308 0.04927884615384615 0.06129807692307692
0 0.32211538461538464 0.042067307692307696 0.040865384615384616 0.042067307692307696
0 0.41466346153846156 0.028846153846153848 0.052884615384615384 0.04447115384615385
0 0.5336538461538461 0.028846153846153848 0.06850961538461539 0.05048076923076923
0 0.421875 0.16947115384615385 0.06009615384615385 0.08173076923076923
0 0.5096153846153846 0.15985576923076922 0.030048076923076924 0.042067307692307696
0 0.5264423076923077 0.23317307692307693 0.037259615384615384 0.037259615384615384
0 0.5060096153846154 0.3545673076923077 0.052884615384615384 0.046875
0 0.45913461538461536 0.33413461538461536 0.026442307692307692 0.06610576923076923
0 0.42788461538461536 0.6418269230769231 0.052884615384615384 0.056490384615384616
0 0.5480769230769231 0.6081730769230769 0.03245192307692308 0.05048076923076923
0 0.5805288461538461 0.71875 0.06129807692307692 0.055288461538461536
0 0.7055288461538461 0.6887019230769231 0.04447115384615385 0.07572115384615384
0 0.7560096153846154 0.8064903846153846 0.039663461538461536 0.0673076923076923
0 0.8449519230769231 0.8557692307692307 0.06129807692307692 0.038461538461538464
0 0.84375 0.9014423076923077 0.040865384615384616 0.039663461538461536
0 0.8389423076923077 0.7235576923076923 0.04807692307692308 0.08774038461538461
0 0.7836538461538461 0.5841346153846154 0.054086538461538464 0.051682692307692304
0 0.7932692307692307 0.4855769230769231 0.03245192307692308 0.06490384615384616
0 0.7536057692307693 0.41225961538461536 0.04807692307692308 0.056490384615384616
0 0.6694711538461539 0.3389423076923077 0.04807692307692308 0.057692307692307696
0 0.7223557692307693 0.3485576923076923 0.037259615384615384 0.03485576923076923
0 0.7139423076923077 0.3858173076923077 0.046875 0.03485576923076923
0 0.6658653846153846 0.5108173076923077 0.056490384615384616 0.06490384615384616
0 0.6658653846153846 0.109375 0.0625 0.0889423076923077
0 0.6754807692307693 0.0625 0.046875 0.04927884615384615
0 0.8173076923076923 0.11778846153846154 0.0625 0.046875
0 0.7896634615384616 0.18629807692307693 0.057692307692307696 0.07932692307692307
0 0.9146634615384616 0.06971153846153846 0.05048076923076923 0.03125
0 0.9110576923076923 0.11057692307692307 0.04567307692307692 0.05048076923076923
0 0.9651442307692307 0.037259615384615384 0.04807692307692308 0.042067307692307696
0 0.9879807692307693 0.19230769230769232 0.021634615384615384 0.08774038461538461
0 0.9314903846153846 0.1778846153846154 0.06129807692307692 0.06370192307692307
0 0.9567307692307693 0.30528846153846156 0.056490384615384616 0.04807692307692308
0 0.9771634615384616 0.5252403846153846 0.04447115384615385 0.051682692307692304
0 0.9747596153846154 0.5769230769230769 0.03485576923076923 0.0673076923076923
0 0.9651442307692307 0.65625 0.057692307692307696 0.06490384615384616
0 0.12139423076923077 0.12379807692307693 0.07211538461538461 0.07692307692307693
0 0.28966346153846156 0.21634615384615385 0.06490384615384616 0.07932692307692307
0 0.9735576923076923 0.3629807692307692 0.051682692307692304 0.08533653846153846
0 0.7415865384615384 0.9699519230769231 0.04326923076923077 0.051682692307692304
0 0.5961538461538461 0.5276442307692307 0.04567307692307692 0.10216346153846154