0 0.18028846153846154 0.4735576923076923 0.036057692307692304 0.04807692307692308
0 0.1875 0.5276442307692307 0.021634615384615384 0.040865384615384616
0 0.2283653846153846 0.5961538461538461 0.03365384615384615 0.05048076923076923
0 0.23076923076923078 0.5444711538461539 0.040865384615384616 0.038461538461538464
0 0.14423076923076922 0.5588942307692307 0.04807692307692308 0.055288461538461536
0 0.17548076923076922 0.5997596153846154 0.038461538461538464 0.036057692307692304
0 0.19951923076923078 0.7151442307692307 0.038461538461538464 0.0673076923076923
0 0.1502403846153846 0.8028846153846154 0.03365384615384615 0.07211538461538461
0 0.125 0.8161057692307693 0.036057692307692304 0.04807692307692308
0 0.21033653846153846 0.9423076923076923 0.036057692307692304 0.055288461538461536
0 0.18870192307692307 0.9567307692307693 0.04567307692307692 0.06971153846153846
0 0.09014423076923077 0.671875 0.036057692307692304 0.04807692307692308
0 0.06490384615384616 0.5 0.036057692307692304 0.057692307692307696
0 0.11057692307692307 0.34375 0.021634615384615384 0.055288461538461536
0 0.17427884615384615 0.36899038461538464 0.04807692307692308 0.04807692307692308
0 0.13942307692307693 0.5084134615384616 0.036057692307692304 0.0673076923076923
0 0.010817307692307692 0.21394230769230768 0.021634615384615384 0.04326923076923077
0 0.010817307692307692 0.16105769230769232 0.021634615384615384 0.04807692307692308
0 0.1045673076923077 0.18389423076923078 0.036057692307692304 0.04807692307692308
0 0.15144230769230768 0.2776442307692308 0.040865384615384616 0.0625
0 0.3004807692307692 0.38822115384615385 0.052884615384615384 0.057692307692307696
0 0.3449519230769231 0.48197115384615385 0.026442307692307692 0.038461538461538464
0 0.35096153846153844 0.5528846153846154 0.04567307692307692 0.04567307692307692
0 0.390625 0.6334134615384616 0.036057692307692304 0.04807692307692308
0 0.4170673076923077 0.7596153846153846 0.038461538461538464 0.07451923076923077
0 0.36538461538461536 0.8918269230769231 0.04326923076923077 0.04326923076923077
0 0.3173076923076923 0.9302884615384616 0.038461538461538464 0.0673076923076923
0 0.25240384615384615 0.9038461538461539 0.036057692307692304 0.04807692307692308
0 0.4206730769230769 0.9495192307692307 0.038461538461538464 0.040865384615384616
0 0.45072115384615385 0.9819711538461539 0.040865384615384616 0.036057692307692304
0 0.5252403846153846 0.9555288461538461 0.028846153846153848 0.0625
0 0.5336538461538461 0.9375 0.028846153846153848 0.04807692307692308
0 0.5324519230769231 0.9074519230769231 0.028846153846153848 0.04567307692307692
0 0.5180288461538461 0.8185096153846154 0.040865384615384616 0.04807692307692308
0 0.5853365384615384 0.8810096153846154 0.03125 0.055288461538461536
0 0.7439903846153846 0.9326923076923077 0.06009615384615385 0.06490384615384616
0 0.6442307692307693 0.6814903846153846 0.04567307692307692 0.055288461538461536
0 0.49399038461538464 0.6502403846153846 0.040865384615384616 0.052884615384615384
0 0.4411057692307692 0.5757211538461539 0.05048076923076923 0.052884615384615384
0 0.53125 0.5432692307692307 0.04326923076923077 0.0625
0 0.6454326923076923 0.5516826923076923 0.040865384615384616 0.08653846153846154
0 0.4651442307692308 0.46875 0.040865384615384616 0.04326923076923077
0 0.45913461538461536 0.4110576923076923 0.036057692307692304 0.052884615384615384
0 0.4879807692307692 0.33533653846153844 0.038461538461538464 0.052884615384615384
0 0.33052884615384615 0.3161057692307692 0.04807692307692308 0.040865384615384616
0 0.32572115384615385 0.27163461538461536 0.05048076923076923 0.0625
0 0.359375 0.24759615384615385 0.04326923076923077 0.05048076923076923
0 0.33413461538461536 0.20673076923076922 0.04807692307692308 0.04807692307692308
0 0.3762019230769231 0.1502403846153846 0.04567307692307692 0.052884615384615384
0 0.4362980769230769 0.11658653846153846 0.03365384615384615 0.055288461538461536
0 0.5540865384615384 0.24278846153846154 0.036057692307692304 0.04567307692307692
0 0.6274038461538461 0.18389423076923078 0.03365384615384615 0.05048076923076923
0 0.6009615384615384 0.18509615384615385 0.036057692307692304 0.052884615384615384
0 0.6382211538461539 0.109375 0.038461538461538464 0.06009615384615385
0 0.7043269230769231 0.28966346153846156 0.04567307692307692 0.0673076923076923
0 0.15745192307692307 0.6526442307692307 0.036057692307692304 0.0625
0 0.390625 0.9230769230769231 0.03365384615384615 0.04567307692307692
0 0.25 0.8028846153846154 0.052884615384615384 0.0673076923076923
0 0.4362980769230769 0.28365384615384615 0.03125 0.05048076923076923
0 0.3125 0.11778846153846154 0.038461538461538464 0.04807692307692308
0 0.2704326923076923 0.7644230769230769 0.038461538461538464 0.055288461538461536
0 0.21153846153846154 0.8052884615384616 0.04326923076923077 0.040865384615384616
0 0.7163461538461539 0.1658653846153846 0.07211538461538461 0.07451923076923077