0 0.13221153846153846 0.3112980769230769 0.06370192307692307 0.042067307692307696
0 0.11057692307692307 0.3870192307692308 0.042067307692307696 0.05889423076923077
0 0.054086538461538464 0.47836538461538464 0.037259615384615384 0.06009615384615385
0 0.1466346153846154 0.46153846153846156 0.04326923076923077 0.036057692307692304
0 0.22115384615384615 0.3858173076923077 0.056490384615384616 0.042067307692307696
0 0.31850961538461536 0.11298076923076923 0.027644230769230768 0.04447115384615385
0 0.4411057692307692 0.39663461538461536 0.038461538461538464 0.03125
0 0.29447115384615385 0.5324519230769231 0.037259615384615384 0.038461538461538464
0 0.11177884615384616 0.5649038461538461 0.06129807692307692 0.07091346153846154
0 0.17908653846153846 0.6057692307692307 0.051682692307692304 0.05889423076923077
0 0.3317307692307692 0.5865384615384616 0.046875 0.04447115384615385
0 0.5444711538461539 0.30649038461538464 0.05048076923076923 0.07091346153846154
0 0.5853365384615384 0.14302884615384615 0.051682692307692304 0.0829326923076923
0 0.4675480769230769 0.15985576923076922 0.02403846153846154 0.039663461538461536
0 0.38822115384615385 0.2127403846153846 0.06370192307692307 0.054086538461538464
0 0.27403846153846156 0.13942307692307693 0.03485576923076923 0.04927884615384615
0 0.2764423076923077 0.2776442307692308 0.06610576923076923 0.06009615384615385
0 0.8497596153846154 0.3473557692307692 0.036057692307692304 0.05048076923076923
0 0.6730769230769231 0.4362980769230769 0.04447115384615385 0.057692307692307696
0 0.6658653846153846 0.28966346153846156 0.051682692307692304 0.05048076923076923
0 0.4699519230769231 0.5192307692307693 0.040865384615384616 0.06490384615384616
0 0.22716346153846154 0.5661057692307693 0.04807692307692308 0.056490384615384616
0 0.8389423076923077 0.8401442307692307 0.07451923076923077 0.04807692307692308
0 0.6069711538461539 0.3557692307692308 0.04567307692307692 0.04927884615384615
0 0.5 0.41586538461538464 0.057692307692307696 0.0673076923076923
0 0.6826923076923077 0.5084134615384616 0.04927884615384615 0.05889423076923077
0 0.5961538461538461 0.47596153846153844 0.04567307692307692 0.027644230769230768
0 0.6225961538461539 0.49399038461538464 0.051682692307692304 0.028846153846153848
0 0.6298076923076923 0.6490384615384616 0.02283653846153846 0.054086538461538464
0 0.6923076923076923 0.6610576923076923 0.03245192307692308 0.06370192307692307
0 0.6971153846153846 0.7716346153846154 0.03365384615384615 0.04447115384615385
0 0.6430288461538461 0.8485576923076923 0.027644230769230768 0.0625
0 0.6081730769230769 0.8894230769230769 0.025240384615384616 0.054086538461538464
0 0.5721153846153846 0.8918269230769231 0.042067307692307696 0.05048076923076923
0 0.8137019230769231 0.5108173076923077 0.03125 0.04927884615384615