0 0.39663461538461536 0.5973557692307693 0.08413461538461539 0.06971153846153846
0 0.5685096153846154 0.18870192307692307 0.0673076923076923 0.0625
0 0.7439903846153846 0.15264423076923078 0.06009615384615385 0.06490384615384616
0 0.7223557692307693 0.24759615384615385 0.040865384615384616 0.11778846153846154
0 0.7548076923076923 0.6526442307692307 0.06490384615384616 0.11057692307692307
0 0.5625 0.4170673076923077 0.05048076923076923 0.07932692307692307
0 0.5841346153846154 0.09975961538461539 0.040865384615384616 0.0625
0 0.9338942307692307 0.36778846153846156 0.04326923076923077 0.06490384615384616
0 0.23076923076923078 0.6706730769230769 0.07451923076923077 0.057692307692307696
0 0.43028846153846156 0.6790865384615384 0.0673076923076923 0.09134615384615384
0 0.32091346153846156 0.7151442307692307 0.07211538461538461 0.09134615384615384
0 0.5817307692307693 0.6358173076923077 0.08413461538461539 0.08653846153846154
0 0.5637019230769231 0.5444711538461539 0.06009615384615385 0.11057692307692307
0 0.7884615384615384 0.39783653846153844 0.125 0.15144230769230768
0 0.8858173076923077 0.2439903846153846 0.0673076923076923 0.12740384615384615
0 0.9086538461538461 0.09375 0.0673076923076923 0.12259615384615384
0 0.6045673076923077 0.04567307692307692 0.06490384615384616 0.09134615384615384
0 0.328125 0.057692307692307696 0.055288461538461536 0.10096153846153846
0 0.3088942307692308 0.3870192307692308 0.10336538461538461 0.18028846153846154
0 0.9783653846153846 0.4411057692307692 0.040865384615384616 0.07211538461538461