0 0.6959134615384616 0.3233173076923077 0.06490384615384616 0.07211538461538461
0 0.5396634615384616 0.4098557692307692 0.0625 0.0673076923076923
0 0.5264423076923077 0.4483173076923077 0.06490384615384616 0.0673076923076923
0 0.3545673076923077 0.3269230769230769 0.057692307692307696 0.06009615384615385
0 0.46274038461538464 0.4014423076923077 0.06490384615384616 0.06971153846153846
0 0.4675480769230769 0.49158653846153844 0.07451923076923077 0.07692307692307693
0 0.2548076923076923 0.5721153846153846 0.07211538461538461 0.07932692307692307
0 0.04326923076923077 0.32211538461538464 0.08173076923076923 0.07932692307692307
0 0.3245192307692308 0.7908653846153846 0.0673076923076923 0.0673076923076923
0 0.21153846153846154 0.7632211538461539 0.07211538461538461 0.07692307692307693
0 0.036057692307692304 0.6262019230769231 0.055288461538461536 0.0625
0 0.2620192307692308 0.27163461538461536 0.07451923076923077 0.07932692307692307
0 0.35096153846153844 0.07451923076923077 0.0673076923076923 0.07451923076923077
0 0.46033653846153844 0.19110576923076922 0.07451923076923077 0.08173076923076923
0 0.4963942307692308 0.2764423076923077 0.07451923076923077 0.08173076923076923
0 0.5769230769230769 0.17548076923076922 0.09615384615384616 0.10096153846153846
0 0.5649038461538461 0.030048076923076924 0.07211538461538461 0.06009615384615385
0 0.3870192307692308 0.010817307692307692 0.09134615384615384 0.021634615384615384
0 0.1502403846153846 0.171875 0.08173076923076923 0.08173076923076923
0 0.24278846153846154 0.34615384615384615 0.057692307692307696 0.0625
0 0.078125 0.49038461538461536 0.0673076923076923 0.07211538461538461
0 0.4014423076923077 0.7127403846153846 0.07211538461538461 0.07211538461538461
0 0.43509615384615385 0.8858173076923077 0.11057692307692307 0.11057692307692307
0 0.6466346153846154 0.7487980769230769 0.08653846153846154 0.09134615384615384
0 0.7055288461538461 0.671875 0.09615384615384616 0.10576923076923077
0 0.7572115384615384 0.5961538461538461 0.09134615384615384 0.09615384615384616
0 0.8149038461538461 0.4326923076923077 0.07932692307692307 0.08413461538461539
0 0.9266826923076923 0.5252403846153846 0.09375 0.09615384615384616
0 0.8389423076923077 0.6610576923076923 0.08653846153846154 0.09375
0 0.609375 0.8221153846153846 0.0625 0.07451923076923077
0 0.7007211538461539 0.9579326923076923 0.057692307692307696 0.05048076923076923
0 0.7740384615384616 0.9098557692307693 0.038461538461538464 0.03365384615384615
0 0.7415865384615384 0.9326923076923077 0.038461538461538464 0.03365384615384615
0 0.7055288461538461 0.037259615384615384 0.07932692307692307 0.07451923076923077
0 0.6814903846153846 0.24759615384615385 0.06490384615384616 0.06971153846153846
0 0.8485576923076923 0.34375 0.08173076923076923 0.0889423076923077
0 0.30288461538461536 0.47596153846153844 0.0625 0.06490384615384616
0 0.9254807692307693 0.3870192307692308 0.0673076923076923 0.06009615384615385
0 0.29927884615384615 0.5324519230769231 0.09134615384615384 0.10096153846153846
0 0.27163461538461536 0.5444711538461539 0.06971153846153846 0.08173076923076923
0 0.41225961538461536 0.4735576923076923 0.08173076923076923 0.09134615384615384