0 0.3629807692307692 0.38100961538461536 0.04326923076923077 0.08173076923076923
0 0.3449519230769231 0.46033653846153844 0.0625 0.07451923076923077
0 0.609375 0.30528846153846156 0.08413461538461539 0.11538461538461539
0 0.27283653846153844 0.2800480769230769 0.08653846153846154 0.11057692307692307
0 0.056490384615384616 0.7920673076923077 0.06971153846153846 0.07451923076923077
0 0.36899038461538464 0.6454326923076923 0.07211538461538461 0.10576923076923077
0 0.4230769230769231 0.8882211538461539 0.06009615384615385 0.08653846153846154
0 0.29927884615384615 0.9543269230769231 0.0673076923076923 0.052884615384615384
0 0.7475961538461539 0.9807692307692307 0.057692307692307696 0.038461538461538464
0 0.90625 0.7367788461538461 0.07932692307692307 0.07932692307692307
0 0.44471153846153844 0.125 0.1346153846153846 0.22115384615384615