0 0.2127403846153846 0.5048076923076923 0.09615384615384616 0.10576923076923077
0 0.0625 0.5192307692307693 0.07932692307692307 0.08413461538461539
0 0.33413461538461536 0.6490384615384616 0.08653846153846154 0.06971153846153846
0 0.4495192307692308 0.6947115384615384 0.09615384615384616 0.10576923076923077
0 0.5805288461538461 0.6634615384615384 0.10576923076923077 0.12740384615384615
0 0.6826923076923077 0.6430288461538461 0.07451923076923077 0.0985576923076923
0 0.31490384615384615 0.9206730769230769 0.07692307692307693 0.09375
0 0.2548076923076923 0.8930288461538461 0.09615384615384616 0.08653846153846154
0 0.11298076923076923 0.6610576923076923 0.0985576923076923 0.0889423076923077
0 0.15144230769230768 0.8365384615384616 0.10336538461538461 0.10817307692307693
0 0.7872596153846154 0.33533653846153844 0.09134615384615384 0.10817307692307693
0 0.8990384615384616 0.7728365384615384 0.07692307692307693 0.0985576923076923
0 0.47836538461538464 0.5096153846153846 0.07451923076923077 0.0985576923076923
0 0.49759615384615385 0.40865384615384615 0.10096153846153846 0.10096153846153846
0 0.390625 0.3173076923076923 0.10336538461538461 0.10336538461538461
0 0.23197115384615385 0.3317307692307692 0.08653846153846154 0.11057692307692307
0 0.41225961538461536 0.15745192307692307 0.09134615384615384 0.10817307692307693
0 0.8545673076923077 0.29447115384615385 0.14182692307692307 0.1466346153846154
0 0.9639423076923077 0.4014423076923077 0.07211538461538461 0.11057692307692307
0 0.7391826923076923 0.5805288461538461 0.08653846153846154 0.11538461538461539
0 0.6394230769230769 0.6262019230769231 0.06971153846153846 0.10096153846153846
0 0.6358173076923077 0.9555288461538461 0.14182692307692307 0.0889423076923077
0 0.5673076923076923 0.9579326923076923 0.11057692307692307 0.08413461538461539