0 0.08653846153846154 0.18389423076923078 0.03125 0.04567307692307692
0 0.11177884615384616 0.18870192307692307 0.038461538461538464 0.0625
0 0.016826923076923076 0.1778846153846154 0.03365384615384615 0.04807692307692308
0 0.171875 0.26802884615384615 0.04326923076923077 0.04567307692307692
0 0.20192307692307693 0.359375 0.0625 0.04567307692307692
0 0.23076923076923078 0.4495192307692308 0.04807692307692308 0.06009615384615385
0 0.6189903846153846 0.04567307692307692 0.04807692307692308 0.06971153846153846
0 0.6225961538461539 0.12259615384615384 0.036057692307692304 0.04567307692307692
0 0.5997596153846154 0.13822115384615385 0.04807692307692308 0.0625
0 0.7067307692307693 0.22115384615384615 0.055288461538461536 0.07211538461538461
0 0.5540865384615384 0.18389423076923078 0.04326923076923077 0.07692307692307693
0 0.4266826923076923 0.07451923076923077 0.04326923076923077 0.0625
0 0.4963942307692308 0.2668269230769231 0.038461538461538464 0.052884615384615384
0 0.484375 0.359375 0.04807692307692308 0.05048076923076923
0 0.4951923076923077 0.4206730769230769 0.03125 0.052884615384615384
0 0.5697115384615384 0.47716346153846156 0.04326923076923077 0.055288461538461536
0 0.4951923076923077 0.5144230769230769 0.05048076923076923 0.057692307692307696
0 0.5396634615384616 0.5757211538461539 0.03125 0.05048076923076923
0 0.6935096153846154 0.5985576923076923 0.04326923076923077 0.06490384615384616
0 0.8197115384615384 0.8137019230769231 0.05048076923076923 0.05048076923076923
0 0.6670673076923077 0.7920673076923077 0.052884615384615384 0.04567307692307692
0 0.6141826923076923 0.8317307692307693 0.04807692307692308 0.07692307692307693
0 0.5877403846153846 0.7451923076923077 0.05048076923076923 0.055288461538461536
0 0.49158653846153844 0.703125 0.04567307692307692 0.07211538461538461
0 0.44711538461538464 0.5901442307692307 0.04567307692307692 0.05048076923076923
0 0.40024038461538464 0.5192307692307693 0.052884615384615384 0.0625
0 0.3870192307692308 0.4519230769230769 0.04807692307692308 0.0673076923076923
0 0.33052884615384615 0.36177884615384615 0.0625 0.0673076923076923
0 0.3449519230769231 0.28966346153846156 0.04567307692307692 0.0625
0 0.328125 0.24519230769230768 0.04326923076923077 0.0625
0 0.3629807692307692 0.21995192307692307 0.04326923076923077 0.055288461538461536
0 0.33413461538461536 0.18389423076923078 0.04567307692307692 0.040865384615384616
0 0.359375 0.11899038461538461 0.05048076923076923 0.07211538461538461
0 0.2764423076923077 0.4483173076923077 0.036057692307692304 0.04567307692307692
0 0.28846153846153844 0.5180288461538461 0.03365384615384615 0.03125
0 0.2920673076923077 0.5625 0.038461538461538464 0.05048076923076923
0 0.24519230769230768 0.5060096153846154 0.04326923076923077 0.0673076923076923
0 0.2127403846153846 0.5432692307692307 0.04567307692307692 0.05048076923076923
0 0.19471153846153846 0.49158653846153844 0.038461538461538464 0.04567307692307692
0 0.24278846153846154 0.5721153846153846 0.05048076923076923 0.04807692307692308
0 0.23076923076923078 0.6165865384615384 0.036057692307692304 0.040865384615384616
0 0.27403846153846156 0.6887019230769231 0.038461538461538464 0.03125
0 0.2439903846153846 0.7728365384615384 0.04567307692307692 0.07932692307692307
0 0.22596153846153846 0.7776442307692307 0.03125 0.0625
0 0.30649038461538464 0.8737980769230769 0.04326923076923077 0.04326923076923077
0 0.30649038461538464 0.9026442307692307 0.04807692307692308 0.04807692307692308
0 0.29927884615384615 0.9579326923076923 0.04567307692307692 0.04567307692307692
0 0.3545673076923077 0.9471153846153846 0.036057692307692304 0.04567307692307692
0 0.3485576923076923 0.8233173076923077 0.028846153846153848 0.052884615384615384
0 0.30528846153846156 0.765625 0.038461538461538464 0.057692307692307696
0 0.171875 0.6550480769230769 0.04567307692307692 0.05048076923076923
0 0.12740384615384615 0.5036057692307693 0.0625 0.0985576923076923
0 0.028846153846153848 0.23076923076923078 0.057692307692307696 0.07211538461538461
0 0.4795673076923077 0.8353365384615384 0.040865384615384616 0.052884615384615384
0 0.5120192307692307 0.8725961538461539 0.03125 0.04567307692307692
0 0.5432692307692307 0.8894230769230769 0.04567307692307692 0.040865384615384616
0 0.453125 0.8233173076923077 0.040865384615384616 0.0673076923076923
0 0.4170673076923077 0.8581730769230769 0.052884615384615384 0.07451923076923077
0 0.3557692307692308 0.7091346153846154 0.052884615384615384 0.08413461538461539
0 0.44471153846153844 0.23918269230769232 0.036057692307692304 0.052884615384615384
0 0.30528846153846156 0.09254807692307693 0.04807692307692308 0.055288461538461536
0 0.33774038461538464 0.7536057692307693 0.052884615384615384 0.0673076923076923
0 0.703125 0.09495192307692307 0.07692307692307693 0.08413461538461539
0 0.6766826923076923 0.4675480769230769 0.055288461538461536 0.07211538461538461
0 0.8461538461538461 0.5805288461538461 0.04807692307692308 0.06009615384615385