0 0.36899038461538464 0.18509615384615385 0.0625 0.03485576923076923
0 0.3894230769230769 0.24519230769230768 0.056490384615384616 0.027644230769230768
0 0.30408653846153844 0.3473557692307692 0.057692307692307696 0.04447115384615385
0 0.2932692307692308 0.8233173076923077 0.06009615384615385 0.0829326923076923
0 0.47115384615384615 0.6490384615384616 0.055288461538461536 0.042067307692307696
0 0.18870192307692307 0.42788461538461536 0.06490384615384616 0.028846153846153848
0 0.12379807692307693 0.046875 0.051682692307692304 0.0625
0 0.06850961538461539 0.08413461538461539 0.056490384615384616 0.07211538461538461
0 0.23197115384615385 0.11778846153846154 0.04447115384615385 0.05889423076923077
0 0.5697115384615384 0.23197115384615385 0.052884615384615384 0.08173076923076923
0 0.7319711538461539 0.359375 0.056490384615384616 0.10336538461538461
0 0.8617788461538461 0.1346153846153846 0.05889423076923077 0.08173076923076923
0 0.8617788461538461 0.5552884615384616 0.040865384615384616 0.07692307692307693
0 0.6911057692307693 0.6514423076923077 0.052884615384615384 0.06850961538461539
0 0.6310096153846154 0.6766826923076923 0.04927884615384615 0.07091346153846154
0 0.44350961538461536 0.9230769230769231 0.03125 0.08173076923076923
0 0.19591346153846154 0.4951923076923077 0.04326923076923077 0.06370192307692307
0 0.20192307692307693 0.24639423076923078 0.040865384615384616 0.07211538461538461
0 0.06129807692307692 0.34975961538461536 0.037259615384615384 0.09254807692307693
0 0.2860576923076923 0.0889423076923077 0.030048076923076924 0.08533653846153846
0 0.29447115384615385 0.18990384615384615 0.027644230769230768 0.055288461538461536
0 0.4014423076923077 0.12860576923076922 0.039663461538461536 0.056490384615384616
0 0.49038461538461536 0.07091346153846154 0.0625 0.078125
0 0.6947115384615384 0.03365384615384615 0.04927884615384615 0.056490384615384616
0 0.6790865384615384 0.36658653846153844 0.07091346153846154 0.09134615384615384
0 0.6322115384615384 0.9639423076923077 0.04447115384615385 0.056490384615384616
0 0.3894230769230769 0.9567307692307693 0.06370192307692307 0.07091346153846154
0 0.4375 0.5973557692307693 0.046875 0.0625
0 0.9627403846153846 0.4651442307692308 0.0733173076923077 0.109375