0 0.5192307692307693 0.8425480769230769 0.0985576923076923 0.11778846153846154
0 0.41346153846153844 0.8016826923076923 0.0625 0.06009615384615385
0 0.4951923076923077 0.6153846153846154 0.052884615384615384 0.055288461538461536
0 0.5612980769230769 0.6634615384615384 0.055288461538461536 0.10336538461538461
0 0.5552884615384616 0.5264423076923077 0.05048076923076923 0.07451923076923077
0 0.2439903846153846 0.39663461538461536 0.04807692307692308 0.04807692307692308
0 0.29927884615384615 0.2403846153846154 0.055288461538461536 0.07211538461538461
0 0.3269230769230769 0.08774038461538461 0.04807692307692308 0.07451923076923077
0 0.46634615384615385 0.26322115384615385 0.06490384615384616 0.057692307692307696
0 0.5576923076923077 0.25240384615384615 0.06009615384615385 0.052884615384615384
0 0.6935096153846154 0.45552884615384615 0.05048076923076923 0.08173076923076923
0 0.7007211538461539 0.5829326923076923 0.04807692307692308 0.057692307692307696
0 0.6814903846153846 0.7247596153846154 0.07451923076923077 0.0889423076923077
0 0.2608173076923077 0.5144230769230769 0.05048076923076923 0.09375
0 0.31971153846153844 0.6838942307692307 0.0625 0.09375
0 0.010817307692307692 0.47475961538461536 0.021634615384615384 0.040865384615384616
0 0.036057692307692304 0.6322115384615384 0.05048076923076923 0.06971153846153846
0 0.021634615384615384 0.18990384615384615 0.04326923076923077 0.057692307692307696
0 0.18028846153846154 0.41586538461538464 0.06490384615384616 0.07692307692307693
0 0.12860576923076922 0.34134615384615385 0.0673076923076923 0.0889423076923077
0 0.007211538461538462 0.3545673076923077 0.014423076923076924 0.09375
0 0.09254807692307693 0.8293269230769231 0.07211538461538461 0.10817307692307693
0 0.17427884615384615 0.7932692307692307 0.07211538461538461 0.07211538461538461
0 0.35336538461538464 0.9230769230769231 0.0985576923076923 0.125
0 0.65625 0.5793269230769231 0.07692307692307693 0.1201923076923077
0 0.6947115384615384 0.33533653846153844 0.07692307692307693 0.11538461538461539
0 0.8040865384615384 0.39302884615384615 0.04326923076923077 0.07692307692307693
0 0.7644230769230769 0.08052884615384616 0.055288461538461536 0.06009615384615385
0 0.7896634615384616 0.015625 0.06009615384615385 0.03125
0 0.6706730769230769 0.016826923076923076 0.057692307692307696 0.03365384615384615
0 0.6081730769230769 0.2247596153846154 0.057692307692307696 0.08173076923076923
0 0.5300480769230769 0.1346153846153846 0.055288461538461536 0.08653846153846154
0 0.5168269230769231 0.07932692307692307 0.055288461538461536 0.07211538461538461
0 0.5 0.021634615384615384 0.04807692307692308 0.04326923076923077
0 0.4014423076923077 0.21153846153846154 0.08173076923076923 0.0889423076923077
0 0.17908653846153846 0.08052884615384616 0.06009615384615385 0.04326923076923077
0 0.3245192307692308 0.036057692307692304 0.055288461538461536 0.026442307692307692