0 0.3137019230769231 0.8677884615384616 0.08173076923076923 0.0889423076923077
0 0.32572115384615385 0.7235576923076923 0.10336538461538461 0.10576923076923077
0 0.43990384615384615 0.8509615384615384 0.06971153846153846 0.07211538461538461
0 0.5456730769230769 0.9663461538461539 0.11057692307692307 0.0673076923076923
0 0.6201923076923077 0.96875 0.07211538461538461 0.0625
0 0.6514423076923077 0.7463942307692307 0.07932692307692307 0.08173076923076923
0 0.6346153846153846 0.6334134615384616 0.06009615384615385 0.06009615384615385
0 0.578125 0.546875 0.0889423076923077 0.09134615384615384
0 0.6033653846153846 0.4795673076923077 0.0673076923076923 0.0673076923076923
0 0.5396634615384616 0.44350961538461536 0.08413461538461539 0.08413461538461539
0 0.5516826923076923 0.3245192307692308 0.0673076923076923 0.07211538461538461
0 0.6322115384615384 0.17427884615384615 0.08653846153846154 0.09134615384615384
0 0.7668269230769231 0.46634615384615385 0.09134615384615384 0.09615384615384616
0 0.8990384615384616 0.5060096153846154 0.08173076923076923 0.08413461538461539
0 0.9699519230769231 0.31490384615384615 0.06009615384615385 0.07211538461538461
0 0.9014423076923077 0.6586538461538461 0.09134615384615384 0.09615384615384616
0 0.9579326923076923 0.7319711538461539 0.06009615384615385 0.0625
0 0.8016826923076923 0.8713942307692307 0.06009615384615385 0.06009615384615385
0 0.42908653846153844 0.30288461538461536 0.09615384615384616 0.09615384615384616
0 0.10697115384615384 0.6129807692307693 0.09134615384615384 0.09375
0 0.1658653846153846 0.6141826923076923 0.08173076923076923 0.08653846153846154