0 0.21995192307692307 0.34375 0.07932692307692307 0.0889423076923077
0 0.2512019230769231 0.5853365384615384 0.09375 0.11057692307692307
0 0.17307692307692307 0.53125 0.06490384615384616 0.07692307692307693
0 0.1466346153846154 0.4831730769230769 0.06009615384615385 0.0673076923076923
0 0.06370192307692307 0.4735576923076923 0.07211538461538461 0.08413461538461539
0 0.18870192307692307 0.8245192307692307 0.07451923076923077 0.07932692307692307
0 0.28846153846153844 0.9266826923076923 0.06971153846153846 0.07211538461538461
0 0.36658653846153844 0.9747596153846154 0.06009615384615385 0.05048076923076923
0 0.3870192307692308 0.9362980769230769 0.0625 0.07451923076923077
0 0.44471153846153844 0.9723557692307693 0.07692307692307693 0.055288461538461536
0 0.4963942307692308 0.9723557692307693 0.055288461538461536 0.055288461538461536
0 0.5721153846153846 0.9807692307692307 0.0625 0.038461538461538464
0 0.38341346153846156 0.7920673076923077 0.08413461538461539 0.09615384615384616
0 0.390625 0.6959134615384616 0.0625 0.07451923076923077
0 0.5012019230769231 0.7319711538461539 0.06490384615384616 0.06971153846153846
0 0.5625 0.7223557692307693 0.0625 0.06971153846153846
0 0.6670673076923077 0.9170673076923077 0.0889423076923077 0.10576923076923077
0 0.7355769230769231 0.8870192307692307 0.06009615384615385 0.0673076923076923
0 0.7920673076923077 0.8112980769230769 0.057692307692307696 0.06971153846153846
0 0.6838942307692307 0.7163461538461539 0.0673076923076923 0.08173076923076923
0 0.5961538461538461 0.5877403846153846 0.06490384615384616 0.0673076923076923
0 0.7295673076923077 0.6370192307692307 0.06009615384615385 0.0673076923076923
0 0.5348557692307693 0.4014423076923077 0.06971153846153846 0.07692307692307693
0 0.6694711538461539 0.3894230769230769 0.0625 0.07692307692307693
0 0.9134615384615384 0.44350961538461536 0.08173076923076923 0.08653846153846154
0 0.9038461538461539 0.5769230769230769 0.09375 0.10817307692307693
0 0.9038461538461539 0.734375 0.06971153846153846 0.08413461538461539
0 0.9867788461538461 0.5324519230769231 0.026442307692307692 0.05048076923076923
0 0.96875 0.5336538461538461 0.04807692307692308 0.04807692307692308
0 0.8617788461538461 0.18870192307692307 0.06971153846153846 0.08173076923076923
0 0.06490384615384616 0.32572115384615385 0.12259615384615384 0.14182692307692307