0 0.07451923076923077 0.13701923076923078 0.06009615384615385 0.09615384615384616
0 0.030048076923076924 0.2536057692307692 0.06009615384615385 0.07451923076923077
0 0.0625 0.32091346153846156 0.0673076923076923 0.06971153846153846
0 0.10096153846153846 0.6189903846153846 0.07692307692307693 0.14903846153846154
0 0.20673076923076922 0.8257211538461539 0.09375 0.11298076923076923
0 0.2644230769230769 0.8125 0.04567307692307692 0.0985576923076923
0 0.33774038461538464 0.8713942307692307 0.05048076923076923 0.11298076923076923
0 0.39903846153846156 0.9362980769230769 0.06009615384615385 0.05048076923076923
0 0.42788461538461536 0.8701923076923077 0.04326923076923077 0.05048076923076923
0 0.5 0.8798076923076923 0.057692307692307696 0.0889423076923077
0 0.4891826923076923 0.7151442307692307 0.07932692307692307 0.08173076923076923
0 0.6105769230769231 0.7403846153846154 0.07451923076923077 0.04326923076923077
0 0.6634615384615384 0.7872596153846154 0.06490384615384616 0.07692307692307693
0 0.6346153846153846 0.8713942307692307 0.0673076923076923 0.057692307692307696
0 0.7584134615384616 0.47836538461538464 0.06971153846153846 0.1201923076923077
0 0.6899038461538461 0.30408653846153844 0.0625 0.0673076923076923
0 0.7680288461538461 0.18269230769230768 0.057692307692307696 0.08653846153846154
0 0.7752403846153846 0.08774038461538461 0.0625 0.08413461538461539
0 0.6370192307692307 0.07572115384615384 0.06009615384615385 0.09375
0 0.515625 0.11538461538461539 0.057692307692307696 0.10576923076923077
0 0.4807692307692308 0.24278846153846154 0.04567307692307692 0.08653846153846154
0 0.4182692307692308 0.040865384615384616 0.04326923076923077 0.07451923076923077
0 0.16466346153846154 0.23677884615384615 0.06490384615384616 0.09375