0 0.06009615384615385 0.2548076923076923 0.06490384615384616 0.0673076923076923
0 0.10216346153846154 0.27403846153846156 0.036057692307692304 0.0625
0 0.03245192307692308 0.3737980769230769 0.04807692307692308 0.09615384615384616
0 0.12620192307692307 0.37740384615384615 0.07451923076923077 0.06490384615384616
0 0.34134615384615385 0.27403846153846156 0.0625 0.07211538461538461
0 0.4879807692307692 0.003605769230769231 0.057692307692307696 0.007211538461538462
0 0.6129807692307693 0.019230769230769232 0.07451923076923077 0.026442307692307692
0 0.47596153846153844 0.12860576923076922 0.07692307692307693 0.09615384615384616
0 0.5697115384615384 0.13221153846153846 0.038461538461538464 0.04807692307692308
0 0.5745192307692307 0.2127403846153846 0.04567307692307692 0.04567307692307692
0 0.5336538461538461 0.33653846153846156 0.0625 0.057692307692307696
0 0.48677884615384615 0.30649038461538464 0.038461538461538464 0.07451923076923077
0 0.40384615384615385 0.6237980769230769 0.06490384615384616 0.0673076923076923
0 0.5348557692307693 0.6081730769230769 0.04326923076923077 0.057692307692307696
0 0.5516826923076923 0.7295673076923077 0.07451923076923077 0.0673076923076923
0 0.6862980769230769 0.7199519230769231 0.06009615384615385 0.08653846153846154
0 0.7199519230769231 0.8509615384615384 0.052884615384615384 0.07692307692307693
0 0.8052884615384616 0.9170673076923077 0.06971153846153846 0.05048076923076923
0 0.796875 0.9639423076923077 0.05048076923076923 0.04807692307692308
0 0.8209134615384616 0.7788461538461539 0.06490384615384616 0.0985576923076923
0 0.7860576923076923 0.6225961538461539 0.06490384615384616 0.0625
0 0.8125 0.5216346153846154 0.04567307692307692 0.07211538461538461
0 0.7824519230769231 0.4387019230769231 0.06009615384615385 0.0673076923076923
0 0.7067307692307693 0.3473557692307692 0.06009615384615385 0.0673076923076923
0 0.7608173076923077 0.36658653846153844 0.04567307692307692 0.040865384615384616
0 0.7463942307692307 0.40384615384615385 0.055288461538461536 0.04326923076923077
0 0.6742788461538461 0.5264423076923077 0.06971153846153846 0.07692307692307693
0 0.7415865384615384 0.10576923076923077 0.07932692307692307 0.10336538461538461
0 0.7584134615384616 0.06009615384615385 0.055288461538461536 0.055288461538461536
0 0.8990384615384616 0.140625 0.07211538461538461 0.06009615384615385
0 0.8581730769230769 0.20793269230769232 0.07451923076923077 0.09375
0 0.9891826923076923 0.1045673076923077 0.021634615384615384 0.040865384615384616
0 0.9855769230769231 0.14783653846153846 0.028846153846153848 0.06009615384615385
0 0.984375 0.22115384615384615 0.03125 0.07692307692307693
0 0.9891826923076923 0.3581730769230769 0.021634615384615384 0.057692307692307696
0 0.9819711538461539 0.5901442307692307 0.026442307692307692 0.057692307692307696
0 0.9759615384615384 0.6442307692307693 0.026442307692307692 0.07211538461538461
0 0.9507211538461539 0.7247596153846154 0.04807692307692308 0.07211538461538461
0 0.16706730769230768 0.038461538461538464 0.0889423076923077 0.07692307692307693
0 0.328125 0.15625 0.08173076923076923 0.09375
0 0.9927884615384616 0.41947115384615385 0.014423076923076924 0.09375
0 0.6778846153846154 0.9927884615384616 0.052884615384615384 0.014423076923076924
0 0.5985576923076923 0.5324519230769231 0.06490384615384616 0.11538461538461539