0 0.4735576923076923 0.6935096153846154 0.11057692307692307 0.10576923076923077
0 0.4206730769230769 0.21875 0.09375 0.09134615384615384
0 0.5673076923076923 0.09375 0.08653846153846154 0.0889423076923077
0 0.5973557692307693 0.1935096153846154 0.09615384615384616 0.125
0 0.8401442307692307 0.5588942307692307 0.11778846153846154 0.13221153846153846
0 0.5360576923076923 0.4375 0.08653846153846154 0.09615384615384616
0 0.3894230769230769 0.12620192307692307 0.06971153846153846 0.07692307692307693
0 0.859375 0.1971153846153846 0.07451923076923077 0.08173076923076923
0 0.3545673076923077 0.8497596153846154 0.09615384615384616 0.0889423076923077
0 0.546875 0.7536057692307693 0.10817307692307693 0.11778846153846154
0 0.4639423076923077 0.8461538461538461 0.11298076923076923 0.1201923076923077
0 0.6670673076923077 0.6334134615384616 0.1201923076923077 0.12259615384615384
0 0.6021634615384616 0.5576923076923077 0.11298076923076923 0.12980769230769232
0 0.7391826923076923 0.30288461538461536 0.18990384615384615 0.20192307692307693
0 0.7512019230769231 0.10576923076923077 0.12740384615384615 0.14903846153846154
0 0.375 0.06129807692307692 0.11538461538461539 0.12259615384615384
0 0.12259615384615384 0.21514423076923078 0.10817307692307693 0.12740384615384615
0 0.2800480769230769 0.5420673076923077 0.18509615384615385 0.21394230769230768
0 0.9266826923076923 0.25 0.05048076923076923 0.07211538461538461