0 0.546875 0.16706730769230768 0.03365384615384615 0.051682692307692304
0 0.484375 0.14543269230769232 0.028846153846153848 0.04927884615384615
0 0.4182692307692308 0.057692307692307696 0.03125 0.07692307692307693
0 0.203125 0.22115384615384615 0.03485576923076923 0.0673076923076923
0 0.11298076923076923 0.30288461538461536 0.056490384615384616 0.052884615384615384
0 0.07572115384615384 0.6658653846153846 0.037259615384615384 0.06370192307692307
0 0.09134615384615384 0.7379807692307693 0.03245192307692308 0.052884615384615384
0 0.12740384615384615 0.8125 0.028846153846153848 0.0625
0 0.3425480769230769 0.8173076923076923 0.051682692307692304 0.08052884615384616
0 0.36778846153846156 0.8966346153846154 0.038461538461538464 0.052884615384615384
0 0.46153846153846156 0.8725961538461539 0.03245192307692308 0.06490384615384616
0 0.5132211538461539 0.7908653846153846 0.04326923076923077 0.05048076923076923
0 0.6153846153846154 0.890625 0.038461538461538464 0.0625
0 0.6598557692307693 0.8701923076923077 0.020432692307692308 0.051682692307692304
0 0.734375 0.6862980769230769 0.027644230769230768 0.04927884615384615
0 0.7295673076923077 0.46875 0.04927884615384615 0.05048076923076923
0 0.7199519230769231 0.3425480769230769 0.046875 0.06370192307692307
0 0.7992788461538461 0.3317307692307692 0.038461538461538464 0.06370192307692307
0 0.8233173076923077 0.23918269230769232 0.02403846153846154 0.04807692307692308
0 0.8653846153846154 0.2776442307692308 0.027644230769230768 0.06850961538461539
0 0.890625 0.2776442307692308 0.018028846153846152 0.06610576923076923
0 0.5961538461538461 0.036057692307692304 0.028846153846153848 0.057692307692307696
0 0.6838942307692307 0.0829326923076923 0.04326923076923077 0.04927884615384615
0 0.3161057692307692 0.14302884615384615 0.040865384615384616 0.04447115384615385
0 0.25841346153846156 0.4579326923076923 0.039663461538461536 0.0625
0 0.056490384615384616 0.4639423076923077 0.052884615384615384 0.040865384615384616
0 0.7620192307692307 0.8076923076923077 0.040865384615384616 0.06610576923076923
0 0.9278846153846154 0.28725961538461536 0.038461538461538464 0.04807692307692308
0 0.734375 0.8990384615384616 0.037259615384615384 0.06009615384615385
0 0.4362980769230769 0.24278846153846154 0.028846153846153848 0.08173076923076923
0 0.38221153846153844 0.32572115384615385 0.06009615384615385 0.07091346153846154
0 0.15745192307692307 0.8653846153846154 0.039663461538461536 0.09014423076923077
0 0.6478365384615384 0.7956730769230769 0.04326923076923077 0.06490384615384616
0 0.546875 0.8990384615384616 0.04807692307692308 0.0625
0 0.5661057692307693 0.8100961538461539 0.028846153846153848 0.07572115384615384
0 0.6069711538461539 0.8052884615384616 0.03125 0.04927884615384615
0 0.796875 0.4050480769230769 0.040865384615384616 0.052884615384615384
0 0.8329326923076923 0.38822115384615385 0.04447115384615385 0.04927884615384615
0 0.7079326923076923 0.9182692307692307 0.025240384615384616 0.06850961538461539