0 0.12620192307692307 0.16346153846153846 0.07692307692307693 0.07211538461538461
0 0.15745192307692307 0.3016826923076923 0.057692307692307696 0.0673076923076923
0 0.11658653846153846 0.41586538461538464 0.04807692307692308 0.0625
0 0.04927884615384615 0.44591346153846156 0.0625 0.07692307692307693
0 0.0625 0.6670673076923077 0.08413461538461539 0.08413461538461539
0 0.15264423076923078 0.7139423076923077 0.07211538461538461 0.07932692307692307
0 0.15985576923076922 0.8870192307692307 0.0625 0.07451923076923077
0 0.23076923076923078 0.796875 0.052884615384615384 0.06009615384615385
0 0.2764423076923077 0.7836538461538461 0.05048076923076923 0.07451923076923077
0 0.27524038461538464 0.84375 0.06490384615384616 0.057692307692307696
0 0.3269230769230769 0.7584134615384616 0.06009615384615385 0.07932692307692307
0 0.3004807692307692 0.49399038461538464 0.07932692307692307 0.09375
0 0.2548076923076923 0.35096153846153844 0.07211538461538461 0.07932692307692307
0 0.24278846153846154 0.6286057692307693 0.0673076923076923 0.09615384615384616
0 0.2980769230769231 0.9867788461538461 0.057692307692307696 0.026442307692307692
0 0.36778846153846156 0.9927884615384616 0.0625 0.014423076923076924
0 0.4807692307692308 0.8990384615384616 0.06009615384615385 0.06971153846153846
0 0.5228365384615384 0.7163461538461539 0.08413461538461539 0.0985576923076923
0 0.45913461538461536 0.5456730769230769 0.0625 0.0673076923076923
0 0.44350961538461536 0.49759615384615385 0.052884615384615384 0.04807692307692308
0 0.35096153846153844 0.38100961538461536 0.07451923076923077 0.08173076923076923
0 0.43509615384615385 0.25841346153846156 0.07692307692307693 0.08173076923076923
0 0.3449519230769231 0.18509615384615385 0.08173076923076923 0.08173076923076923
0 0.3918269230769231 0.08653846153846154 0.057692307692307696 0.06490384615384616
0 0.6286057692307693 0.2608173076923077 0.07211538461538461 0.08653846153846154
0 0.6995192307692307 0.3245192307692308 0.0673076923076923 0.05048076923076923
0 0.7151442307692307 0.3629807692307692 0.0673076923076923 0.06009615384615385
0 0.6802884615384616 0.47475961538461536 0.06971153846153846 0.07211538461538461
0 0.6394230769230769 0.5432692307692307 0.0625 0.0673076923076923
0 0.6298076923076923 0.8341346153846154 0.08413461538461539 0.07211538461538461
0 0.8329326923076923 0.6346153846153846 0.055288461538461536 0.06490384615384616
0 0.8882211538461539 0.6262019230769231 0.0625 0.07692307692307693
0 0.9254807692307693 0.5961538461538461 0.03365384615384615 0.04326923076923077
0 0.9663461538461539 0.5108173076923077 0.0673076923076923 0.11298076923076923
0 0.9867788461538461 0.7019230769230769 0.026442307692307692 0.08173076923076923
0 0.8305288461538461 0.30649038461538464 0.06971153846153846 0.07211538461538461
0 0.7896634615384616 0.29447115384615385 0.05048076923076923 0.07211538461538461
0 0.7524038461538461 0.21634615384615385 0.04567307692307692 0.03365384615384615
0 0.7055288461538461 0.04567307692307692 0.06490384615384616 0.08653846153846154
0 0.9314903846153846 0.21514423076923078 0.03125 0.040865384615384616