0 0.31009615384615385 0.17908653846153846 0.042067307692307696 0.019230769230769232
0 0.3137019230769231 0.21754807692307693 0.04326923076923077 0.040865384615384616
0 0.16105769230769232 0.2439903846153846 0.02403846153846154 0.055288461538461536
0 0.17908653846153846 0.2764423076923077 0.021634615384615384 0.057692307692307696
0 0.0985576923076923 0.2127403846153846 0.02283653846153846 0.04447115384615385
0 0.08533653846153846 0.30408653846153844 0.025240384615384616 0.042067307692307696
0 0.10336538461538461 0.3269230769230769 0.025240384615384616 0.02283653846153846
0 0.21995192307692307 0.36899038461538464 0.052884615384615384 0.028846153846153848
0 0.16466346153846154 0.47115384615384615 0.03125 0.06009615384615385
0 0.18629807692307693 0.5649038461538461 0.039663461538461536 0.04326923076923077
0 0.15745192307692307 0.6021634615384616 0.04927884615384615 0.051682692307692304
0 0.12379807692307693 0.6394230769230769 0.04567307692307692 0.06370192307692307
0 0.08052884615384616 0.6658653846153846 0.028846153846153848 0.055288461538461536
0 0.09495192307692307 0.8209134615384616 0.028846153846153848 0.04567307692307692
0 0.11658653846153846 0.8497596153846154 0.026442307692307692 0.03125
0 0.140625 0.8569711538461539 0.039663461538461536 0.03485576923076923
0 0.14302884615384615 0.9675480769230769 0.038461538461538464 0.04447115384615385
0 0.21875 0.84375 0.03365384615384615 0.07932692307692307
0 0.3076923076923077 0.6887019230769231 0.036057692307692304 0.039663461538461536
0 0.33533653846153844 0.45552884615384615 0.037259615384615384 0.039663461538461536
0 0.3088942307692308 0.3329326923076923 0.02283653846153846 0.040865384615384616
0 0.38341346153846156 0.3293269230769231 0.039663461538461536 0.057692307692307696
0 0.47115384615384615 0.27884615384615385 0.06490384615384616 0.07572115384615384
0 0.45913461538461536 0.15264423076923078 0.042067307692307696 0.04326923076923077
0 0.5096153846153846 0.31490384615384615 0.02283653846153846 0.05889423076923077
0 0.546875 0.29447115384615385 0.037259615384615384 0.056490384615384616
0 0.5096153846153846 0.4098557692307692 0.04447115384615385 0.056490384615384616
0 0.5588942307692307 0.4411057692307692 0.02283653846153846 0.07091346153846154
0 0.5865384615384616 0.36899038461538464 0.03245192307692308 0.06009615384615385
0 0.6117788461538461 0.28846153846153844 0.030048076923076924 0.06370192307692307
0 0.6358173076923077 0.15865384615384615 0.03485576923076923 0.037259615384615384
0 0.6358173076923077 0.37259615384615385 0.05048076923076923 0.054086538461538464
0 0.6286057692307693 0.44350961538461536 0.03125 0.04447115384615385
0 0.5997596153846154 0.6622596153846154 0.042067307692307696 0.04447115384615385
0 0.5228365384615384 0.6358173076923077 0.04927884615384615 0.06370192307692307
0 0.4338942307692308 0.6754807692307693 0.028846153846153848 0.06009615384615385
0 0.40625 0.8689903846153846 0.026442307692307692 0.04807692307692308
0 0.4879807692307692 0.8076923076923077 0.03245192307692308 0.06370192307692307
0 0.5072115384615384 0.9759615384615384 0.036057692307692304 0.04447115384615385
0 0.5985576923076923 0.8677884615384616 0.036057692307692304 0.05889423076923077
0 0.6586538461538461 0.8834134615384616 0.03245192307692308 0.040865384615384616
0 0.7788461538461539 0.6598557692307693 0.026442307692307692 0.0673076923076923
0 0.7115384615384616 0.6105769230769231 0.05048076923076923 0.07091346153846154
0 0.75 0.3798076923076923 0.026442307692307692 0.06850961538461539
0 0.7872596153846154 0.27524038461538464 0.03485576923076923 0.040865384615384616
0 0.8485576923076923 0.3629807692307692 0.03245192307692308 0.06009615384615385
0 0.9567307692307693 0.32091346153846156 0.03245192307692308 0.0673076923076923
0 0.9615384615384616 0.2776442307692308 0.030048076923076924 0.06490384615384616
0 0.9771634615384616 0.1346153846153846 0.027644230769230768 0.06370192307692307
0 0.9338942307692307 0.13581730769230768 0.039663461538461536 0.05048076923076923
0 0.9903846153846154 0.7091346153846154 0.018028846153846152 0.06971153846153846
0 0.9399038461538461 0.7980769230769231 0.03485576923076923 0.06490384615384616
0 0.9867788461538461 0.9447115384615384 0.025240384615384616 0.051682692307692304
0 0.8966346153846154 0.7151442307692307 0.038461538461538464 0.07572115384615384
0 0.8557692307692307 0.7367788461538461 0.03125 0.06490384615384616
0 0.8293269230769231 0.6634615384615384 0.037259615384615384 0.07451923076923077
0 0.8052884615384616 0.8762019230769231 0.04567307692307692 0.06850961538461539
0 0.7512019230769231 0.9699519230769231 0.04567307692307692 0.057692307692307696
0 0.2956730769230769 0.39903846153846156 0.046875 0.08173076923076923