0 0.1502403846153846 0.3737980769230769 0.07932692307692307 0.09375
0 0.12740384615384615 0.6165865384615384 0.06971153846153846 0.1346153846153846
0 0.052884615384615384 0.7043269230769231 0.04807692307692308 0.07451923076923077
0 0.13822115384615385 0.8509615384615384 0.04567307692307692 0.07451923076923077
0 0.27524038461538464 0.7115384615384616 0.0889423076923077 0.10817307692307693
0 0.35096153846153844 0.6466346153846154 0.0625 0.07692307692307693
0 0.4651442307692308 0.7487980769230769 0.06971153846153846 0.09615384615384616
0 0.5276442307692307 0.8317307692307693 0.06971153846153846 0.07451923076923077
0 0.6730769230769231 0.7632211538461539 0.038461538461538464 0.07211538461538461
0 0.6923076923076923 0.71875 0.05048076923076923 0.07211538461538461
0 0.6983173076923077 0.6706730769230769 0.0673076923076923 0.0889423076923077
0 0.7872596153846154 0.6165865384615384 0.06971153846153846 0.09615384615384616
0 0.6322115384615384 0.5132211538461539 0.10336538461538461 0.08173076923076923
0 0.4362980769230769 0.38100961538461536 0.07451923076923077 0.0985576923076923
0 0.36538461538461536 0.13942307692307693 0.06490384615384616 0.07932692307692307
0 0.4795673076923077 0.02283653846153846 0.06490384615384616 0.04567307692307692
0 0.5841346153846154 0.14783653846153846 0.09134615384615384 0.0889423076923077
0 0.9050480769230769 0.1875 0.07932692307692307 0.08653846153846154
0 0.008413461538461538 0.2980769230769231 0.016826923076923076 0.08173076923076923
0 0.04567307692307692 0.45552884615384615 0.06971153846153846 0.09134615384615384
0 0.11057692307692307 0.46033653846153844 0.10096153846153846 0.11298076923076923
0 0.11057692307692307 0.8918269230769231 0.0673076923076923 0.08173076923076923
0 0.4110576923076923 0.6790865384615384 0.07211538461538461 0.0889423076923077