0 0.016826923076923076 0.1141826923076923 0.03365384615384615 0.036057692307692304
0 0.07451923076923077 0.22596153846153846 0.04326923076923077 0.06490384615384616
0 0.11538461538461539 0.2704326923076923 0.06971153846153846 0.05048076923076923
0 0.027644230769230768 0.5024038461538461 0.055288461538461536 0.08173076923076923
0 0.030048076923076924 0.65625 0.036057692307692304 0.10096153846153846
0 0.1466346153846154 0.6923076923076923 0.07932692307692307 0.06490384615384616
0 0.08653846153846154 0.4362980769230769 0.06971153846153846 0.07932692307692307
0 0.19951923076923078 0.4831730769230769 0.0673076923076923 0.055288461538461536
0 0.28365384615384615 0.5961538461538461 0.0625 0.07932692307692307
0 0.35336538461538464 0.5757211538461539 0.07692307692307693 0.08653846153846154
0 0.18870192307692307 0.9651442307692307 0.08653846153846154 0.038461538461538464
0 0.2848557692307692 0.15745192307692307 0.0673076923076923 0.06009615384615385
0 0.3004807692307692 0.06129807692307692 0.06971153846153846 0.0673076923076923
0 0.33533653846153844 0.07932692307692307 0.04326923076923077 0.07211538461538461
0 0.44471153846153844 0.11658653846153846 0.06971153846153846 0.08413461538461539
0 0.5108173076923077 0.07091346153846154 0.07211538461538461 0.07211538461538461
0 0.6778846153846154 0.07932692307692307 0.0673076923076923 0.08653846153846154
0 0.7043269230769231 0.18389423076923078 0.07692307692307693 0.10576923076923077
0 0.7596153846153846 0.14302884615384615 0.055288461538461536 0.07451923076923077
0 0.84375 0.016826923076923076 0.057692307692307696 0.03365384615384615
0 0.8894230769230769 0.12620192307692307 0.07451923076923077 0.07211538461538461
0 0.9326923076923077 0.2920673076923077 0.07211538461538461 0.06490384615384616
0 0.9675480769230769 0.34134615384615385 0.03125 0.0673076923076923
0 0.875 0.49759615384615385 0.0625 0.09134615384615384
0 0.7439903846153846 0.4230769230769231 0.08653846153846154 0.0985576923076923
0 0.6165865384615384 0.41346153846153844 0.07451923076923077 0.0985576923076923
0 0.5420673076923077 0.41947115384615385 0.07451923076923077 0.028846153846153848
0 0.5204326923076923 0.39663461538461536 0.07932692307692307 0.06009615384615385
0 0.4543269230769231 0.42427884615384615 0.08413461538461539 0.11057692307692307
0 0.6442307692307693 0.6177884615384616 0.07692307692307693 0.09615384615384616
0 0.7091346153846154 0.7115384615384616 0.08413461538461539 0.09134615384615384
0 0.6670673076923077 0.8341346153846154 0.06490384615384616 0.0889423076923077
0 0.6826923076923077 0.5492788461538461 0.0673076923076923 0.08413461538461539
0 0.9519230769230769 0.6466346153846154 0.0889423076923077 0.10817307692307693
0 0.8846153846153846 0.7788461538461539 0.1201923076923077 0.1346153846153846