0 0.3088942307692308 0.44591346153846156 0.11298076923076923 0.13701923076923078
0 0.056490384615384616 0.3870192307692308 0.0889423076923077 0.10576923076923077
0 0.11298076923076923 0.5492788461538461 0.0889423076923077 0.11298076923076923
0 0.359375 0.6742788461538461 0.09134615384615384 0.08653846153846154
0 0.44471153846153844 0.796875 0.08173076923076923 0.07692307692307693
0 0.7487980769230769 0.7560096153846154 0.07451923076923077 0.07692307692307693
0 0.5096153846153846 0.6298076923076923 0.08173076923076923 0.08173076923076923
0 0.6322115384615384 0.6129807692307693 0.055288461538461536 0.06971153846153846
0 0.4387019230769231 0.4206730769230769 0.07692307692307693 0.08653846153846154
0 0.25240384615384615 0.22716346153846154 0.07932692307692307 0.09615384615384616
0 0.3137019230769231 0.18269230769230768 0.07451923076923077 0.08653846153846154
0 0.3641826923076923 0.1971153846153846 0.06009615384615385 0.07451923076923077
0 0.39302884615384615 0.2776442307692308 0.06971153846153846 0.07932692307692307
0 0.4495192307692308 0.2536057692307692 0.07932692307692307 0.0889423076923077
0 0.3449519230769231 0.10216346153846154 0.09375 0.10576923076923077
0 0.17668269230769232 0.1658653846153846 0.06971153846153846 0.08173076923076923
0 0.22355769230769232 0.13822115384615385 0.06971153846153846 0.08173076923076923
0 0.019230769230769232 0.1778846153846154 0.038461538461538464 0.03365384615384615
0 0.10817307692307693 0.18269230769230768 0.07692307692307693 0.07451923076923077
0 0.1502403846153846 0.12980769230769232 0.0673076923076923 0.057692307692307696
0 0.6081730769230769 0.015625 0.07211538461538461 0.03125
0 0.5552884615384616 0.03245192307692308 0.07211538461538461 0.06490384615384616
0 0.7536057692307693 0.02283653846153846 0.06009615384615385 0.04567307692307692
0 0.6923076923076923 0.09735576923076923 0.07692307692307693 0.07932692307692307
0 0.8341346153846154 0.24639423076923078 0.055288461538461536 0.0625
0 0.6959134615384616 0.30649038461538464 0.057692307692307696 0.0673076923076923
0 0.5144230769230769 0.30288461538461536 0.11057692307692307 0.0985576923076923
0 0.21394230769230768 0.96875 0.057692307692307696 0.055288461538461536
0 0.28725961538461536 0.9891826923076923 0.06971153846153846 0.021634615384615384
0 0.4579326923076923 0.9435096153846154 0.08413461538461539 0.07932692307692307
0 0.5576923076923077 0.828125 0.07451923076923077 0.08653846153846154
0 0.7067307692307693 0.6778846153846154 0.040865384615384616 0.055288461538461536
0 0.8064903846153846 0.6935096153846154 0.07932692307692307 0.07211538461538461
0 0.7632211538461539 0.5805288461538461 0.052884615384615384 0.06971153846153846
0 0.7271634615384616 0.4579326923076923 0.08653846153846154 0.09615384615384616
0 0.9471153846153846 0.59375 0.0889423076923077 0.11298076923076923
0 0.8858173076923077 0.4182692307692308 0.07692307692307693 0.06971153846153846
0 0.8449519230769231 0.3076923076923077 0.09134615384615384 0.08653846153846154
0 0.8894230769230769 0.26322115384615385 0.07932692307692307 0.07932692307692307
0 0.9375 0.4423076923076923 0.06009615384615385 0.0625
0 0.9146634615384616 0.6466346153846154 0.07451923076923077 0.09134615384615384
0 0.5817307692307693 0.6201923076923077 0.06009615384615385 0.08413461538461539
0 0.5564903846153846 0.6322115384615384 0.05048076923076923 0.07692307692307693
0 0.6490384615384616 0.4807692307692308 0.07692307692307693 0.07932692307692307
0 0.6526442307692307 0.4423076923076923 0.04567307692307692 0.055288461538461536
0 0.6742788461538461 0.2608173076923077 0.05048076923076923 0.0625
0 0.6826923076923077 0.1658653846153846 0.0625 0.07451923076923077