0 0.6129807692307693 0.23076923076923078 0.04807692307692308 0.057692307692307696
0 0.6887019230769231 0.20552884615384615 0.0673076923076923 0.04807692307692308
0 0.3894230769230769 0.14182692307692307 0.05048076923076923 0.052884615384615384
0 0.10336538461538461 0.2932692307692308 0.0673076923076923 0.06490384615384616
0 0.7487980769230769 0.3269230769230769 0.0673076923076923 0.06971153846153846
0 0.96875 0.21875 0.0625 0.04807692307692308
0 0.9699519230769231 0.17548076923076922 0.040865384615384616 0.06009615384615385
0 0.8858173076923077 0.4026442307692308 0.0625 0.07451923076923077
0 0.9182692307692307 0.5300480769230769 0.06971153846153846 0.07692307692307693
0 0.6971153846153846 0.515625 0.0673076923076923 0.06971153846153846
0 0.48677884615384615 0.5829326923076923 0.05048076923076923 0.0673076923076923
0 0.4483173076923077 0.5853365384615384 0.052884615384615384 0.05048076923076923
0 0.5540865384615384 0.6850961538461539 0.08173076923076923 0.06490384615384616
0 0.4639423076923077 0.7055288461538461 0.06490384615384616 0.08413461538461539
0 0.7920673076923077 0.1814903846153846 0.06490384615384616 0.07211538461538461
0 0.6346153846153846 0.40865384615384615 0.08173076923076923 0.11778846153846154
0 0.44711538461538464 0.3401442307692308 0.09134615384615384 0.08173076923076923
0 0.8533653846153846 0.5132211538461539 0.0673076923076923 0.10336538461538461