0 0.4567307692307692 0.6009615384615384 0.03365384615384615 0.052884615384615384
0 0.42788461538461536 0.5697115384615384 0.03125 0.054086538461538464
0 0.47475961538461536 0.49399038461538464 0.028846153846153848 0.06370192307692307
0 0.5588942307692307 0.5625 0.04567307692307692 0.0625
0 0.5444711538461539 0.3449519230769231 0.03125 0.028846153846153848
0 0.5264423076923077 0.22596153846153846 0.027644230769230768 0.038461538461538464
0 0.5348557692307693 0.2848557692307692 0.02403846153846154 0.037259615384615384
0 0.4170673076923077 0.32211538461538464 0.03245192307692308 0.051682692307692304
0 0.37259615384615385 0.44591346153846156 0.021634615384615384 0.055288461538461536
0 0.41586538461538464 0.6658653846153846 0.04807692307692308 0.052884615384615384
0 0.44591346153846156 0.7896634615384616 0.03245192307692308 0.051682692307692304
0 0.4735576923076923 0.859375 0.018028846153846152 0.051682692307692304
0 0.4675480769230769 0.9002403846153846 0.026442307692307692 0.038461538461538464
0 0.48197115384615385 0.9567307692307693 0.038461538461538464 0.04927884615384615
0 0.5504807692307693 0.9795673076923077 0.026442307692307692 0.03245192307692308
0 0.6358173076923077 0.7704326923076923 0.037259615384615384 0.06370192307692307
0 0.6971153846153846 0.8509615384615384 0.038461538461538464 0.07451923076923077
0 0.8209134615384616 0.9086538461538461 0.026442307692307692 0.07091346153846154
0 0.8665865384615384 0.8978365384615384 0.042067307692307696 0.04447115384615385
0 0.9098557692307693 0.8966346153846154 0.018028846153846152 0.038461538461538464
0 0.9038461538461539 0.8605769230769231 0.027644230769230768 0.051682692307692304
0 0.9146634615384616 0.7379807692307693 0.028846153846153848 0.040865384615384616
0 0.8461538461538461 0.7776442307692307 0.03125 0.036057692307692304
0 0.8197115384615384 0.7524038461538461 0.037259615384615384 0.016826923076923076
0 0.7944711538461539 0.8221153846153846 0.030048076923076924 0.04807692307692308
0 0.8497596153846154 0.6670673076923077 0.021634615384615384 0.04807692307692308
0 0.9026442307692307 0.39663461538461536 0.03245192307692308 0.052884615384615384
0 0.9278846153846154 0.27884615384615385 0.03125 0.05048076923076923
0 0.8497596153846154 0.38100961538461536 0.026442307692307692 0.0673076923076923
0 0.8269230769230769 0.27524038461538464 0.05048076923076923 0.030048076923076924
0 0.6586538461538461 0.29086538461538464 0.03365384615384615 0.046875
0 0.6370192307692307 0.28365384615384615 0.026442307692307692 0.040865384615384616
0 0.6009615384615384 0.25721153846153844 0.042067307692307696 0.04807692307692308
0 0.5985576923076923 0.3449519230769231 0.028846153846153848 0.04326923076923077
0 0.5889423076923077 0.37259615384615385 0.013221153846153846 0.036057692307692304
0 0.5733173076923077 0.35096153846153844 0.027644230769230768 0.04326923076923077
0 0.5925480769230769 0.47596153846153844 0.036057692307692304 0.04326923076923077
0 0.40024038461538464 0.5853365384615384 0.02283653846153846 0.03125
0 0.09975961538461539 0.22235576923076922 0.02283653846153846 0.0625
0 0.6358173076923077 0.4411057692307692 0.038461538461538464 0.04447115384615385
0 0.7355769230769231 0.5949519230769231 0.040865384615384616 0.05048076923076923
0 0.8112980769230769 0.6298076923076923 0.02403846153846154 0.06009615384615385
0 0.08052884615384616 0.4879807692307692 0.06009615384615385 0.078125
0 0.5060096153846154 0.33413461538461536 0.03485576923076923 0.05889423076923077
0 0.484375 0.31490384615384615 0.020432692307692308 0.052884615384615384