0 0.6742788461538461 0.7644230769230769 0.1201923076923077 0.12259615384615384
0 0.5661057692307693 0.7752403846153846 0.0673076923076923 0.0673076923076923
0 0.5588942307692307 0.5793269230769231 0.06009615384615385 0.06009615384615385
0 0.6358173076923077 0.5925480769230769 0.08413461538461539 0.09375
0 0.5721153846153846 0.47716346153846156 0.0673076923076923 0.07211538461538461
0 0.24759615384615385 0.4963942307692308 0.055288461538461536 0.055288461538461536
0 0.22956730769230768 0.33774038461538464 0.06971153846153846 0.07211538461538461
0 0.18990384615384615 0.19591346153846154 0.0673076923076923 0.06971153846153846
0 0.38341346153846156 0.28846153846153844 0.0673076923076923 0.0673076923076923
0 0.45913461538461536 0.23918269230769232 0.0625 0.0625
0 0.6622596153846154 0.3581730769230769 0.07211538461538461 0.07692307692307693
0 0.7211538461538461 0.4651442307692308 0.057692307692307696 0.06009615384615385
0 0.765625 0.5961538461538461 0.09134615384615384 0.09375
0 0.3137019230769231 0.5925480769230769 0.07692307692307693 0.08413461538461539
0 0.4338942307692308 0.7139423076923077 0.08653846153846154 0.09134615384615384
0 0.0625 0.6742788461538461 0.06490384615384616 0.06009615384615385
0 0.15985576923076922 0.7932692307692307 0.08173076923076923 0.08173076923076923
0 0.28725961538461536 0.9867788461538461 0.06490384615384616 0.026442307692307692
0 0.20192307692307693 0.5396634615384616 0.07932692307692307 0.07932692307692307
0 0.125 0.4963942307692308 0.08653846153846154 0.0889423076923077
0 0.021634615384615384 0.5709134615384616 0.04326923076923077 0.09375
0 0.01201923076923077 0.6129807692307693 0.02403846153846154 0.057692307692307696
0 0.015625 0.6790865384615384 0.03125 0.05048076923076923
0 0.29927884615384615 0.9350961538461539 0.0985576923076923 0.10336538461538461
0 0.3557692307692308 0.8689903846153846 0.08173076923076923 0.08173076923076923
0 0.5649038461538461 0.90625 0.12259615384615384 0.12740384615384615
0 0.6814903846153846 0.4795673076923077 0.10576923076923077 0.11298076923076923
0 0.6117788461538461 0.25240384615384615 0.10576923076923077 0.11057692307692307
0 0.7307692307692307 0.25721153846153844 0.06490384615384616 0.06971153846153846
0 0.5661057692307693 0.018028846153846152 0.06490384615384616 0.036057692307692304
0 0.49158653846153844 0.19471153846153846 0.07692307692307693 0.07932692307692307
0 0.38461538461538464 0.14903846153846154 0.07692307692307693 0.08173076923076923
0 0.34975961538461536 0.10697115384615384 0.06971153846153846 0.07211538461538461
0 0.30408653846153844 0.052884615384615384 0.06490384615384616 0.06971153846153846
0 0.3076923076923077 0.2692307692307692 0.09615384615384616 0.09615384615384616
0 0.055288461538461536 0.24639423076923078 0.06490384615384616 0.0625
0 0.16346153846153846 0.1466346153846154 0.055288461538461536 0.052884615384615384