0 0.11658653846153846 0.25 0.036057692307692304 0.04807692307692308
0 0.09495192307692307 0.2692307692307692 0.036057692307692304 0.04567307692307692
0 0.07091346153846154 0.26802884615384615 0.04567307692307692 0.06009615384615385
0 0.016826923076923076 0.3112980769230769 0.03365384615384615 0.04567307692307692
0 0.008413461538461538 0.32211538461538464 0.016826923076923076 0.038461538461538464
0 0.018028846153846152 0.36899038461538464 0.03125 0.036057692307692304
0 0.010817307692307692 0.39903846153846156 0.021634615384615384 0.0625
0 0.021634615384615384 0.42908653846153844 0.04326923076923077 0.04567307692307692
0 0.06129807692307692 0.40865384615384615 0.05048076923076923 0.04807692307692308
0 0.14302884615384615 0.5625 0.0889423076923077 0.12980769230769232
0 0.12980769230769232 0.5012019230769231 0.06009615384615385 0.055288461538461536
0 0.1875 0.4567307692307692 0.055288461538461536 0.06009615384615385
0 0.21394230769230768 0.5444711538461539 0.052884615384615384 0.057692307692307696
0 0.2091346153846154 0.375 0.04326923076923077 0.05048076923076923
0 0.1502403846153846 0.3317307692307692 0.036057692307692304 0.052884615384615384
0 0.1658653846153846 0.2860576923076923 0.05048076923076923 0.055288461538461536
0 0.15504807692307693 0.24879807692307693 0.05048076923076923 0.057692307692307696
0 0.19591346153846154 0.25961538461538464 0.040865384615384616 0.040865384615384616
0 0.23197115384615385 0.29086538461538464 0.04807692307692308 0.06009615384615385
0 0.28365384615384615 0.3581730769230769 0.05048076923076923 0.06009615384615385
0 0.2920673076923077 0.2283653846153846 0.04326923076923077 0.05048076923076923
0 0.3173076923076923 0.2692307692307692 0.040865384615384616 0.03365384615384615
0 0.3942307692307692 0.3894230769230769 0.04567307692307692 0.05048076923076923
0 0.41225961538461536 0.4411057692307692 0.04567307692307692 0.04567307692307692
0 0.4362980769230769 0.5721153846153846 0.04807692307692308 0.05048076923076923
0 0.4831730769230769 0.6730769230769231 0.0673076923076923 0.06971153846153846
0 0.41346153846153844 0.6983173076923077 0.06971153846153846 0.08413461538461539
0 0.25 0.9783653846153846 0.0673076923076923 0.04326923076923077
0 0.5348557692307693 0.8870192307692307 0.06490384615384616 0.06490384615384616
0 0.5697115384615384 0.7091346153846154 0.06009615384615385 0.06490384615384616
0 0.6658653846153846 0.8028846153846154 0.0673076923076923 0.09615384615384616
0 0.6418269230769231 0.6165865384615384 0.055288461538461536 0.0673076923076923
0 0.5480769230769231 0.5168269230769231 0.055288461538461536 0.052884615384615384
0 0.5396634615384616 0.47115384615384615 0.052884615384615384 0.04807692307692308
0 0.4483173076923077 0.296875 0.057692307692307696 0.07211538461538461
0 0.4050480769230769 0.2620192307692308 0.055288461538461536 0.06490384615384616
0 0.4182692307692308 0.30288461538461536 0.04567307692307692 0.052884615384615384
0 0.3629807692307692 0.1971153846153846 0.04326923076923077 0.04567307692307692
0 0.38100961538461536 0.2247596153846154 0.03125 0.038461538461538464
0 0.30288461538461536 0.1310096153846154 0.04326923076923077 0.052884615384615384
0 0.26802884615384615 0.10096153846153846 0.04807692307692308 0.052884615384615384
0 0.2439903846153846 0.08173076923076923 0.040865384615384616 0.036057692307692304
0 0.3076923076923077 0.04807692307692308 0.03365384615384615 0.028846153846153848
0 0.49038461538461536 0.17067307692307693 0.06009615384615385 0.0673076923076923
0 0.5192307692307693 0.171875 0.052884615384615384 0.0673076923076923
0 0.5600961538461539 0.25 0.038461538461538464 0.052884615384615384
0 0.6081730769230769 0.3112980769230769 0.04326923076923077 0.055288461538461536
0 0.6057692307692307 0.40865384615384615 0.036057692307692304 0.04807692307692308
0 0.7115384615384616 0.484375 0.07692307692307693 0.08413461538461539
0 0.7283653846153846 0.43990384615384615 0.06009615384615385 0.06971153846153846
0 0.6875 0.36658653846153844 0.052884615384615384 0.057692307692307696
0 0.6550480769230769 0.3125 0.038461538461538464 0.04807692307692308
0 0.6814903846153846 0.25 0.04326923076923077 0.05048076923076923
0 0.6730769230769231 0.21514423076923078 0.028846153846153848 0.021634615384615384
0 0.6117788461538461 0.19951923076923078 0.04326923076923077 0.04567307692307692
0 0.6814903846153846 0.13221153846153846 0.04807692307692308 0.055288461538461536
0 0.7019230769230769 0.16346153846153846 0.04567307692307692 0.04326923076923077
0 0.7752403846153846 0.2860576923076923 0.06009615384615385 0.07932692307692307
0 0.8605769230769231 0.24879807692307693 0.055288461538461536 0.06490384615384616
0 0.8533653846153846 0.4182692307692308 0.05048076923076923 0.040865384615384616
0 0.8870192307692307 0.4483173076923077 0.055288461538461536 0.04326923076923077
0 0.8954326923076923 0.46634615384615385 0.0625 0.05048076923076923
0 0.9435096153846154 0.5048076923076923 0.04807692307692308 0.04807692307692308