0 0.5048076923076923 0.47716346153846156 0.057692307692307696 0.054086538461538464
0 0.4879807692307692 0.5817307692307693 0.039663461538461536 0.07451923076923077
0 0.37740384615384615 0.4639423076923077 0.039663461538461536 0.06129807692307692
0 0.30288461538461536 0.38341346153846156 0.037259615384615384 0.04326923076923077
0 0.33533653846153844 0.22235576923076922 0.051682692307692304 0.042067307692307696
0 0.3088942307692308 0.13341346153846154 0.040865384615384616 0.06129807692307692
0 0.2608173076923077 0.25 0.056490384615384616 0.06971153846153846
0 0.4675480769230769 0.8798076923076923 0.06009615384615385 0.07692307692307693
0 0.7283653846153846 0.8425480769230769 0.055288461538461536 0.04927884615384615
0 0.7223557692307693 0.4423076923076923 0.04927884615384615 0.06129807692307692
0 0.6598557692307693 0.43990384615384615 0.04447115384615385 0.06370192307692307
0 0.5360576923076923 0.3076923076923077 0.051682692307692304 0.04326923076923077
0 0.48677884615384615 0.2824519230769231 0.051682692307692304 0.04927884615384615
0 0.4375 0.40625 0.03365384615384615 0.055288461538461536
0 0.3858173076923077 0.33052884615384615 0.040865384615384616 0.052884615384615384
0 0.8088942307692307 0.16105769230769232 0.04807692307692308 0.054086538461538464
0 0.7199519230769231 0.1201923076923077 0.046875 0.03365384615384615
0 0.6394230769230769 0.15865384615384615 0.04567307692307692 0.03485576923076923
0 0.5745192307692307 0.14182692307692307 0.038461538461538464 0.04447115384615385
0 0.4951923076923077 0.12740384615384615 0.040865384615384616 0.027644230769230768
0 0.46274038461538464 0.03245192307692308 0.03245192307692308 0.038461538461538464
0 0.5180288461538461 0.08052884615384616 0.037259615384615384 0.03365384615384615
0 0.47475961538461536 0.09615384615384616 0.039663461538461536 0.027644230769230768
0 0.2956730769230769 0.051682692307692304 0.04807692307692308 0.05048076923076923
0 0.15264423076923078 0.07932692307692307 0.03245192307692308 0.03125
0 0.41586538461538464 0.8858173076923077 0.06490384615384616 0.08173076923076923
0 0.7079326923076923 0.32091346153846156 0.039663461538461536 0.05048076923076923
0 0.6129807692307693 0.24519230769230768 0.042067307692307696 0.036057692307692304
0 0.8605769230769231 0.13341346153846154 0.037259615384615384 0.056490384615384616
0 0.9591346153846154 0.09975961538461539 0.03245192307692308 0.030048076923076924
0 0.8846153846153846 0.21514423076923078 0.03125 0.08052884615384616
0 0.8221153846153846 0.3329326923076923 0.04447115384615385 0.057692307692307696
0 0.9819711538461539 0.3425480769230769 0.036057692307692304 0.05048076923076923
0 0.953125 0.2608173076923077 0.030048076923076924 0.06850961538461539
0 0.8257211538461539 0.07091346153846154 0.042067307692307696 0.05048076923076923
0 0.8100961538461539 0.03245192307692308 0.03485576923076923 0.030048076923076924
0 0.7752403846153846 0.046875 0.03125 0.027644230769230768
0 0.5805288461538461 0.036057692307692304 0.027644230769230768 0.03365384615384615