0 0.5817307692307693 0.6802884615384616 0.1346153846153846 0.14182692307692307
0 0.41586538461538464 0.6502403846153846 0.11298076923076923 0.12259615384615384
0 0.3713942307692308 0.421875 0.1201923076923077 0.13701923076923078
0 0.2704326923076923 0.46274038461538464 0.07932692307692307 0.08173076923076923
0 0.24759615384615385 0.8689903846153846 0.12980769230769232 0.11778846153846154
0 0.3786057692307692 0.9495192307692307 0.10096153846153846 0.10096153846153846
0 0.5456730769230769 0.9278846153846154 0.11298076923076923 0.12740384615384615
0 0.10576923076923077 0.5336538461538461 0.11057692307692307 0.11778846153846154
0 0.31009615384615385 0.5913461538461539 0.10336538461538461 0.10096153846153846
0 0.8653846153846154 0.28125 0.10336538461538461 0.11778846153846154
0 0.5024038461538461 0.4579326923076923 0.07932692307692307 0.09375
0 0.33653846153846156 0.7872596153846154 0.10336538461538461 0.13942307692307693
0 0.6225961538461539 0.9567307692307693 0.10576923076923077 0.08653846153846154
0 0.8197115384615384 0.9423076923076923 0.08653846153846154 0.10336538461538461
0 0.16826923076923078 0.7704326923076923 0.09134615384615384 0.08413461538461539
0 0.11899038461538461 0.7367788461538461 0.08173076923076923 0.11298076923076923
0 0.06850961538461539 0.40625 0.09615384615384616 0.1201923076923077