0 0.4411057692307692 0.3762019230769231 0.07692307692307693 0.07451923076923077
0 0.3858173076923077 0.2860576923076923 0.04807692307692308 0.07211538461538461
0 0.41346153846153844 0.6081730769230769 0.06490384615384616 0.07211538461538461
0 0.13701923076923078 0.2127403846153846 0.055288461538461536 0.04326923076923077
0 0.046875 0.3425480769230769 0.04807692307692308 0.07211538461538461
0 0.020432692307692308 0.36658653846153844 0.02403846153846154 0.057692307692307696
0 0.8028846153846154 0.7211538461538461 0.06490384615384616 0.08413461538461539
0 0.7163461538461539 0.6682692307692307 0.07692307692307693 0.08653846153846154
0 0.6550480769230769 0.6394230769230769 0.0673076923076923 0.07211538461538461
0 0.5372596153846154 0.71875 0.09615384615384616 0.0985576923076923
0 0.2608173076923077 0.6790865384615384 0.0673076923076923 0.08413461538461539
0 0.2127403846153846 0.6622596153846154 0.057692307692307696 0.07211538461538461
0 0.23677884615384615 0.8341346153846154 0.06490384615384616 0.0625
0 0.44350961538461536 0.24879807692307693 0.0673076923076923 0.09615384615384616
0 0.5408653846153846 0.2704326923076923 0.0625 0.0625
0 0.3125 0.5120192307692307 0.05048076923076923 0.08653846153846154
0 0.3557692307692308 0.5288461538461539 0.07692307692307693 0.0889423076923077
0 0.14783653846153846 0.8088942307692307 0.057692307692307696 0.08413461538461539
0 0.32211538461538464 0.7379807692307693 0.07692307692307693 0.10576923076923077
0 0.46634615384615385 0.8858173076923077 0.0673076923076923 0.09375
0 0.6033653846153846 0.8197115384615384 0.055288461538461536 0.09375
0 0.8665865384615384 0.6177884615384616 0.06009615384615385 0.07932692307692307
0 0.6490384615384616 0.4266826923076923 0.07211538461538461 0.11057692307692307
0 0.5192307692307693 0.4362980769230769 0.055288461538461536 0.07451923076923077
0 0.47596153846153844 0.5192307692307693 0.03365384615384615 0.06971153846153846
0 0.26802884615384615 0.3557692307692308 0.038461538461538464 0.0673076923076923
0 0.22355769230769232 0.25841346153846156 0.04567307692307692 0.07692307692307693
0 0.06490384615384616 0.4387019230769231 0.04326923076923077 0.07692307692307693
0 0.037259615384615384 0.25 0.03125 0.055288461538461536
0 0.8088942307692307 0.09495192307692307 0.0673076923076923 0.10576923076923077