0 0.7211538461538461 0.14423076923076922 0.10096153846153846 0.10096153846153846
0 0.8125 0.13581730769230768 0.0889423076923077 0.08413461538461539
0 0.6514423076923077 0.06129807692307692 0.10576923076923077 0.11057692307692307
0 0.08052884615384616 0.3713942307692308 0.10336538461538461 0.09375
0 0.08173076923076923 0.5180288461538461 0.10336538461538461 0.10576923076923077
0 0.028846153846153848 0.53125 0.057692307692307696 0.09615384615384616
0 0.4423076923076923 0.7908653846153846 0.08653846153846154 0.09375
0 0.5348557692307693 0.7451923076923077 0.07932692307692307 0.09375
0 0.40625 0.8713942307692307 0.08173076923076923 0.09375
0 0.19591346153846154 0.8689903846153846 0.09375 0.08653846153846154
0 0.5324519230769231 0.9447115384615384 0.07932692307692307 0.0889423076923077
0 0.33533653846153844 0.9651442307692307 0.06009615384615385 0.04807692307692308
0 0.6742788461538461 0.9302884615384616 0.10336538461538461 0.11057692307692307
0 0.7139423076923077 0.9675480769230769 0.09615384615384616 0.06490384615384616
0 0.6586538461538461 0.421875 0.08413461538461539 0.09375
0 0.5552884615384616 0.10096153846153846 0.08653846153846154 0.09615384615384616
0 0.5528846153846154 0.19831730769230768 0.08173076923076923 0.08413461538461539
0 0.5288461538461539 0.2848557692307692 0.06971153846153846 0.07692307692307693
0 0.46153846153846156 0.27524038461538464 0.07932692307692307 0.07451923076923077
0 0.42908653846153844 0.38100961538461536 0.06971153846153846 0.07692307692307693
0 0.8822115384615384 0.4326923076923077 0.0985576923076923 0.0985576923076923
0 0.765625 0.8245192307692307 0.0625 0.07211538461538461
0 0.5685096153846154 0.49759615384615385 0.0889423076923077 0.09134615384615384
0 0.5456730769230769 0.421875 0.06490384615384616 0.06971153846153846