0 0.6310096153846154 0.5360576923076923 0.028846153846153848 0.04326923076923077
0 0.7319711538461539 0.6201923076923077 0.03125 0.055288461538461536
0 0.9086538461538461 0.5925480769230769 0.040865384615384616 0.05048076923076923
0 0.9158653846153846 0.5324519230769231 0.028846153846153848 0.03365384615384615
0 0.796875 0.5985576923076923 0.036057692307692304 0.04567307692307692
0 0.8509615384615384 0.36899038461538464 0.038461538461538464 0.04567307692307692
0 0.9314903846153846 0.31850961538461536 0.026442307692307692 0.036057692307692304
0 0.8557692307692307 0.1971153846153846 0.036057692307692304 0.04326923076923077
0 0.8930288461538461 0.14543269230769232 0.02403846153846154 0.03365384615384615
0 0.6225961538461539 0.1622596153846154 0.026442307692307692 0.040865384615384616
0 0.2776442307692308 0.7512019230769231 0.03125 0.05048076923076923
0 0.3233173076923077 0.7355769230769231 0.019230769230769232 0.04807692307692308
0 0.1141826923076923 0.6454326923076923 0.03365384615384615 0.05048076923076923
0 0.04807692307692308 0.6382211538461539 0.04807692307692308 0.040865384615384616
0 0.02403846153846154 0.9086538461538461 0.040865384615384616 0.04567307692307692
0 0.18269230769230768 0.859375 0.036057692307692304 0.04567307692307692
0 0.18028846153846154 0.9362980769230769 0.038461538461538464 0.040865384615384616
0 0.3545673076923077 0.3918269230769231 0.04567307692307692 0.036057692307692304
0 0.23798076923076922 0.45072115384615385 0.026442307692307692 0.052884615384615384
0 0.1971153846153846 0.6995192307692307 0.04807692307692308 0.036057692307692304
0 0.9759615384615384 0.21033653846153846 0.03125 0.036057692307692304
0 0.3004807692307692 0.6153846153846154 0.03365384615384615 0.10096153846153846
0 0.15264423076923078 0.5504807692307693 0.05048076923076923 0.0673076923076923
0 0.1502403846153846 0.4050480769230769 0.036057692307692304 0.052884615384615384
0 0.12259615384615384 0.3954326923076923 0.03365384615384615 0.04567307692307692
0 0.08653846153846154 0.40024038461538464 0.05048076923076923 0.055288461538461536
0 0.08774038461538461 0.35216346153846156 0.036057692307692304 0.0625
0 0.10576923076923077 0.5841346153846154 0.03125 0.040865384615384616
0 0.14903846153846154 0.8954326923076923 0.038461538461538464 0.055288461538461536
0 0.20793269230769232 0.7824519230769231 0.052884615384615384 0.08653846153846154
0 0.3329326923076923 0.8918269230769231 0.06490384615384616 0.0673076923076923
0 0.2824519230769231 0.9110576923076923 0.021634615384615384 0.0673076923076923
0 0.5949519230769231 0.18269230769230768 0.021634615384615384 0.057692307692307696
0 0.5649038461538461 0.14182692307692307 0.026442307692307692 0.04807692307692308
0 0.5829326923076923 0.055288461538461536 0.040865384615384616 0.05048076923076923
0 0.7139423076923077 0.2956730769230769 0.028846153846153848 0.0625
0 0.7776442307692307 0.2848557692307692 0.03125 0.038461538461538464
0 0.8221153846153846 0.3545673076923077 0.03125 0.05048076923076923
0 0.8653846153846154 0.2764423076923077 0.02403846153846154 0.0673076923076923
0 0.9507211538461539 0.22596153846153846 0.02403846153846154 0.040865384615384616
0 0.6069711538461539 0.6634615384615384 0.02403846153846154 0.055288461538461536
0 0.5877403846153846 0.6550480769230769 0.03125 0.055288461538461536