0 0.5396634615384616 0.3004807692307692 0.057692307692307696 0.06971153846153846
0 0.5552884615384616 0.20072115384615385 0.028846153846153848 0.04567307692307692
0 0.5685096153846154 0.16947115384615385 0.03365384615384615 0.057692307692307696
0 0.48677884615384615 0.19831730769230768 0.052884615384615384 0.0673076923076923
0 0.4519230769230769 0.21394230769230768 0.04326923076923077 0.0673076923076923
0 0.3233173076923077 0.046875 0.06490384615384616 0.0625
0 0.29927884615384615 0.3858173076923077 0.06971153846153846 0.0985576923076923
0 0.21394230769230768 0.5264423076923077 0.06490384615384616 0.09134615384615384
0 0.35336538461538464 0.6117788461538461 0.052884615384615384 0.0625
0 0.46033653846153844 0.5120192307692307 0.06009615384615385 0.09134615384615384
0 0.5600961538461539 0.5745192307692307 0.07692307692307693 0.09375
0 0.6033653846153846 0.4254807692307692 0.057692307692307696 0.06971153846153846
0 0.7199519230769231 0.26322115384615385 0.04807692307692308 0.0673076923076923
0 0.734375 0.31009615384615385 0.04567307692307692 0.04807692307692308
0 0.7067307692307693 0.22716346153846154 0.04567307692307692 0.04807692307692308
0 0.6971153846153846 0.14903846153846154 0.057692307692307696 0.07932692307692307
0 0.8653846153846154 0.3786057692307692 0.057692307692307696 0.08413461538461539
0 0.8040865384615384 0.2980769230769231 0.057692307692307696 0.07451923076923077
0 0.9579326923076923 0.23798076923076922 0.0625 0.07692307692307693
0 0.9302884615384616 0.25240384615384615 0.040865384615384616 0.0625
0 0.9915865384615384 0.27163461538461536 0.016826923076923076 0.07211538461538461
0 0.9723557692307693 0.3389423076923077 0.04326923076923077 0.057692307692307696
0 0.9459134615384616 0.35216346153846156 0.05048076923076923 0.052884615384615384
0 0.9362980769230769 0.5444711538461539 0.038461538461538464 0.05048076923076923
0 0.9651442307692307 0.5408653846153846 0.04567307692307692 0.07211538461538461
0 0.8557692307692307 0.5024038461538461 0.04567307692307692 0.057692307692307696
0 0.7668269230769231 0.5144230769230769 0.04807692307692308 0.0673076923076923
0 0.8377403846153846 0.5985576923076923 0.04807692307692308 0.057692307692307696
0 0.9338942307692307 0.734375 0.04567307692307692 0.055288461538461536
0 0.8413461538461539 0.7175480769230769 0.04567307692307692 0.0673076923076923
0 0.7932692307692307 0.7572115384615384 0.06009615384615385 0.057692307692307696
0 0.7307692307692307 0.734375 0.04807692307692308 0.06009615384615385
0 0.6911057692307693 0.7896634615384616 0.06490384615384616 0.07451923076923077
0 0.7319711538461539 0.8449519230769231 0.04567307692307692 0.06009615384615385
0 0.7115384615384616 0.90625 0.04567307692307692 0.0625
0 0.7836538461538461 0.8954326923076923 0.057692307692307696 0.0673076923076923
0 0.7980769230769231 0.8233173076923077 0.052884615384615384 0.0673076923076923
0 0.8641826923076923 0.9543269230769231 0.03365384615384615 0.055288461538461536
0 0.6622596153846154 0.8641826923076923 0.04567307692307692 0.057692307692307696
0 0.5757211538461539 0.6911057692307693 0.06971153846153846 0.08413461538461539
0 0.5360576923076923 0.7824519230769231 0.040865384615384616 0.057692307692307696
0 0.4675480769230769 0.625 0.052884615384615384 0.04807692307692308
0 0.3942307692307692 0.7355769230769231 0.04807692307692308 0.0673076923076923
0 0.3641826923076923 0.8040865384615384 0.055288461538461536 0.06971153846153846
0 0.28125 0.8882211538461539 0.040865384615384616 0.06490384615384616
0 0.3161057692307692 0.9471153846153846 0.052884615384615384 0.05048076923076923
0 0.020432692307692308 0.8016826923076923 0.040865384615384616 0.09375
0 0.5180288461538461 0.9338942307692307 0.06971153846153846 0.06490384615384616
0 0.4579326923076923 0.9783653846153846 0.06009615384615385 0.04326923076923077
0 0.8161057692307693 0.4735576923076923 0.06971153846153846 0.06971153846153846