0 0.3016826923076923 0.22956730769230768 0.06009615384615385 0.07451923076923077
0 0.3112980769230769 0.31490384615384615 0.06971153846153846 0.055288461538461536
0 0.04326923076923077 0.5252403846153846 0.04326923076923077 0.0673076923076923
0 0.08774038461538461 0.5180288461538461 0.04567307692307692 0.052884615384615384
0 0.47115384615384615 0.41466346153846156 0.09134615384615384 0.04326923076923077
0 0.4519230769230769 0.47475961538461536 0.052884615384615384 0.07692307692307693
0 0.4387019230769231 0.5769230769230769 0.0625 0.057692307692307696
0 0.3737980769230769 0.4699519230769231 0.04326923076923077 0.052884615384615384
0 0.39302884615384615 0.7295673076923077 0.0673076923076923 0.06971153846153846
0 0.4254807692307692 0.875 0.057692307692307696 0.0889423076923077
0 0.10096153846153846 0.8689903846153846 0.057692307692307696 0.0673076923076923
0 0.47115384615384615 0.04927884615384615 0.04807692307692308 0.03365384615384615
0 0.6514423076923077 0.02403846153846154 0.0673076923076923 0.04807692307692308
0 0.6358173076923077 0.7091346153846154 0.0673076923076923 0.08653846153846154
0 0.6875 0.8377403846153846 0.057692307692307696 0.07932692307692307
0 0.9074519230769231 0.5961538461538461 0.0625 0.07692307692307693
0 0.9278846153846154 0.31490384615384615 0.057692307692307696 0.07211538461538461
0 0.9170673076923077 0.23197115384615385 0.04326923076923077 0.08173076923076923
0 0.984375 0.4266826923076923 0.03125 0.13942307692307693
0 0.9735576923076923 0.7920673076923077 0.04567307692307692 0.09134615384615384
0 0.9783653846153846 0.7163461538461539 0.04326923076923077 0.052884615384615384