0 0.7403846153846154 0.7800480769230769 0.07932692307692307 0.08173076923076923
0 0.6081730769230769 0.796875 0.08653846153846154 0.0889423076923077
0 0.21634615384615385 0.7463942307692307 0.07932692307692307 0.07932692307692307
0 0.1814903846153846 0.7692307692307693 0.07451923076923077 0.07692307692307693
0 0.09134615384615384 0.7403846153846154 0.10336538461538461 0.10576923076923077
0 0.027644230769230768 0.5504807692307693 0.055288461538461536 0.08173076923076923
0 0.08413461538461539 0.5588942307692307 0.057692307692307696 0.057692307692307696
0 0.109375 0.6141826923076923 0.08653846153846154 0.08653846153846154
0 0.027644230769230768 0.33052884615384615 0.055288461538461536 0.0985576923076923
0 0.17908653846153846 0.35096153846153844 0.09375 0.09615384615384616
0 0.23557692307692307 0.2980769230769231 0.08173076923076923 0.08173076923076923
0 0.3329326923076923 0.28725961538461536 0.11298076923076923 0.11538461538461539
0 0.4723557692307692 0.3329326923076923 0.11538461538461539 0.11778846153846154
0 0.41947115384615385 0.25 0.13221153846153846 0.1346153846153846
0 0.27524038461538464 0.07572115384615384 0.0985576923076923 0.0985576923076923
0 0.4495192307692308 0.05048076923076923 0.0985576923076923 0.0985576923076923
0 0.4639423076923077 0.016826923076923076 0.09615384615384616 0.03365384615384615
0 0.625 0.014423076923076924 0.04807692307692308 0.028846153846153848
0 0.5949519230769231 0.09975961538461539 0.0625 0.0625
0 0.5276442307692307 0.15745192307692307 0.0889423076923077 0.0889423076923077
0 0.6069711538461539 0.2668269230769231 0.1201923076923077 0.12259615384615384
0 0.6622596153846154 0.16826923076923078 0.10096153846153846 0.0985576923076923
0 0.7295673076923077 0.04326923076923077 0.08413461538461539 0.08653846153846154
0 0.3269230769230769 0.4987980769230769 0.055288461538461536 0.055288461538461536
0 0.23317307692307693 0.4987980769230769 0.07211538461538461 0.07451923076923077
0 0.2800480769230769 0.4987980769230769 0.06490384615384616 0.06490384615384616
0 0.3425480769230769 0.9675480769230769 0.0889423076923077 0.06490384615384616