0 0.5408653846153846 0.5240384615384616 0.06009615384615385 0.0625
0 0.5288461538461539 0.5793269230769231 0.057692307692307696 0.057692307692307696
0 0.6165865384615384 0.6189903846153846 0.08413461538461539 0.0889423076923077
0 0.6754807692307693 0.5012019230769231 0.06971153846153846 0.06971153846153846
0 0.6598557692307693 0.44711538461538464 0.05048076923076923 0.05048076923076923
0 0.6201923076923077 0.46033653846153844 0.057692307692307696 0.055288461538461536
0 0.4723557692307692 0.38822115384615385 0.06490384615384616 0.06490384615384616
0 0.38461538461538464 0.4519230769230769 0.06971153846153846 0.07211538461538461
0 0.28125 0.5216346153846154 0.07692307692307693 0.08173076923076923
0 0.3317307692307692 0.5949519230769231 0.08173076923076923 0.08653846153846154
0 0.3737980769230769 0.5961538461538461 0.08653846153846154 0.09375
0 0.4110576923076923 0.6057692307692307 0.10096153846153846 0.11057692307692307
0 0.2091346153846154 0.5552884615384616 0.07451923076923077 0.07451923076923077
0 0.21995192307692307 0.4675480769230769 0.07451923076923077 0.07451923076923077
0 0.2824519230769231 0.41346153846153844 0.06490384615384616 0.06490384615384616
0 0.33052884615384615 0.34134615384615385 0.07932692307692307 0.08173076923076923
0 0.12740384615384615 0.31490384615384615 0.07692307692307693 0.08413461538461539
0 0.13822115384615385 0.19471153846153846 0.0625 0.0625
0 0.23197115384615385 0.109375 0.08173076923076923 0.08173076923076923
0 0.4026442307692308 0.03365384615384615 0.07932692307692307 0.0673076923076923
0 0.4495192307692308 0.1201923076923077 0.08173076923076923 0.07692307692307693
0 0.5516826923076923 0.17548076923076922 0.0889423076923077 0.08653846153846154
0 0.5420673076923077 0.08653846153846154 0.08173076923076923 0.08653846153846154
0 0.6081730769230769 0.036057692307692304 0.05048076923076923 0.055288461538461536
0 0.6117788461538461 0.01201923076923077 0.06009615384615385 0.02403846153846154
0 0.2860576923076923 0.234375 0.08173076923076923 0.07932692307692307
0 0.43990384615384615 0.33413461538461536 0.0673076923076923 0.06971153846153846
0 0.009615384615384616 0.609375 0.019230769230769232 0.0985576923076923
0 0.019230769230769232 0.7055288461538461 0.038461538461538464 0.07932692307692307
0 0.17067307692307693 0.7884615384615384 0.10096153846153846 0.0985576923076923
0 0.22956730769230768 0.8245192307692307 0.07451923076923077 0.07451923076923077
0 0.35096153846153844 0.7367788461538461 0.08653846153846154 0.08653846153846154
0 0.9927884615384616 0.5228365384615384 0.014423076923076924 0.06971153846153846
0 0.9579326923076923 0.43990384615384615 0.08413461538461539 0.09134615384615384
0 0.8257211538461539 0.49278846153846156 0.06971153846153846 0.06971153846153846
0 0.8305288461538461 0.3641826923076923 0.07451923076923077 0.07211538461538461
0 0.7019230769230769 0.296875 0.06971153846153846 0.0673076923076923
0 0.7560096153846154 0.2956730769230769 0.0673076923076923 0.0673076923076923
0 0.6201923076923077 0.3161057692307692 0.052884615384615384 0.055288461538461536
0 0.7836538461538461 0.1622596153846154 0.055288461538461536 0.055288461538461536
0 0.8137019230769231 0.20432692307692307 0.0625 0.06490384615384616
0 0.5889423076923077 0.34134615384615385 0.057692307692307696 0.057692307692307696
0 0.5673076923076923 0.8485576923076923 0.08413461538461539 0.08413461538461539
0 0.7740384615384616 0.8353365384615384 0.07451923076923077 0.07692307692307693
0 0.7548076923076923 0.734375 0.08173076923076923 0.08413461538461539
0 0.8305288461538461 0.8100961538461539 0.10096153846153846 0.10096153846153846
0 0.8641826923076923 0.5697115384615384 0.06490384615384616 0.0673076923076923
0 0.44471153846153844 0.8293269230769231 0.057692307692307696 0.06009615384615385
0 0.4266826923076923 0.9651442307692307 0.09375 0.06971153846153846
0 0.34975961538461536 0.9579326923076923 0.0889423076923077 0.08413461538461539
0 0.9338942307692307 0.5564903846153846 0.0673076923076923 0.06971153846153846
0 0.96875 0.6057692307692307 0.06009615384615385 0.0625
0 0.6911057692307693 0.6766826923076923 0.10576923076923077 0.11298076923076923
0 0.6983173076923077 0.5769230769230769 0.08653846153846154 0.09375
0 0.5625 0.6526442307692307 0.08653846153846154 0.09134615384615384
0 0.3088942307692308 0.28365384615384615 0.057692307692307696 0.06490384615384616
0 0.30528846153846156 0.2608173076923077 0.04807692307692308 0.05048076923076923