0 0.3329326923076923 0.24158653846153846 0.0889423076923077 0.08653846153846154
0 0.46634615384615385 0.265625 0.08653846153846154 0.08173076923076923
0 0.4639423076923077 0.3173076923076923 0.06971153846153846 0.06971153846153846
0 0.4723557692307692 0.4050480769230769 0.10096153846153846 0.09615384615384616
0 0.4723557692307692 0.5588942307692307 0.08173076923076923 0.08173076923076923
0 0.5264423076923077 0.6694711538461539 0.0985576923076923 0.10336538461538461
0 0.26322115384615385 0.7487980769230769 0.055288461538461536 0.057692307692307696
0 0.17307692307692307 0.4831730769230769 0.057692307692307696 0.0673076923076923
0 0.3762019230769231 0.9302884615384616 0.07932692307692307 0.08173076923076923
0 0.2536057692307692 0.9278846153846154 0.09375 0.0889423076923077
0 0.5396634615384616 0.9194711538461539 0.08413461538461539 0.09134615384615384
0 0.6550480769230769 0.46634615384615385 0.07932692307692307 0.08413461538461539
0 0.5384615384615384 0.42908653846153844 0.055288461538461536 0.057692307692307696
0 0.71875 0.5625 0.09375 0.10096153846153846
0 0.3798076923076923 0.34975961538461536 0.07451923076923077 0.08413461538461539
0 0.8485576923076923 0.28125 0.0985576923076923 0.10576923076923077
0 0.796875 0.057692307692307696 0.055288461538461536 0.07211538461538461
0 0.9459134615384616 0.3786057692307692 0.07451923076923077 0.06971153846153846
0 0.9543269230769231 0.43990384615384615 0.07451923076923077 0.07692307692307693
0 0.9867788461538461 0.46274038461538464 0.026442307692307692 0.0889423076923077
0 0.8389423076923077 0.828125 0.06971153846153846 0.07692307692307693
0 0.7548076923076923 0.9050480769230769 0.07692307692307693 0.07211538461538461
0 0.6947115384615384 0.9026442307692307 0.08653846153846154 0.09134615384615384