0 0.07692307692307693 0.5877403846153846 0.06971153846153846 0.028846153846153848
0 0.125 0.265625 0.06370192307692307 0.026442307692307692
0 0.10576923076923077 0.19230769230769232 0.06490384615384616 0.056490384615384616
0 0.04567307692307692 0.3293269230769231 0.06490384615384616 0.02403846153846154
0 0.036057692307692304 0.6165865384615384 0.0673076923076923 0.052884615384615384
0 0.051682692307692304 0.8028846153846154 0.08173076923076923 0.04807692307692308
0 0.15745192307692307 0.703125 0.0673076923076923 0.03485576923076923
0 0.23918269230769232 0.8569711538461539 0.06610576923076923 0.078125
0 0.4891826923076923 0.9170673076923077 0.08052884615384616 0.04927884615384615
0 0.1971153846153846 0.4254807692307692 0.052884615384615384 0.08533653846153846
0 0.13581730769230768 0.37259615384615385 0.04567307692307692 0.05889423076923077
0 0.06610576923076923 0.36778846153846156 0.056490384615384616 0.07211538461538461
0 0.009615384615384616 0.46153846153846156 0.019230769230769232 0.17307692307692307
0 0.8894230769230769 0.6911057692307693 0.057692307692307696 0.09615384615384616
0 0.8918269230769231 0.6394230769230769 0.0673076923076923 0.055288461538461536
0 0.8846153846153846 0.5913461538461539 0.05889423076923077 0.07091346153846154
0 0.8365384615384616 0.5 0.06129807692307692 0.0673076923076923
0 0.7415865384615384 0.5072115384615384 0.037259615384615384 0.039663461538461536
0 0.7572115384615384 0.546875 0.037259615384615384 0.055288461538461536
0 0.6658653846153846 0.4110576923076923 0.04326923076923077 0.07451923076923077
0 0.8233173076923077 0.4074519230769231 0.06370192307692307 0.056490384615384616
0 0.9182692307692307 0.4519230769230769 0.037259615384615384 0.04447115384615385
0 0.9567307692307693 0.5540865384615384 0.056490384615384616 0.0673076923076923
0 0.9603365384615384 0.8497596153846154 0.07692307692307693 0.10576923076923077
0 0.8016826923076923 0.7788461538461539 0.037259615384615384 0.07091346153846154
0 0.6706730769230769 0.9459134615384616 0.040865384615384616 0.06610576923076923
0 0.36177884615384615 0.6814903846153846 0.05889423076923077 0.055288461538461536
0 0.22355769230769232 0.5793269230769231 0.06850961538461539 0.06370192307692307
0 0.24278846153846154 0.25 0.04447115384615385 0.05048076923076923
0 0.22716346153846154 0.19951923076923078 0.037259615384615384 0.05048076923076923
0 0.21875 0.14302884615384615 0.04447115384615385 0.057692307692307696
0 0.27283653846153844 0.06850961538461539 0.040865384615384616 0.09375
0 0.38221153846153844 0.4026442307692308 0.04927884615384615 0.0889423076923077