0 0.6887019230769231 0.3449519230769231 0.051682692307692304 0.051682692307692304
0 0.734375 0.22956730769230768 0.046875 0.06850961538461539
0 0.7139423076923077 0.41466346153846156 0.030048076923076924 0.054086538461538464
0 0.8786057692307693 0.4170673076923077 0.056490384615384616 0.04807692307692308
0 0.9699519230769231 0.39302884615384615 0.05889423076923077 0.05048076923076923
0 0.8449519230769231 0.15625 0.040865384615384616 0.052884615384615384
0 0.9278846153846154 0.11538461538461539 0.038461538461538464 0.056490384615384616
0 0.4254807692307692 0.0673076923076923 0.037259615384615384 0.039663461538461536
0 0.5132211538461539 0.0985576923076923 0.055288461538461536 0.06490384615384616
0 0.22115384615384615 0.22235576923076922 0.06009615384615385 0.0625
0 0.021634615384615384 0.7524038461538461 0.04326923076923077 0.04927884615384615
0 0.07091346153846154 0.7920673076923077 0.04447115384615385 0.027644230769230768
0 0.06129807692307692 0.6766826923076923 0.037259615384615384 0.019230769230769232
0 0.5925480769230769 0.1658653846153846 0.05048076923076923 0.0673076923076923
0 0.8173076923076923 0.7163461538461539 0.04927884615384615 0.030048076923076924
0 0.5276442307692307 0.6995192307692307 0.03485576923076923 0.0673076923076923
0 0.08533653846153846 0.875 0.027644230769230768 0.052884615384615384
0 0.6478365384615384 0.7728365384615384 0.03365384615384615 0.11298076923076923
0 0.6923076923076923 0.7163461538461539 0.030048076923076924 0.06490384615384616
0 0.8365384615384616 0.8413461538461539 0.05048076923076923 0.06850961538461539
0 0.8221153846153846 0.7908653846153846 0.06129807692307692 0.06370192307692307
0 0.7896634615384616 0.7704326923076923 0.06370192307692307 0.052884615384615384
0 0.8822115384615384 0.5108173076923077 0.036057692307692304 0.06971153846153846
0 0.9795673076923077 0.4723557692307692 0.040865384615384616 0.10216346153846154
0 0.8798076923076923 0.34975961538461536 0.04326923076923077 0.07451923076923077
0 0.4387019230769231 0.3004807692307692 0.046875 0.07451923076923077
0 0.051682692307692304 0.5997596153846154 0.04447115384615385 0.07451923076923077
0 0.13942307692307693 0.7391826923076923 0.051682692307692304 0.06971153846153846
0 0.203125 0.8653846153846154 0.04447115384615385 0.06971153846153846
0 0.13942307692307693 0.8509615384615384 0.028846153846153848 0.040865384615384616
0 0.09134615384615384 0.9423076923076923 0.08533653846153846 0.08052884615384616
0 0.3173076923076923 0.9627403846153846 0.04807692307692308 0.037259615384615384
0 0.2932692307692308 0.9182692307692307 0.046875 0.046875
0 0.3137019230769231 0.78125 0.039663461538461536 0.07451923076923077
0 0.8870192307692307 0.07932692307692307 0.036057692307692304 0.06971153846153846
0 0.9182692307692307 0.016826923076923076 0.04927884615384615 0.030048076923076924
0 0.03125 0.08774038461538461 0.026442307692307692 0.05048076923076923