0 0.3942307692307692 0.3545673076923077 0.06129807692307692 0.10817307692307693
0 0.8317307692307693 0.36658653846153844 0.05889423076923077 0.0985576923076923
0 0.6298076923076923 0.6983173076923077 0.056490384615384616 0.07451923076923077
0 0.6057692307692307 0.6430288461538461 0.04447115384615385 0.05889423076923077
0 0.5012019230769231 0.8245192307692307 0.06490384615384616 0.11057692307692307
0 0.6550480769230769 0.9158653846153846 0.054086538461538464 0.05048076923076923
0 0.10697115384615384 0.4963942307692308 0.0673076923076923 0.1346153846153846
0 0.21995192307692307 0.6814903846153846 0.06370192307692307 0.1310096153846154
0 0.08052884615384616 0.7283653846153846 0.06129807692307692 0.09254807692307693
0 0.12860576923076922 0.9375 0.057692307692307696 0.0889423076923077
0 0.20552884615384615 0.18990384615384615 0.11538461538461539 0.12620192307692307
0 0.6105769230769231 0.8389423076923077 0.054086538461538464 0.04326923076923077
0 0.6478365384615384 0.8641826923076923 0.056490384615384616 0.040865384615384616