0 0.1875 0.25240384615384615 0.04807692307692308 0.03125
0 0.20072115384615385 0.28966346153846156 0.057692307692307696 0.055288461538461536
0 0.05048076923076923 0.3605769230769231 0.040865384615384616 0.06490384615384616
0 0.078125 0.3894230769230769 0.038461538461538464 0.0673076923076923
0 0.014423076923076924 0.46274038461538464 0.028846153846153848 0.03125
0 0.1466346153846154 0.4723557692307692 0.0625 0.04567307692307692
0 0.11778846153846154 0.5949519230769231 0.05048076923076923 0.07211538461538461
0 0.1658653846153846 0.6850961538461539 0.052884615384615384 0.055288461538461536
0 0.1466346153846154 0.7319711538461539 0.06490384615384616 0.0673076923076923
0 0.12259615384615384 0.7800480769230769 0.06490384615384616 0.07692307692307693
0 0.08413461538461539 0.8197115384615384 0.04567307692307692 0.06490384615384616
0 0.14182692307692307 0.9747596153846154 0.04326923076923077 0.05048076923076923
0 0.171875 0.9903846153846154 0.036057692307692304 0.019230769230769232
0 0.19831730769230768 0.9879807692307693 0.05048076923076923 0.02403846153846154
0 0.2764423076923077 0.9591346153846154 0.057692307692307696 0.08173076923076923
0 0.32572115384615385 0.7788461538461539 0.04807692307692308 0.05048076923076923
0 0.29086538461538464 0.53125 0.04807692307692308 0.05048076923076923
0 0.22716346153846154 0.41225961538461536 0.03365384615384615 0.04807692307692308
0 0.30408653846153844 0.3870192307692308 0.057692307692307696 0.07211538461538461
0 0.38221153846153844 0.31009615384615385 0.0889423076923077 0.09615384615384616
0 0.33413461538461536 0.18269230769230768 0.055288461538461536 0.057692307692307696
0 0.43028846153846156 0.33653846153846156 0.040865384615384616 0.0673076923076923
0 0.4639423076923077 0.30528846153846156 0.055288461538461536 0.06971153846153846
0 0.4579326923076923 0.43509615384615385 0.0625 0.07211538461538461
0 0.5180288461538461 0.4543269230769231 0.04326923076923077 0.08173076923076923
0 0.5252403846153846 0.3713942307692308 0.05048076923076923 0.07211538461538461
0 0.5288461538461539 0.28125 0.04807692307692308 0.07451923076923077
0 0.5192307692307693 0.140625 0.04567307692307692 0.04807692307692308
0 0.578125 0.36177884615384615 0.0673076923076923 0.06971153846153846
0 0.5901442307692307 0.4375 0.04326923076923077 0.055288461538461536
0 0.6201923076923077 0.671875 0.055288461538461536 0.057692307692307696
0 0.5348557692307693 0.6646634615384616 0.0673076923076923 0.07932692307692307
0 0.4519230769230769 0.7307692307692307 0.04807692307692308 0.06971153846153846
0 0.47836538461538464 0.9399038461538461 0.040865384615384616 0.057692307692307696
0 0.5444711538461539 0.8521634615384616 0.05048076923076923 0.07451923076923077
0 0.6766826923076923 0.8846153846153846 0.052884615384615384 0.07211538461538461
0 0.7439903846153846 0.8834134615384616 0.04567307692307692 0.052884615384615384
0 0.8052884615384616 0.6201923076923077 0.04567307692307692 0.07692307692307693
0 0.7223557692307693 0.5877403846153846 0.07211538461538461 0.0889423076923077
0 0.6983173076923077 0.3389423076923077 0.04567307692307692 0.07932692307692307
0 0.7079326923076923 0.21875 0.04807692307692308 0.052884615384615384
0 0.7956730769230769 0.2932692307692308 0.05048076923076923 0.07211538461538461
0 0.8966346153846154 0.21875 0.052884615384615384 0.07932692307692307
0 0.8894230769230769 0.17307692307692307 0.05048076923076923 0.07692307692307693
0 0.8641826923076923 0.027644230769230768 0.04567307692307692 0.055288461538461536
0 0.8209134615384616 0.03485576923076923 0.055288461538461536 0.0625
0 0.9927884615384616 0.71875 0.014423076923076924 0.07692307692307693
0 0.9435096153846154 0.6442307692307693 0.06009615384615385 0.0889423076923077
0 0.90625 0.6778846153846154 0.05048076923076923 0.07692307692307693
0 0.859375 0.609375 0.06009615384615385 0.08653846153846154
0 0.8942307692307693 0.8365384615384616 0.0673076923076923 0.08413461538461539
0 0.23317307692307693 0.4831730769230769 0.07211538461538461 0.0985576923076923