0 0.4795673076923077 0.609375 0.04567307692307692 0.06009615384615385
0 0.44471153846153844 0.5865384615384616 0.04326923076923077 0.06009615384615385
0 0.4723557692307692 0.5 0.04326923076923077 0.06971153846153846
0 0.5709134615384616 0.546875 0.06009615384615385 0.07211538461538461
0 0.5036057692307693 0.33774038461538464 0.038461538461538464 0.036057692307692304
0 0.4579326923076923 0.22716346153846154 0.036057692307692304 0.04326923076923077
0 0.4807692307692308 0.2824519230769231 0.03125 0.040865384615384616
0 0.375 0.34615384615384615 0.04326923076923077 0.057692307692307696
0 0.3605769230769231 0.47836538461538464 0.03365384615384615 0.06009615384615385
0 0.4567307692307692 0.6826923076923077 0.06009615384615385 0.0625
0 0.5168269230769231 0.7956730769230769 0.04326923076923077 0.057692307692307696
0 0.5600961538461539 0.8581730769230769 0.028846153846153848 0.055288461538461536
0 0.5649038461538461 0.8990384615384616 0.036057692307692304 0.04326923076923077
0 0.5913461538461539 0.9507211538461539 0.04807692307692308 0.057692307692307696
0 0.6646634615384616 0.9555288461538461 0.03365384615384615 0.038461538461538464
0 0.6971153846153846 0.7307692307692307 0.052884615384615384 0.07211538461538461
0 0.7764423076923077 0.7944711538461539 0.055288461538461536 0.08173076923076923
0 0.9122596153846154 0.8209134615384616 0.04326923076923077 0.07692307692307693
0 0.953125 0.7992788461538461 0.052884615384615384 0.055288461538461536
0 0.9903846153846154 0.7872596153846154 0.019230769230769232 0.040865384615384616
0 0.9795673076923077 0.7548076923076923 0.038461538461538464 0.057692307692307696
0 0.9603365384615384 0.6322115384615384 0.038461538461538464 0.04567307692307692
0 0.9050480769230769 0.6862980769230769 0.038461538461538464 0.04326923076923077
0 0.8713942307692307 0.6682692307692307 0.040865384615384616 0.026442307692307692
0 0.8653846153846154 0.7427884615384616 0.040865384615384616 0.055288461538461536
0 0.8798076923076923 0.578125 0.03365384615384615 0.052884615384615384
0 0.8665865384615384 0.3004807692307692 0.04326923076923077 0.06009615384615385
0 0.8617788461538461 0.18028846153846154 0.04326923076923077 0.057692307692307696
0 0.8100961538461539 0.29927884615384615 0.040865384615384616 0.07211538461538461
0 0.7632211538461539 0.20192307692307693 0.055288461538461536 0.040865384615384616
0 0.6033653846153846 0.25721153846153844 0.04326923076923077 0.055288461538461536
0 0.5793269230769231 0.25600961538461536 0.036057692307692304 0.04567307692307692
0 0.5372596153846154 0.23918269230769232 0.052884615384615384 0.057692307692307696
0 0.5576923076923077 0.32572115384615385 0.038461538461538464 0.05048076923076923
0 0.5540865384615384 0.3545673076923077 0.021634615384615384 0.038461538461538464
0 0.5336538461538461 0.33653846153846156 0.038461538461538464 0.05048076923076923
0 0.5841346153846154 0.4543269230769231 0.04807692307692308 0.052884615384615384
0 0.421875 0.6069711538461539 0.028846153846153848 0.036057692307692304
0 0.040865384615384616 0.3269230769230769 0.038461538461538464 0.0673076923076923
0 0.6165865384615384 0.4098557692307692 0.04807692307692308 0.052884615384615384
0 0.7512019230769231 0.5348557692307693 0.052884615384615384 0.057692307692307696
0 0.8329326923076923 0.5504807692307693 0.038461538461538464 0.06490384615384616
0 0.08653846153846154 0.5901442307692307 0.07692307692307693 0.09134615384615384
0 0.4639423076923077 0.33653846153846156 0.04807692307692308 0.06490384615384616
0 0.4387019230769231 0.3233173076923077 0.03365384615384615 0.055288461538461536