0 0.4387019230769231 0.4074519230769231 0.06370192307692307 0.057692307692307696
0 0.5180288461538461 0.4567307692307692 0.057692307692307696 0.05889423076923077
0 0.6586538461538461 0.7524038461538461 0.09495192307692307 0.04927884615384615
0 0.8990384615384616 0.7439903846153846 0.078125 0.0673076923076923
0 0.9182692307692307 0.35216346153846156 0.09495192307692307 0.09014423076923077
0 0.828125 0.5480769230769231 0.14302884615384615 0.0985576923076923
0 0.6213942307692307 0.5637019230769231 0.09014423076923077 0.09254807692307693
0 0.7860576923076923 0.2920673076923077 0.0625 0.08413461538461539
0 0.5612980769230769 0.38341346153846156 0.11057692307692307 0.07091346153846154
0 0.7163461538461539 0.5757211538461539 0.0625 0.08052884615384616
0 0.4050480769230769 0.8365384615384616 0.078125 0.09495192307692307
0 0.53125 0.8798076923076923 0.10096153846153846 0.09254807692307693
0 0.2536057692307692 0.3425480769230769 0.09014423076923077 0.08413461538461539
0 0.2548076923076923 0.2608173076923077 0.09134615384615384 0.038461538461538464
0 0.07932692307692307 0.1201923076923077 0.0829326923076923 0.08413461538461539
0 0.16826923076923078 0.054086538461538464 0.07451923076923077 0.07932692307692307
0 0.2403846153846154 0.04927884615384615 0.054086538461538464 0.06850961538461539
0 0.3269230769230769 0.038461538461538464 0.07692307692307693 0.040865384615384616
0 0.8353365384615384 0.16826923076923078 0.0829326923076923 0.07451923076923077
0 0.7379807692307693 0.2283653846153846 0.0889423076923077 0.04927884615384615
0 0.6225961538461539 0.3173076923076923 0.0829326923076923 0.06850961538461539