0 0.28125 0.33653846153846156 0.07091346153846154 0.06490384615384616
0 0.20552884615384615 0.2091346153846154 0.06009615384615385 0.08052884615384616
0 0.1045673076923077 0.22235576923076922 0.07451923076923077 0.07451923076923077
0 0.04567307692307692 0.1875 0.06009615384615385 0.07451923076923077
0 0.4543269230769231 0.07692307692307693 0.054086538461538464 0.057692307692307696
0 0.53125 0.0985576923076923 0.056490384615384616 0.05048076923076923
0 0.5528846153846154 0.28966346153846156 0.04807692307692308 0.052884615384615384
0 0.5036057692307693 0.38100961538461536 0.039663461538461536 0.07692307692307693
0 0.5685096153846154 0.46875 0.06370192307692307 0.06971153846153846
0 0.6742788461538461 0.5661057692307693 0.056490384615384616 0.06370192307692307
0 0.6454326923076923 0.41466346153846156 0.07692307692307693 0.03485576923076923
0 0.6766826923076923 0.3641826923076923 0.036057692307692304 0.0625
0 0.7548076923076923 0.5084134615384616 0.05889423076923077 0.08173076923076923
0 0.7884615384615384 0.6790865384615384 0.056490384615384616 0.0673076923076923
0 0.7584134615384616 0.7932692307692307 0.057692307692307696 0.051682692307692304
0 0.5709134615384616 0.7800480769230769 0.06490384615384616 0.036057692307692304
0 0.5252403846153846 0.6502403846153846 0.06370192307692307 0.078125
0 0.3798076923076923 0.5853365384615384 0.05048076923076923 0.07451923076923077
0 0.1875 0.47836538461538464 0.08533653846153846 0.08173076923076923
0 0.036057692307692304 0.47716346153846156 0.07211538461538461 0.07932692307692307
0 0.03365384615384615 0.6574519230769231 0.06610576923076923 0.08774038461538461
0 0.15384615384615385 0.7319711538461539 0.04807692307692308 0.051682692307692304
0 0.41225961538461536 0.7199519230769231 0.05048076923076923 0.08413461538461539
0 0.43990384615384615 0.9074519230769231 0.08052884615384616 0.055288461538461536
0 0.21394230769230768 0.07091346153846154 0.06490384615384616 0.056490384615384616
0 0.9098557692307693 0.14783653846153846 0.0673076923076923 0.06129807692307692
0 0.9074519230769231 0.296875 0.08413461538461539 0.09254807692307693
0 0.9206730769230769 0.4807692307692308 0.06370192307692307 0.06490384615384616
0 0.9495192307692307 0.5817307692307693 0.06490384615384616 0.057692307692307696
0 0.8545673076923077 0.6129807692307693 0.07692307692307693 0.06490384615384616
0 0.9663461538461539 0.6478365384615384 0.0673076923076923 0.05048076923076923
0 0.3269230769230769 0.203125 0.05889423076923077 0.06610576923076923
0 0.056490384615384616 0.38221153846153844 0.0733173076923077 0.04447115384615385
0 0.3629807692307692 0.28725961538461536 0.056490384615384616 0.052884615384615384
0 0.5540865384615384 0.17908653846153846 0.06370192307692307 0.054086538461538464
0 0.5300480769230769 0.8449519230769231 0.06370192307692307 0.04326923076923077
0 0.7271634615384616 0.6454326923076923 0.05048076923076923 0.07932692307692307
0 0.5853365384615384 0.6646634615384616 0.056490384615384616 0.078125
0 0.32091346153846156 0.3004807692307692 0.04447115384615385 0.040865384615384616