0 0.046875 0.2824519230769231 0.04807692307692308 0.05048076923076923
0 0.028846153846153848 0.3112980769230769 0.04567307692307692 0.04807692307692308
0 0.015625 0.31490384615384615 0.03125 0.0625
0 0.010817307692307692 0.5036057692307693 0.021634615384615384 0.055288461538461536
0 0.03125 0.47115384615384615 0.057692307692307696 0.057692307692307696
0 0.16466346153846154 0.6129807692307693 0.125 0.1346153846153846
0 0.13221153846153846 0.5504807692307693 0.0673076923076923 0.0673076923076923
0 0.18269230769230768 0.48677884615384615 0.06971153846153846 0.06971153846153846
0 0.23677884615384615 0.5733173076923077 0.06490384615384616 0.06490384615384616
0 0.1814903846153846 0.3918269230769231 0.055288461538461536 0.055288461538461536
0 0.10697115384615384 0.36177884615384615 0.05048076923076923 0.055288461538461536
0 0.10817307692307693 0.3076923076923077 0.0625 0.0625
0 0.08653846153846154 0.2704326923076923 0.0625 0.06490384615384616
0 0.1346153846153846 0.27163461538461536 0.04807692307692308 0.04807692307692308
0 0.18269230769230768 0.29447115384615385 0.0625 0.06490384615384616
0 0.25841346153846156 0.35216346153846156 0.06490384615384616 0.0673076923076923
0 0.22956730769230768 0.20793269230769232 0.052884615384615384 0.052884615384615384
0 0.2692307692307692 0.24759615384615385 0.04567307692307692 0.04326923076923077
0 0.3858173076923077 0.3545673076923077 0.055288461538461536 0.055288461538461536
0 0.41947115384615385 0.40384615384615385 0.055288461538461536 0.052884615384615384
0 0.484375 0.5384615384615384 0.057692307692307696 0.057692307692307696
0 0.5637019230769231 0.6334134615384616 0.07932692307692307 0.08173076923076923
0 0.4951923076923077 0.6814903846153846 0.0889423076923077 0.09375
0 0.6814903846153846 0.8497596153846154 0.07451923076923077 0.07451923076923077
0 0.6682692307692307 0.6478365384615384 0.07451923076923077 0.07451923076923077
0 0.7992788461538461 0.7211538461538461 0.09134615384615384 0.0985576923076923
0 0.71875 0.5264423076923077 0.07211538461538461 0.07451923076923077
0 0.5877403846153846 0.44591346153846156 0.06490384615384616 0.0625
0 0.5661057692307693 0.39903846153846156 0.0625 0.06009615384615385
0 0.4182692307692308 0.23677884615384615 0.07451923076923077 0.07692307692307693
0 0.3605769230769231 0.21153846153846154 0.06971153846153846 0.07211538461538461
0 0.38822115384615385 0.2536057692307692 0.057692307692307696 0.06009615384615385
0 0.2980769230769231 0.15504807692307693 0.052884615384615384 0.052884615384615384
0 0.3233173076923077 0.1814903846153846 0.040865384615384616 0.04326923076923077
0 0.21754807692307693 0.10697115384615384 0.04567307692307692 0.04807692307692308
0 0.4266826923076923 0.0889423076923077 0.07451923076923077 0.07451923076923077
0 0.4579326923076923 0.0829326923076923 0.06971153846153846 0.07211538461538461
0 0.5228365384615384 0.15504807692307693 0.052884615384615384 0.055288461538461536
0 0.5949519230769231 0.20793269230769232 0.055288461538461536 0.06009615384615385
0 0.6189903846153846 0.3137019230769231 0.04807692307692308 0.05048076923076923
0 0.7560096153846154 0.3641826923076923 0.09615384615384616 0.09615384615384616
0 0.7608173076923077 0.31009615384615385 0.07451923076923077 0.07692307692307693
0 0.6959134615384616 0.24519230769230768 0.0673076923076923 0.0673076923076923
0 0.6442307692307693 0.19591346153846154 0.05048076923076923 0.052884615384615384
0 0.6550480769230769 0.1201923076923077 0.055288461538461536 0.055288461538461536
0 0.6358173076923077 0.08413461538461539 0.03125 0.028846153846153848
0 0.5661057692307693 0.08653846153846154 0.052884615384615384 0.052884615384615384
0 0.6189903846153846 0.010817307692307692 0.06009615384615385 0.021634615384615384
0 0.6502403846153846 0.02283653846153846 0.05048076923076923 0.04567307692307692
0 0.7668269230769231 0.13221153846153846 0.07932692307692307 0.08173076923076923
0 0.8894230769230769 0.25240384615384615 0.055288461538461536 0.052884615384615384
0 0.9314903846153846 0.27403846153846156 0.057692307692307696 0.055288461538461536
0 0.9459134615384616 0.2932692307692308 0.0625 0.06009615384615385
0 0.9903846153846154 0.32572115384615385 0.019230769230769232 0.040865384615384616