0 0.203125 0.5216346153846154 0.07932692307692307 0.0673076923076923
0 0.2644230769230769 0.5925480769230769 0.07211538461538461 0.0673076923076923
0 0.20192307692307693 0.6682692307692307 0.0889423076923077 0.09134615384615384
0 0.16466346153846154 0.8605769230769231 0.07451923076923077 0.06971153846153846
0 0.09615384615384616 0.7524038461538461 0.09134615384615384 0.08653846153846154
0 0.019230769230769232 0.3425480769230769 0.038461538461538464 0.09375
0 0.34375 0.2283653846153846 0.04567307692307692 0.07692307692307693
0 0.42908653846153844 0.14423076923076922 0.0985576923076923 0.09134615384615384
0 0.33774038461538464 0.09735576923076923 0.08413461538461539 0.07692307692307693
0 0.3233173076923077 0.5180288461538461 0.07211538461538461 0.0889423076923077
0 0.42908653846153844 0.7403846153846154 0.0889423076923077 0.09375
0 0.640625 0.3389423076923077 0.06009615384615385 0.08653846153846154
0 0.21754807692307693 0.9326923076923077 0.07451923076923077 0.08653846153846154