0 0.46153846153846156 0.14423076923076922 0.07692307692307693 0.0889423076923077
0 0.27403846153846156 0.31009615384615385 0.0889423076923077 0.11538461538461539
0 0.27524038461538464 0.21153846153846154 0.0625 0.07692307692307693
0 0.3004807692307692 0.16346153846153846 0.06009615384615385 0.06971153846153846
0 0.2620192307692308 0.08533653846153846 0.06971153846153846 0.08653846153846154
0 0.036057692307692304 0.3942307692307692 0.07211538461538461 0.07932692307692307
0 0.020432692307692308 0.5360576923076923 0.040865384615384616 0.07211538461538461
0 0.015625 0.6358173076923077 0.03125 0.06971153846153846
0 0.054086538461538464 0.6262019230769231 0.06009615384615385 0.07451923076923077
0 0.038461538461538464 0.7079326923076923 0.07211538461538461 0.0985576923076923
0 0.0829326923076923 0.7415865384615384 0.052884615384615384 0.06490384615384616
0 0.10697115384615384 0.8233173076923077 0.0625 0.08653846153846154
0 0.17548076923076922 0.5396634615384616 0.07932692307692307 0.0985576923076923
0 0.25961538461538464 0.49158653846153844 0.057692307692307696 0.07692307692307693
0 0.2920673076923077 0.6057692307692307 0.0625 0.06971153846153846
0 0.33653846153846156 0.6514423076923077 0.06009615384615385 0.06971153846153846
0 0.23197115384615385 0.8521634615384616 0.08653846153846154 0.10817307692307693
0 0.2956730769230769 0.8942307692307693 0.06009615384615385 0.0673076923076923
0 0.3918269230769231 0.8978365384615384 0.055288461538461536 0.07211538461538461
0 0.4110576923076923 0.7512019230769231 0.06490384615384616 0.08413461538461539
0 0.4699519230769231 0.6045673076923077 0.0625 0.0673076923076923
0 0.5036057692307693 0.7439903846153846 0.057692307692307696 0.06971153846153846
0 0.5925480769230769 0.44471153846153844 0.06971153846153846 0.07932692307692307
0 0.6790865384615384 0.5528846153846154 0.057692307692307696 0.07932692307692307
0 0.7728365384615384 0.7908653846153846 0.08173076923076923 0.08653846153846154
0 0.6550480769230769 0.8581730769230769 0.0889423076923077 0.11057692307692307
0 0.5216346153846154 0.9495192307692307 0.0673076923076923 0.08653846153846154
0 0.7487980769230769 0.9447115384615384 0.04567307692307692 0.052884615384615384
0 0.7451923076923077 0.9110576923076923 0.04567307692307692 0.04807692307692308
0 0.7283653846153846 0.8894230769230769 0.04807692307692308 0.04567307692307692
0 0.9603365384615384 0.5997596153846154 0.06490384615384616 0.08413461538461539
0 0.38822115384615385 0.037259615384615384 0.11778846153846154 0.07451923076923077