0 0.3581730769230769 0.4206730769230769 0.06971153846153846 0.0889423076923077
0 0.26322115384615385 0.5144230769230769 0.07692307692307693 0.09375
0 0.20192307692307693 0.36177884615384615 0.07451923076923077 0.09615384615384616
0 0.11538461538461539 0.15625 0.0625 0.0625
0 0.21995192307692307 0.1201923076923077 0.07932692307692307 0.07932692307692307
0 0.010817307692307692 0.3088942307692308 0.021634615384615384 0.0985576923076923
0 0.11778846153846154 0.5576923076923077 0.06009615384615385 0.08413461538461539
0 0.1502403846153846 0.5324519230769231 0.05048076923076923 0.08173076923076923
0 0.29447115384615385 0.7403846153846154 0.06009615384615385 0.05048076923076923
0 0.2704326923076923 0.7872596153846154 0.08653846153846154 0.09375
0 0.28365384615384615 0.9110576923076923 0.07692307692307693 0.07932692307692307
0 0.3641826923076923 0.8930288461538461 0.06009615384615385 0.04807692307692308
0 0.3918269230769231 0.8605769230769231 0.055288461538461536 0.07451923076923077
0 0.3605769230769231 0.6634615384615384 0.0673076923076923 0.09134615384615384
0 0.5048076923076923 0.7163461538461539 0.06971153846153846 0.09375
0 0.5661057692307693 0.6346153846153846 0.0673076923076923 0.07932692307692307
0 0.6754807692307693 0.7163461538461539 0.055288461538461536 0.06971153846153846
0 0.7331730769230769 0.7800480769230769 0.05048076923076923 0.06490384615384616
0 0.6165865384615384 0.39783653846153844 0.052884615384615384 0.06490384615384616
0 0.5228365384615384 0.17908653846153846 0.06490384615384616 0.07211538461538461
0 0.4362980769230769 0.04567307692307692 0.07451923076923077 0.07932692307692307
0 0.6165865384615384 0.05048076923076923 0.07451923076923077 0.0889423076923077
0 0.71875 0.16105769230769232 0.07451923076923077 0.08653846153846154
0 0.9831730769230769 0.5012019230769231 0.03365384615384615 0.06490384615384616
0 0.9711538461538461 0.5625 0.057692307692307696 0.08173076923076923
0 0.8762019230769231 0.6225961538461539 0.040865384615384616 0.0625
0 0.8774038461538461 0.6622596153846154 0.055288461538461536 0.0625
0 0.8605769230769231 0.7115384615384616 0.057692307692307696 0.0673076923076923
0 0.8100961538461539 0.49158653846153844 0.09134615384615384 0.09615384615384616
0 0.33413461538461536 0.5096153846153846 0.11538461538461539 0.14182692307692307
0 0.10096153846153846 0.22956730769230768 0.06490384615384616 0.07932692307692307
0 0.6274038461538461 0.6754807692307693 0.07932692307692307 0.09375