0 0.4519230769230769 0.2704326923076923 0.04807692307692308 0.052884615384615384
0 0.47716346153846156 0.27524038461538464 0.03125 0.040865384615384616
0 0.5408653846153846 0.24278846153846154 0.028846153846153848 0.03125
0 0.5721153846153846 0.27163461538461536 0.04567307692307692 0.052884615384615384
0 0.6274038461538461 0.1935096153846154 0.028846153846153848 0.03365384615384615
0 0.5637019230769231 0.13701923076923078 0.06490384615384616 0.055288461538461536
0 0.5 0.020432692307692308 0.057692307692307696 0.040865384615384616
0 0.42908653846153844 0.10697115384615384 0.05048076923076923 0.055288461538461536
0 0.3641826923076923 0.013221153846153846 0.06490384615384616 0.026442307692307692
0 0.5769230769230769 0.009615384615384616 0.04807692307692308 0.019230769230769232
0 0.6814903846153846 0.046875 0.04807692307692308 0.04326923076923077
0 0.7115384615384616 0.0625 0.026442307692307692 0.03365384615384615
0 0.7007211538461539 0.13221153846153846 0.04326923076923077 0.04567307692307692
0 0.6754807692307693 0.15264423076923078 0.038461538461538464 0.040865384615384616
0 0.6899038461538461 0.2247596153846154 0.040865384615384616 0.04567307692307692
0 0.7067307692307693 0.25841346153846156 0.03365384615384615 0.036057692307692304
0 0.6754807692307693 0.25240384615384615 0.036057692307692304 0.03365384615384615
0 0.7572115384615384 0.11177884615384616 0.04326923076923077 0.04807692307692308
0 0.8485576923076923 0.13942307692307693 0.055288461538461536 0.05048076923076923
0 0.9026442307692307 0.16706730769230768 0.026442307692307692 0.036057692307692304
0 0.8653846153846154 0.19110576923076922 0.026442307692307692 0.03125
0 0.8341346153846154 0.22956730769230768 0.038461538461538464 0.040865384615384616
0 0.7932692307692307 0.2127403846153846 0.04326923076923077 0.040865384615384616
0 0.7692307692307693 0.16105769230769232 0.04326923076923077 0.036057692307692304
0 0.9350961538461539 0.3894230769230769 0.055288461538461536 0.06009615384615385
0 0.8341346153846154 0.375 0.040865384615384616 0.04326923076923077
0 0.8076923076923077 0.3329326923076923 0.028846153846153848 0.03365384615384615
0 0.7391826923076923 0.29086538461538464 0.04807692307692308 0.055288461538461536
0 0.7127403846153846 0.3137019230769231 0.055288461538461536 0.055288461538461536
0 0.6923076923076923 0.35216346153846156 0.038461538461538464 0.040865384615384616
0 0.6009615384615384 0.3858173076923077 0.040865384615384616 0.04567307692307692
0 0.5060096153846154 0.3786057692307692 0.052884615384615384 0.04807692307692308
0 0.359375 0.20192307692307693 0.06009615384615385 0.0625
0 0.32211538461538464 0.08173076923076923 0.07451923076923077 0.07451923076923077
0 0.20072115384615385 0.27524038461538464 0.08653846153846154 0.0889423076923077
0 0.14903846153846154 0.29927884615384615 0.055288461538461536 0.05048076923076923
0 0.18269230769230768 0.3858173076923077 0.040865384615384616 0.04567307692307692
0 0.3173076923076923 0.44591346153846156 0.04567307692307692 0.04807692307692308
0 0.35697115384615385 0.4651442307692308 0.04326923076923077 0.05048076923076923
0 0.38341346153846156 0.5048076923076923 0.026442307692307692 0.03125
0 0.41466346153846156 0.5396634615384616 0.036057692307692304 0.04326923076923077
0 0.38221153846153844 0.5949519230769231 0.057692307692307696 0.06009615384615385
0 0.4375 0.6454326923076923 0.06490384615384616 0.0625
0 0.47716346153846156 0.5901442307692307 0.04807692307692308 0.055288461538461536
0 0.5216346153846154 0.515625 0.06490384615384616 0.07211538461538461
0 0.5612980769230769 0.5144230769230769 0.05048076923076923 0.057692307692307696
0 0.5997596153846154 0.4579326923076923 0.06971153846153846 0.07451923076923077
0 0.6694711538461539 0.44591346153846156 0.057692307692307696 0.06009615384615385
0 0.6923076923076923 0.5252403846153846 0.04807692307692308 0.04807692307692308
0 0.6610576923076923 0.5444711538461539 0.05048076923076923 0.04807692307692308
0 0.5805288461538461 0.6117788461538461 0.05048076923076923 0.0625
0 0.5180288461538461 0.6105769230769231 0.06490384615384616 0.07211538461538461
0 0.5024038461538461 0.6526442307692307 0.06009615384615385 0.0625
0 0.5793269230769231 0.6754807692307693 0.05048076923076923 0.04807692307692308
0 0.6177884615384616 0.7992788461538461 0.07932692307692307 0.07932692307692307
0 0.5853365384615384 0.8233173076923077 0.057692307692307696 0.057692307692307696
0 0.7283653846153846 0.7019230769230769 0.052884615384615384 0.057692307692307696
0 0.8269230769230769 0.4795673076923077 0.052884615384615384 0.07211538461538461
0 0.8605769230769231 0.44350961538461536 0.038461538461538464 0.036057692307692304
0 0.8918269230769231 0.4963942307692308 0.040865384615384616 0.04807692307692308
0 0.7367788461538461 0.4230769230769231 0.052884615384615384 0.052884615384615384
0 0.7560096153846154 0.3269230769230769 0.03365384615384615 0.038461538461538464
0 0.3389423076923077 0.28125 0.05048076923076923 0.052884615384615384
0 0.296875 0.33653846153846156 0.05048076923076923 0.052884615384615384
0 0.4891826923076923 0.13942307692307693 0.04326923076923077 0.04807692307692308
0 0.09134615384615384 0.46153846153846156 0.0673076923076923 0.0673076923076923
0 0.16466346153846154 0.4567307692307692 0.057692307692307696 0.057692307692307696
0 0.02283653846153846 0.6442307692307693 0.04567307692307692 0.052884615384615384
0 0.24759615384615385 0.4807692307692308 0.04326923076923077 0.04807692307692308
0 0.25841346153846156 0.5132211538461539 0.038461538461538464 0.040865384615384616
0 0.26802884615384615 0.5420673076923077 0.04807692307692308 0.052884615384615384
0 0.18870192307692307 0.8149038461538461 0.057692307692307696 0.0625
0 0.15985576923076922 0.7367788461538461 0.04807692307692308 0.04567307692307692
0 0.021634615384615384 0.7560096153846154 0.04326923076923077 0.055288461538461536
0 0.6899038461538461 0.8353365384615384 0.06490384615384616 0.08173076923076923
0 0.6346153846153846 0.9411057692307693 0.05048076923076923 0.052884615384615384
0 0.546875 0.9663461538461539 0.028846153846153848 0.026442307692307692
0 0.4807692307692308 0.9759615384615384 0.05048076923076923 0.036057692307692304
0 0.4423076923076923 0.96875 0.0625 0.0625
0 0.8341346153846154 0.296875 0.05048076923076923 0.06009615384615385
0 0.09975961538461539 0.5132211538461539 0.03125 0.038461538461538464
0 0.46274038461538464 0.3798076923076923 0.038461538461538464 0.038461538461538464
0 0.4795673076923077 0.33774038461538464 0.040865384615384616 0.04326923076923077
0 0.5384615384615384 0.3245192307692308 0.04567307692307692 0.04807692307692308
0 0.5372596153846154 0.08653846153846154 0.052884615384615384 0.0625
0 0.5528846153846154 0.04807692307692308 0.04807692307692308 0.04807692307692308
0 0.5384615384615384 0.016826923076923076 0.03365384615384615 0.03365384615384615
0 0.6526442307692307 0.3329326923076923 0.04326923076923077 0.05048076923076923
0 0.6454326923076923 0.3004807692307692 0.038461538461538464 0.036057692307692304
0 0.5769230769230769 0.3942307692307692 0.036057692307692304 0.04326923076923077
0 0.5576923076923077 0.40625 0.04807692307692308 0.07451923076923077
0 0.5024038461538461 0.42427884615384615 0.05048076923076923 0.06009615384615385
0 0.48197115384615385 0.4110576923076923 0.04567307692307692 0.055288461538461536
0 0.36899038461538464 0.3317307692307692 0.040865384615384616 0.055288461538461536