0 0.5757211538461539 0.25841346153846156 0.06009615384615385 0.06490384615384616
0 0.5144230769230769 0.25721153846153844 0.04807692307692308 0.05048076923076923
0 0.5060096153846154 0.33413461538461536 0.03365384615384615 0.04326923076923077
0 0.49038461538461536 0.3641826923076923 0.05048076923076923 0.052884615384615384
0 0.4795673076923077 0.4338942307692308 0.06009615384615385 0.0625
0 0.5324519230769231 0.4699519230769231 0.055288461538461536 0.0625
0 0.5600961538461539 0.5192307692307693 0.0625 0.0625
0 0.7355769230769231 0.421875 0.04807692307692308 0.05048076923076923
0 0.8449519230769231 0.43509615384615385 0.04807692307692308 0.04326923076923077
0 0.9038461538461539 0.36899038461538464 0.04326923076923077 0.05048076923076923
0 0.984375 0.4110576923076923 0.03125 0.057692307692307696
0 0.9639423076923077 0.30288461538461536 0.04807692307692308 0.04567307692307692
0 0.8858173076923077 0.15745192307692307 0.06490384615384616 0.0673076923076923
0 0.8846153846153846 0.5252403846153846 0.0625 0.0673076923076923
0 0.9435096153846154 0.5180288461538461 0.05048076923076923 0.04326923076923077
0 0.9254807692307693 0.5516826923076923 0.040865384615384616 0.055288461538461536
0 0.8353365384615384 0.5132211538461539 0.04807692307692308 0.06009615384615385
0 0.71875 0.5925480769230769 0.06490384615384616 0.07451923076923077
0 0.6875 0.7680288461538461 0.05048076923076923 0.055288461538461536
0 0.6334134615384616 0.8942307692307693 0.07932692307692307 0.08173076923076923
0 0.65625 0.8173076923076923 0.04807692307692308 0.05048076923076923
0 0.6935096153846154 0.8701923076923077 0.057692307692307696 0.057692307692307696
0 0.7199519230769231 0.9206730769230769 0.04326923076923077 0.06971153846153846
0 0.6959134615384616 0.9302884615384616 0.04567307692307692 0.07211538461538461
0 0.7355769230769231 0.7872596153846154 0.06009615384615385 0.07692307692307693
0 0.7884615384615384 0.7247596153846154 0.0625 0.0889423076923077
0 0.8329326923076923 0.7668269230769231 0.052884615384615384 0.057692307692307696
0 0.8004807692307693 0.8088942307692307 0.0625 0.0625
0 0.8665865384615384 0.8569711538461539 0.06490384615384616 0.08653846153846154
0 0.3245192307692308 0.7235576923076923 0.06490384615384616 0.07211538461538461
0 0.3125 0.6213942307692307 0.04807692307692308 0.06490384615384616
0 0.15865384615384615 0.703125 0.07451923076923077 0.08173076923076923
0 0.07932692307692307 0.7391826923076923 0.06971153846153846 0.07451923076923077
0 0.0733173076923077 0.6694711538461539 0.0625 0.057692307692307696
0 0.007211538461538462 0.7271634615384616 0.014423076923076924 0.09375
0 0.3786057692307692 0.8846153846153846 0.06490384615384616 0.06490384615384616
0 0.49399038461538464 0.8737980769230769 0.07692307692307693 0.07451923076923077
0 0.609375 0.037259615384615384 0.05048076923076923 0.05048076923076923
0 0.5901442307692307 0.013221153846153846 0.04567307692307692 0.026442307692307692
0 0.5564903846153846 0.013221153846153846 0.040865384615384616 0.026442307692307692
0 0.5396634615384616 0.09375 0.0625 0.0673076923076923
0 0.9146634615384616 0.4098557692307692 0.052884615384615384 0.06009615384615385
0 0.9507211538461539 0.22956730769230768 0.06009615384615385 0.07451923076923077
0 0.7007211538461539 0.3137019230769231 0.07692307692307693 0.09375