0 0.47115384615384615 0.3485576923076923 0.055288461538461536 0.0673076923076923
0 0.390625 0.28125 0.06009615384615385 0.07692307692307693
0 0.33533653846153844 0.44711538461538464 0.055288461538461536 0.06009615384615385
0 0.23798076923076922 0.453125 0.04567307692307692 0.057692307692307696
0 0.33052884615384615 0.6706730769230769 0.057692307692307696 0.06490384615384616
0 0.5480769230769231 0.38100961538461536 0.055288461538461536 0.0625
0 0.5733173076923077 0.41947115384615385 0.0625 0.08653846153846154
0 0.6899038461538461 0.3245192307692308 0.0625 0.07211538461538461
0 0.5721153846153846 0.3004807692307692 0.05048076923076923 0.055288461538461536
0 0.23317307692307693 0.05889423076923077 0.055288461538461536 0.05048076923076923
0 0.14423076923076922 0.18269230769230768 0.05048076923076923 0.04807692307692308
0 0.18028846153846154 0.6586538461538461 0.055288461538461536 0.06009615384615385
0 0.31009615384615385 0.8028846153846154 0.04567307692307692 0.04807692307692308
0 0.4362980769230769 0.9110576923076923 0.055288461538461536 0.06009615384615385
0 0.5120192307692307 0.7668269230769231 0.055288461538461536 0.07932692307692307
0 0.49759615384615385 0.9867788461538461 0.04807692307692308 0.026442307692307692
0 0.5817307692307693 0.7860576923076923 0.04807692307692308 0.0625
0 0.6141826923076923 0.09375 0.04326923076923077 0.04567307692307692
0 0.2932692307692308 0.2608173076923077 0.0625 0.07451923076923077
0 0.38221153846153844 0.06971153846153846 0.06490384615384616 0.0889423076923077
0 0.28846153846153844 0.007211538461538462 0.052884615384615384 0.014423076923076924
0 0.7512019230769231 0.3473557692307692 0.07692307692307693 0.07932692307692307
0 0.9134615384615384 0.6814903846153846 0.08173076923076923 0.11538461538461539
0 0.8701923076923077 0.8004807692307693 0.06009615384615385 0.07451923076923077
0 0.42908653846153844 0.7824519230769231 0.09134615384615384 0.08413461538461539
0 0.06490384615384616 0.29086538461538464 0.040865384615384616 0.05048076923076923
0 0.036057692307692304 0.328125 0.03365384615384615 0.055288461538461536
0 0.28125 0.7764423076923077 0.07451923076923077 0.0985576923076923
0 0.2860576923076923 0.8533653846153846 0.0625 0.06009615384615385
0 0.9350961538461539 0.4567307692307692 0.057692307692307696 0.07932692307692307
0 0.96875 0.5060096153846154 0.0625 0.07451923076923077
0 0.8605769230769231 0.5985576923076923 0.05048076923076923 0.0625
0 0.8076923076923077 0.6502403846153846 0.052884615384615384 0.07692307692307693
0 0.65625 0.9387019230769231 0.057692307692307696 0.0673076923076923
0 0.6310096153846154 0.9735576923076923 0.06971153846153846 0.052884615384615384