0 0.2668269230769231 0.3161057692307692 0.0673076923076923 0.07211538461538461
0 0.11778846153846154 0.31850961538461536 0.07451923076923077 0.09615384615384616
0 0.2764423076923077 0.6502403846153846 0.07451923076923077 0.08413461538461539
0 0.49278846153846156 0.43990384615384615 0.052884615384615384 0.08173076923076923
0 0.5444711538461539 0.2644230769230769 0.057692307692307696 0.07451923076923077
0 0.6021634615384616 0.23798076923076922 0.0625 0.10336538461538461
0 0.7716346153846154 0.0625 0.038461538461538464 0.04326923076923077
0 0.8449519230769231 0.16466346153846154 0.07932692307692307 0.04807692307692308
0 0.7199519230769231 0.41346153846153844 0.0625 0.11538461538461539
0 0.6838942307692307 0.8064903846153846 0.052884615384615384 0.0985576923076923
0 0.7223557692307693 0.9735576923076923 0.06490384615384616 0.052884615384615384
0 0.5492788461538461 0.7920673076923077 0.04567307692307692 0.036057692307692304
0 0.5360576923076923 0.8161057692307693 0.040865384615384616 0.06971153846153846
0 0.49399038461538464 0.6502403846153846 0.07211538461538461 0.08413461538461539