0 0.5733173076923077 0.27283653846153844 0.0889423076923077 0.07932692307692307
0 0.71875 0.25961538461538464 0.10096153846153846 0.0889423076923077
0 0.6947115384615384 0.3016826923076923 0.08173076923076923 0.08413461538461539
0 0.8125 0.23317307692307693 0.09615384615384616 0.0985576923076923
0 0.8605769230769231 0.33413461538461536 0.06971153846153846 0.06971153846153846
0 0.7415865384615384 0.4543269230769231 0.0889423076923077 0.09615384615384616
0 0.6682692307692307 0.42427884615384615 0.11057692307692307 0.11538461538461539
0 0.3762019230769231 0.12259615384615384 0.11298076923076923 0.11057692307692307
0 0.43509615384615385 0.056490384615384616 0.07211538461538461 0.0625
0 0.14182692307692307 0.11298076923076923 0.052884615384615384 0.07692307692307693
0 0.10697115384615384 0.23197115384615385 0.08413461538461539 0.09134615384615384
0 0.025240384615384616 0.3954326923076923 0.05048076923076923 0.07451923076923077
0 0.234375 0.46875 0.07692307692307693 0.0889423076923077
0 0.28846153846153844 0.5240384615384616 0.07932692307692307 0.07211538461538461
0 0.25600961538461536 0.5576923076923077 0.0889423076923077 0.06490384615384616
0 0.28966346153846156 0.6129807692307693 0.08653846153846154 0.07451923076923077
0 0.2932692307692308 0.7403846153846154 0.07451923076923077 0.0889423076923077
0 0.22115384615384615 0.8737980769230769 0.09615384615384616 0.10576923076923077
0 0.11899038461538461 0.7019230769230769 0.1201923076923077 0.1201923076923077
0 0.5096153846153846 0.8882211538461539 0.0985576923076923 0.08413461538461539
0 0.4723557692307692 0.9423076923076923 0.0673076923076923 0.07932692307692307
0 0.7211538461538461 0.8365384615384616 0.08173076923076923 0.09375
0 0.6766826923076923 0.7283653846153846 0.10817307692307693 0.10576923076923077
0 0.7524038461538461 0.6237980769230769 0.07932692307692307 0.08653846153846154
0 0.8942307692307693 0.7596153846153846 0.10336538461538461 0.12259615384615384
0 0.6033653846153846 0.6899038461538461 0.12259615384615384 0.125
0 0.4651442307692308 0.34975961538461536 0.0985576923076923 0.11778846153846154
0 0.03125 0.6899038461538461 0.0625 0.1201923076923077
0 0.6141826923076923 0.5985576923076923 0.15384615384615385 0.14182692307692307