0 0.5612980769230769 0.17668269230769232 0.08413461538461539 0.07692307692307693
0 0.3894230769230769 0.026442307692307692 0.10576923076923077 0.052884615384615384
0 0.4266826923076923 0.25721153846153844 0.13701923076923078 0.1466346153846154
0 0.21033653846153846 0.4110576923076923 0.08413461538461539 0.07932692307692307
0 0.1658653846153846 0.4423076923076923 0.08413461538461539 0.06971153846153846
0 0.18269230769230768 0.5132211538461539 0.09134615384615384 0.08413461538461539
0 0.17067307692307693 0.6586538461538461 0.09375 0.10096153846153846
0 0.0673076923076923 0.7644230769230769 0.11057692307692307 0.11778846153846154
0 0.028846153846153848 0.5564903846153846 0.057692307692307696 0.13221153846153846
0 0.6394230769230769 0.3701923076923077 0.13701923076923078 0.15625
0 0.6947115384615384 0.23076923076923078 0.09375 0.09375
0 0.7463942307692307 0.1875 0.11298076923076923 0.10576923076923077
0 0.8521634615384616 0.18629807692307693 0.11538461538461539 0.11057692307692307
0 0.8858173076923077 0.3004807692307692 0.09134615384615384 0.0985576923076923
0 0.7223557692307693 0.421875 0.10576923076923077 0.11298076923076923
0 0.7019230769230769 0.59375 0.0889423076923077 0.09134615384615384
0 0.5997596153846154 0.6911057692307693 0.13701923076923078 0.13221153846153846
0 0.6165865384615384 0.8293269230769231 0.10576923076923077 0.11057692307692307
0 0.8449519230769231 0.7920673076923077 0.14423076923076922 0.16105769230769232
0 0.3786057692307692 0.8557692307692307 0.12740384615384615 0.11778846153846154
0 0.5168269230769231 0.6394230769230769 0.14182692307692307 0.15625
0 0.15504807692307693 0.3485576923076923 0.11298076923076923 0.11778846153846154