0 0.5769230769230769 0.2692307692307692 0.040865384615384616 0.055288461538461536
0 0.6610576923076923 0.296875 0.04447115384615385 0.057692307692307696
0 0.6274038461538461 0.34975961538461536 0.04326923076923077 0.055288461538461536
0 0.46033653846153844 0.20072115384615385 0.027644230769230768 0.06370192307692307
0 0.18870192307692307 0.3173076923076923 0.03245192307692308 0.078125
0 0.14783653846153846 0.49759615384615385 0.04447115384615385 0.03125
0 0.13221153846153846 0.5348557692307693 0.04326923076923077 0.026442307692307692
0 0.16826923076923078 0.7019230769230769 0.04807692307692308 0.042067307692307696
0 0.11057692307692307 0.7163461538461539 0.051682692307692304 0.027644230769230768
0 0.2860576923076923 0.7319711538461539 0.040865384615384616 0.04326923076923077
0 0.109375 0.1141826923076923 0.039663461538461536 0.046875
0 0.12620192307692307 0.17548076923076922 0.037259615384615384 0.036057692307692304
0 0.7247596153846154 0.6081730769230769 0.042067307692307696 0.08052884615384616
0 0.8509615384615384 0.5480769230769231 0.04447115384615385 0.06971153846153846
0 0.7884615384615384 0.47836538461538464 0.04447115384615385 0.056490384615384616
0 0.9266826923076923 0.0889423076923077 0.028846153846153848 0.05048076923076923
0 0.8581730769230769 0.09134615384615384 0.042067307692307696 0.04807692307692308
0 0.8978365384615384 0.4387019230769231 0.04326923076923077 0.07692307692307693
0 0.21995192307692307 0.6105769230769231 0.042067307692307696 0.04326923076923077
0 0.24278846153846154 0.6382211538461539 0.028846153846153848 0.04807692307692308
0 0.6370192307692307 0.390625 0.05889423076923077 0.05048076923076923
0 0.6430288461538461 0.44711538461538464 0.037259615384615384 0.051682692307692304
0 0.9831730769230769 0.19831730769230768 0.03245192307692308 0.06971153846153846
0 0.7572115384615384 0.0733173076923077 0.04447115384615385 0.06490384615384616
0 0.8461538461538461 0.04567307692307692 0.05048076923076923 0.06370192307692307
0 0.9867788461538461 0.5348557692307693 0.025240384615384616 0.08413461538461539
0 0.22956730769230768 0.46153846153846156 0.04447115384615385 0.04927884615384615
0 0.10576923076923077 0.296875 0.02283653846153846 0.06850961538461539
0 0.09375 0.25 0.04927884615384615 0.036057692307692304
0 0.09254807692307693 0.036057692307692304 0.030048076923076924 0.04807692307692308
0 0.0985576923076923 0.7920673076923077 0.06370192307692307 0.07091346153846154
0 0.4375 0.7560096153846154 0.06610576923076923 0.057692307692307696
0 0.5552884615384616 0.7560096153846154 0.03365384615384615 0.056490384615384616
0 0.32091346153846156 0.5348557692307693 0.025240384615384616 0.06971153846153846
0 0.5588942307692307 0.16826923076923078 0.027644230769230768 0.0625