0 0.13341346153846154 0.3485576923076923 0.0673076923076923 0.0985576923076923
0 0.11298076923076923 0.0625 0.03125 0.03125
0 0.2644230769230769 0.051682692307692304 0.07211538461538461 0.055288461538461536
0 0.578125 0.08533653846153846 0.038461538461538464 0.07451923076923077
0 0.6310096153846154 0.078125 0.04326923076923077 0.0625
0 0.7103365384615384 0.039663461538461536 0.05048076923076923 0.07932692307692307
0 0.7992788461538461 0.078125 0.055288461538461536 0.08653846153846154
0 0.8209134615384616 0.19230769230769232 0.0625 0.0673076923076923
0 0.8942307692307693 0.09375 0.05048076923076923 0.08173076923076923
0 0.7800480769230769 0.3016826923076923 0.04567307692307692 0.055288461538461536
0 0.44591346153846156 0.35096153846153844 0.06490384615384616 0.04807692307692308
0 0.4519230769230769 0.3942307692307692 0.0625 0.04807692307692308
0 0.4266826923076923 0.4375 0.04567307692307692 0.05048076923076923
0 0.328125 0.48677884615384615 0.07451923076923077 0.07211538461538461
0 0.2800480769230769 0.453125 0.07211538461538461 0.06009615384615385
0 0.38221153846153844 0.5600961538461539 0.06490384615384616 0.0625
0 0.44711538461538464 0.7067307692307693 0.07932692307692307 0.10096153846153846
0 0.18028846153846154 0.8786057692307693 0.09615384615384616 0.0985576923076923
0 0.5408653846153846 0.9254807692307693 0.055288461538461536 0.08413461538461539
0 0.5877403846153846 0.9254807692307693 0.036057692307692304 0.0625
0 0.6754807692307693 0.8064903846153846 0.0625 0.10336538461538461
0 0.7632211538461539 0.6766826923076923 0.055288461538461536 0.055288461538461536
0 0.8185096153846154 0.6935096153846154 0.057692307692307696 0.04807692307692308
0 0.859375 0.71875 0.07211538461538461 0.06490384615384616
0 0.8725961538461539 0.6346153846153846 0.05048076923076923 0.06009615384615385
0 0.7992788461538461 0.75 0.055288461538461536 0.05048076923076923
0 0.7836538461538461 0.8112980769230769 0.040865384615384616 0.057692307692307696
0 0.8834134615384616 0.8822115384615384 0.06009615384615385 0.052884615384615384
0 0.9675480769230769 0.8197115384615384 0.057692307692307696 0.09134615384615384