0 0.3112980769230769 0.23677884615384615 0.08413461538461539 0.09495192307692307
0 0.3473557692307692 0.46033653846153844 0.04807692307692308 0.0889423076923077
0 0.41225961538461536 0.6165865384615384 0.052884615384615384 0.1141826923076923
0 0.47836538461538464 0.5721153846153846 0.04447115384615385 0.08653846153846154
0 0.5805288461538461 0.3629807692307692 0.06850961538461539 0.08052884615384616
0 0.6887019230769231 0.25841346153846156 0.039663461538461536 0.10216346153846154
0 0.7776442307692307 0.40024038461538464 0.07692307692307693 0.057692307692307696
0 0.8737980769230769 0.4254807692307692 0.055288461538461536 0.07572115384615384
0 0.9651442307692307 0.7884615384615384 0.052884615384615384 0.09975961538461539
0 0.8689903846153846 0.7692307692307693 0.04927884615384615 0.07451923076923077
0 0.6971153846153846 0.8365384615384616 0.042067307692307696 0.08653846153846154
0 0.5985576923076923 0.7091346153846154 0.04807692307692308 0.0889423076923077
0 0.5180288461538461 0.6995192307692307 0.04927884615384615 0.10697115384615384
0 0.25841346153846156 0.5985576923076923 0.055288461538461536 0.1141826923076923