0 0.4675480769230769 0.1141826923076923 0.052884615384615384 0.08173076923076923
0 0.5600961538461539 0.15144230769230768 0.0673076923076923 0.0889423076923077
0 0.3076923076923077 0.3329326923076923 0.06490384615384616 0.08653846153846154
0 0.038461538461538464 0.1346153846153846 0.0673076923076923 0.09375
0 0.2127403846153846 0.051682692307692304 0.06971153846153846 0.040865384615384616
0 0.109375 0.47475961538461536 0.038461538461538464 0.052884615384615384
0 0.2403846153846154 0.9579326923076923 0.08173076923076923 0.08413461538461539
0 0.8810096153846154 0.47475961538461536 0.05048076923076923 0.07451923076923077
0 0.9338942307692307 0.36658653846153844 0.04807692307692308 0.09134615384615384
0 0.7752403846153846 0.4699519230769231 0.052884615384615384 0.08653846153846154
0 0.7680288461538461 0.08413461538461539 0.06490384615384616 0.0985576923076923
0 0.3858173076923077 0.25240384615384615 0.07211538461538461 0.15144230769230768
0 0.7800480769230769 0.6334134615384616 0.09134615384615384 0.08653846153846154
0 0.9146634615384616 0.5757211538461539 0.04567307692307692 0.08653846153846154
0 0.9711538461538461 0.43990384615384615 0.057692307692307696 0.08653846153846154
0 0.4483173076923077 0.9567307692307693 0.04807692307692308 0.06971153846153846
0 0.5240384615384616 0.9879807692307693 0.02403846153846154 0.02403846153846154
0 0.5745192307692307 0.9855769230769231 0.03125 0.021634615384615384
0 0.6141826923076923 0.9771634615384616 0.03365384615384615 0.028846153846153848
0 0.8701923076923077 0.5769230769230769 0.052884615384615384 0.07692307692307693
0 0.8389423076923077 0.40384615384615385 0.052884615384615384 0.07692307692307693
0 0.6466346153846154 0.021634615384615384 0.052884615384615384 0.04326923076923077
0 0.125 0.08413461538461539 0.07451923076923077 0.07932692307692307