0 0.5408653846153846 0.3245192307692308 0.11057692307692307 0.14182692307692307
0 0.4338942307692308 0.4266826923076923 0.0985576923076923 0.11538461538461539
0 0.3137019230769231 0.5444711538461539 0.0985576923076923 0.12259615384615384
0 0.4230769230769231 0.5901442307692307 0.09134615384615384 0.125
0 0.5180288461538461 0.5757211538461539 0.08413461538461539 0.10576923076923077
0 0.5504807692307693 0.6730769230769231 0.10576923076923077 0.11538461538461539
0 0.7463942307692307 0.6887019230769231 0.10336538461538461 0.1201923076923077
0 0.8004807692307693 0.9134615384615384 0.10817307692307693 0.11057692307692307
0 0.7632211538461539 0.9735576923076923 0.09375 0.052884615384615384
0 0.9098557692307693 0.7331730769230769 0.0985576923076923 0.1201923076923077
0 0.9483173076923077 0.48197115384615385 0.10336538461538461 0.10336538461538461
0 0.4675480769230769 0.9122596153846154 0.12259615384615384 0.14903846153846154
0 0.17067307692307693 0.7463942307692307 0.08653846153846154 0.08653846153846154
0 0.04326923076923077 0.41466346153846156 0.08653846153846154 0.0985576923076923
0 0.17307692307692307 0.2980769230769231 0.0985576923076923 0.125
0 0.4338942307692308 0.2536057692307692 0.10817307692307693 0.13221153846153846
0 0.35096153846153844 0.3798076923076923 0.10817307692307693 0.11538461538461539
0 0.5961538461538461 0.4074519230769231 0.125 0.1346153846153846
0 0.9555288461538461 0.609375 0.0889423076923077 0.15144230769230768