0 0.18028846153846154 0.11658653846153846 0.04326923076923077 0.06009615384615385
0 0.33533653846153844 0.1814903846153846 0.057692307692307696 0.0625
0 0.41466346153846156 0.055288461538461536 0.03125 0.03245192307692308
0 0.4543269230769231 0.16466346153846154 0.040865384615384616 0.0829326923076923
0 0.5348557692307693 0.09375 0.039663461538461536 0.036057692307692304
0 0.5637019230769231 0.1875 0.042067307692307696 0.0625
0 0.5588942307692307 0.28125 0.039663461538461536 0.06610576923076923
0 0.41346153846153844 0.29447115384615385 0.046875 0.0673076923076923
0 0.39783653846153844 0.359375 0.03125 0.057692307692307696
0 0.3425480769230769 0.46033653846153844 0.042067307692307696 0.0625
0 0.22716346153846154 0.5432692307692307 0.04447115384615385 0.04326923076923077
0 0.14543269230769232 0.5985576923076923 0.03245192307692308 0.055288461538461536
0 0.11778846153846154 0.5913461538461539 0.036057692307692304 0.04447115384615385
0 0.08653846153846154 0.6802884615384616 0.037259615384615384 0.06850961538461539
0 0.040865384615384616 0.4362980769230769 0.052884615384615384 0.05048076923076923
0 0.34975961538461536 0.75 0.040865384615384616 0.06610576923076923
0 0.49278846153846156 0.5973557692307693 0.039663461538461536 0.06610576923076923
0 0.5120192307692307 0.6538461538461539 0.036057692307692304 0.052884615384615384
0 0.45913461538461536 0.7151442307692307 0.03365384615384615 0.042067307692307696
0 0.5432692307692307 0.5036057692307693 0.036057692307692304 0.046875
0 0.5432692307692307 0.5709134615384616 0.03245192307692308 0.051682692307692304
0 0.5889423076923077 0.4230769230769231 0.04326923076923077 0.06009615384615385
0 0.703125 0.3245192307692308 0.03485576923076923 0.056490384615384616
0 0.7067307692307693 0.23076923076923078 0.028846153846153848 0.06971153846153846
0 0.7319711538461539 0.17668269230769232 0.03485576923076923 0.054086538461538464
0 0.8004807692307693 0.17067307692307693 0.039663461538461536 0.04807692307692308
0 0.8052884615384616 0.02403846153846154 0.039663461538461536 0.04807692307692308
0 0.9266826923076923 0.109375 0.03485576923076923 0.06009615384615385
0 0.8221153846153846 0.21754807692307693 0.042067307692307696 0.05048076923076923
0 0.8257211538461539 0.29927884615384615 0.04326923076923077 0.06490384615384616
0 0.7668269230769231 0.27163461538461536 0.05889423076923077 0.04927884615384615
0 0.7536057692307693 0.33653846153846156 0.03485576923076923 0.054086538461538464
0 0.9146634615384616 0.33774038461538464 0.03485576923076923 0.08173076923076923
0 0.8233173076923077 0.5144230769230769 0.018028846153846152 0.06129807692307692
0 0.7487980769230769 0.48197115384615385 0.04447115384615385 0.026442307692307692
0 0.7572115384615384 0.5925480769230769 0.052884615384615384 0.06850961538461539
0 0.7956730769230769 0.7379807692307693 0.036057692307692304 0.0673076923076923
0 0.8245192307692307 0.7487980769230769 0.056490384615384616 0.05889423076923077
0 0.9302884615384616 0.7283653846153846 0.03485576923076923 0.06850961538461539
0 0.9314903846153846 0.7908653846153846 0.06850961538461539 0.056490384615384616
0 0.3918269230769231 0.5360576923076923 0.05048076923076923 0.078125
0 0.8305288461538461 0.11658653846153846 0.039663461538461536 0.06610576923076923