0 0.27283653846153844 0.3713942307692308 0.046875 0.057692307692307696
0 0.16466346153846154 0.24879807692307693 0.056490384615384616 0.06850961538461539
0 0.44591346153846156 0.7980769230769231 0.04807692307692308 0.0673076923076923
0 0.45072115384615385 0.9230769230769231 0.04447115384615385 0.07451923076923077
0 0.6081730769230769 0.8629807692307693 0.03125 0.0889423076923077
0 0.6814903846153846 0.9350961538461539 0.054086538461538464 0.054086538461538464
0 0.5949519230769231 0.9483173076923077 0.04807692307692308 0.06129807692307692
0 0.8569711538461539 0.7728365384615384 0.04807692307692308 0.057692307692307696
0 0.9326923076923077 0.5625 0.03125 0.09254807692307693
0 0.7019230769230769 0.5276442307692307 0.057692307692307696 0.0625
0 0.6081730769230769 0.5661057692307693 0.04326923076923077 0.0625
0 0.828125 0.5576923076923077 0.04807692307692308 0.07451923076923077
0 0.7824519230769231 0.20673076923076922 0.028846153846153848 0.08173076923076923
0 0.5576923076923077 0.22235576923076922 0.052884615384615384 0.0625
0 0.07091346153846154 0.5432692307692307 0.056490384615384616 0.06370192307692307
0 0.5060096153846154 0.6538461538461539 0.057692307692307696 0.06370192307692307
0 0.6995192307692307 0.06850961538461539 0.051682692307692304 0.05889423076923077
0 0.5504807692307693 0.1466346153846154 0.039663461538461536 0.06610576923076923
0 0.890625 0.8762019230769231 0.055288461538461536 0.06129807692307692
0 0.23918269230769232 0.7103365384615384 0.056490384615384616 0.08052884615384616
0 0.3293269230769231 0.7451923076923077 0.0733173076923077 0.078125
0 0.6598557692307693 0.4567307692307692 0.04326923076923077 0.054086538461538464
0 0.6983173076923077 0.3737980769230769 0.05048076923076923 0.07451923076923077
0 0.6490384615384616 0.18870192307692307 0.039663461538461536 0.09975961538461539
0 0.6069711538461539 0.18028846153846154 0.04567307692307692 0.06610576923076923
0 0.9050480769230769 0.36177884615384615 0.06610576923076923 0.10096153846153846
0 0.984375 0.5288461538461539 0.030048076923076924 0.0889423076923077
0 0.8737980769230769 0.6899038461538461 0.05048076923076923 0.06610576923076923
0 0.8269230769230769 0.8353365384615384 0.046875 0.07451923076923077
0 0.39663461538461536 0.5324519230769231 0.04807692307692308 0.10576923076923077
0 0.3473557692307692 0.4170673076923077 0.057692307692307696 0.07211538461538461
0 0.46153846153846156 0.3233173076923077 0.03485576923076923 0.1141826923076923
0 0.7548076923076923 0.8930288461538461 0.042067307692307696 0.09615384615384616
0 0.9326923076923077 0.9483173076923077 0.04807692307692308 0.06610576923076923