0 0.4170673076923077 0.5408653846153846 0.05889423076923077 0.055288461538461536
0 0.5504807692307693 0.5997596153846154 0.06610576923076923 0.054086538461538464
0 0.6141826923076923 0.734375 0.04807692307692308 0.07692307692307693
0 0.4254807692307692 0.8137019230769231 0.057692307692307696 0.051682692307692304
0 0.265625 0.7896634615384616 0.042067307692307696 0.052884615384615384
0 0.12860576923076922 0.8762019230769231 0.052884615384615384 0.05889423076923077
0 0.036057692307692304 0.4723557692307692 0.051682692307692304 0.038461538461538464
0 0.14783653846153846 0.40625 0.03365384615384615 0.038461538461538464
0 0.4723557692307692 0.3269230769230769 0.04927884615384615 0.04326923076923077
0 0.44591346153846156 0.15144230769230768 0.04927884615384615 0.057692307692307696
0 0.27524038461538464 0.9158653846153846 0.06850961538461539 0.056490384615384616
0 0.5456730769230769 0.5204326923076923 0.11177884615384616 0.09615384615384616
0 0.36658653846153844 0.8173076923076923 0.056490384615384616 0.0889423076923077
0 0.32572115384615385 0.8209134615384616 0.039663461538461536 0.08533653846153846
0 0.22956730769230768 0.8689903846153846 0.04447115384615385 0.06971153846153846
0 0.17307692307692307 0.8221153846153846 0.057692307692307696 0.0625
0 0.025240384615384616 0.5504807692307693 0.05048076923076923 0.09134615384615384
0 0.03485576923076923 0.6574519230769231 0.06971153846153846 0.08052884615384616
0 0.04326923076923077 0.3557692307692308 0.054086538461538464 0.09134615384615384
0 0.44471153846153844 0.08173076923076923 0.03485576923076923 0.06971153846153846
0 0.4110576923076923 0.359375 0.057692307692307696 0.08173076923076923
0 0.5456730769230769 0.020432692307692308 0.0733173076923077 0.03365384615384615
0 0.59375 0.052884615384615384 0.03485576923076923 0.06129807692307692
0 0.5324519230769231 0.41346153846153844 0.0673076923076923 0.07692307692307693
0 0.5216346153846154 0.8401442307692307 0.09615384615384616 0.08533653846153846
0 0.7632211538461539 0.9158653846153846 0.04567307692307692 0.07572115384615384