0 0.2860576923076923 0.22115384615384615 0.06971153846153846 0.07451923076923077
0 0.03245192307692308 0.44471153846153844 0.06490384615384616 0.109375
0 0.3713942307692308 0.3713942307692308 0.039663461538461536 0.05889423076923077
0 0.5360576923076923 0.13221153846153846 0.04326923076923077 0.05889423076923077
0 0.4519230769230769 0.028846153846153848 0.057692307692307696 0.04807692307692308
0 0.5817307692307693 0.24278846153846154 0.054086538461538464 0.07091346153846154
0 0.6610576923076923 0.203125 0.039663461538461536 0.046875
0 0.8269230769230769 0.22355769230769232 0.057692307692307696 0.046875
0 0.7223557692307693 0.33413461538461536 0.040865384615384616 0.05889423076923077
0 0.6598557692307693 0.34975961538461536 0.0625 0.054086538461538464
0 0.6502403846153846 0.5336538461538461 0.051682692307692304 0.042067307692307696
0 0.7824519230769231 0.40625 0.057692307692307696 0.051682692307692304
0 0.84375 0.515625 0.046875 0.03485576923076923
0 0.5637019230769231 0.7247596153846154 0.057692307692307696 0.05889423076923077
0 0.49038461538461536 0.7620192307692307 0.06009615384615385 0.057692307692307696
0 0.49158653846153844 0.6478365384615384 0.054086538461538464 0.08413461538461539
0 0.3942307692307692 0.41947115384615385 0.07572115384615384 0.09735576923076923
0 0.16346153846153846 0.12860576923076922 0.09615384615384616 0.10216346153846154
0 0.5757211538461539 0.453125 0.052884615384615384 0.07692307692307693
0 0.5180288461538461 0.2800480769230769 0.027644230769230768 0.07451923076923077
0 0.7872596153846154 0.5024038461538461 0.040865384615384616 0.07211538461538461