0 0.47596153846153844 0.8521634615384616 0.038461538461538464 0.0673076923076923
0 0.37740384615384615 0.7800480769230769 0.051682692307692304 0.06370192307692307
0 0.14182692307692307 0.4951923076923077 0.046875 0.057692307692307696
0 0.10336538461538461 0.4891826923076923 0.03485576923076923 0.06610576923076923
0 0.06009615384615385 0.41225961538461536 0.052884615384615384 0.08653846153846154
0 0.12860576923076922 0.23557692307692307 0.03125 0.07572115384615384
0 0.17067307692307693 0.28365384615384615 0.03485576923076923 0.040865384615384616
0 0.15264423076923078 0.33774038461538464 0.06129807692307692 0.051682692307692304
0 0.054086538461538464 0.06129807692307692 0.04447115384615385 0.05048076923076923
0 0.2644230769230769 0.07451923076923077 0.05048076923076923 0.0889423076923077
0 0.36658653846153844 0.20192307692307693 0.05048076923076923 0.0733173076923077
0 0.43990384615384615 0.203125 0.036057692307692304 0.07211538461538461
0 0.5132211538461539 0.25721153846153844 0.0673076923076923 0.0829326923076923
0 0.5793269230769231 0.375 0.057692307692307696 0.09735576923076923
0 0.5949519230769231 0.2860576923076923 0.0673076923076923 0.10817307692307693
0 0.6081730769230769 0.0625 0.06490384615384616 0.09254807692307693
0 0.7427884615384616 0.16947115384615385 0.06971153846153846 0.06129807692307692
0 0.7956730769230769 0.1346153846153846 0.054086538461538464 0.07211538461538461
0 0.8918269230769231 0.2512019230769231 0.025240384615384616 0.036057692307692304
0 0.8100961538461539 0.29447115384615385 0.038461538461538464 0.04326923076923077
0 0.7271634615384616 0.2920673076923077 0.054086538461538464 0.0625
0 0.7127403846153846 0.4182692307692308 0.054086538461538464 0.10697115384615384
0 0.8137019230769231 0.38461538461538464 0.07572115384615384 0.056490384615384616
0 0.9423076923076923 0.34134615384615385 0.042067307692307696 0.07451923076923077
0 0.375 0.39783653846153844 0.028846153846153848 0.04447115384615385
0 0.31009615384615385 0.33774038461538464 0.03485576923076923 0.06129807692307692
0 0.3425480769230769 0.36658653846153844 0.037259615384615384 0.04807692307692308
0 0.056490384615384616 0.8064903846153846 0.05048076923076923 0.06971153846153846
0 0.18629807692307693 0.9194711538461539 0.054086538461538464 0.06490384615384616
0 0.027644230769230768 0.125 0.04927884615384615 0.0673076923076923
0 0.9459134615384616 0.08774038461538461 0.04567307692307692 0.06370192307692307
0 0.078125 0.734375 0.046875 0.07091346153846154