0 0.5060096153846154 0.5264423076923077 0.055288461538461536 0.06490384615384616
0 0.3112980769230769 0.5961538461538461 0.057692307692307696 0.055288461538461536
0 0.23076923076923078 0.34615384615384615 0.0625 0.06009615384615385
0 0.16947115384615385 0.4987980769230769 0.07211538461538461 0.057692307692307696
0 0.19951923076923078 0.7235576923076923 0.06490384615384616 0.06490384615384616
0 0.24759615384615385 0.7992788461538461 0.06490384615384616 0.038461538461538464
0 0.05889423076923077 0.5721153846153846 0.0673076923076923 0.06490384615384616
0 0.8834134615384616 0.44591346153846156 0.08653846153846154 0.08653846153846154
0 0.9206730769230769 0.32091346153846156 0.07211538461538461 0.057692307692307696
0 0.5564903846153846 0.3269230769230769 0.055288461538461536 0.07211538461538461
0 0.9747596153846154 0.5288461538461539 0.05048076923076923 0.0625
0 0.3701923076923077 0.5120192307692307 0.0673076923076923 0.07932692307692307
0 0.2536057692307692 0.5973557692307693 0.06490384615384616 0.06490384615384616
0 0.18389423076923078 0.9242788461538461 0.08173076923076923 0.0889423076923077
0 0.05048076923076923 0.44471153846153844 0.07692307692307693 0.10096153846153846
0 0.007211538461538462 0.3016826923076923 0.014423076923076924 0.06490384615384616
0 0.43509615384615385 0.3641826923076923 0.05048076923076923 0.07211538461538461
0 0.46033653846153844 0.3245192307692308 0.08413461538461539 0.09615384615384616
0 0.4723557692307692 0.46274038461538464 0.06971153846153846 0.07692307692307693
0 0.7884615384615384 0.23197115384615385 0.052884615384615384 0.07211538461538461
0 0.7584134615384616 0.12259615384615384 0.07211538461538461 0.09375
0 0.8762019230769231 0.8221153846153846 0.06490384615384616 0.057692307692307696
0 0.9783653846153846 0.5877403846153846 0.04326923076923077 0.06009615384615385
0 0.5228365384615384 0.875 0.07451923076923077 0.0985576923076923
0 0.38341346153846156 0.7163461538461539 0.0625 0.08413461538461539
0 0.33052884615384615 0.7055288461538461 0.052884615384615384 0.0625