0 0.13701923076923078 0.26802884615384615 0.07692307692307693 0.06971153846153846
0 0.15625 0.34134615384615385 0.0625 0.07451923076923077
0 0.07211538461538461 0.3713942307692308 0.08413461538461539 0.07692307692307693
0 0.0985576923076923 0.43990384615384615 0.06490384615384616 0.057692307692307696
0 0.02403846153846154 0.27403846153846156 0.04807692307692308 0.07211538461538461
0 0.16826923076923078 0.17307692307692307 0.07932692307692307 0.06971153846153846
0 0.421875 0.1814903846153846 0.07692307692307693 0.09375
0 0.19951923076923078 0.46153846153846156 0.06009615384615385 0.07211538461538461
0 0.25600961538461536 0.5276442307692307 0.06009615384615385 0.055288461538461536
0 0.28966346153846156 0.7295673076923077 0.057692307692307696 0.055288461538461536
0 0.3269230769230769 0.8064903846153846 0.07932692307692307 0.0889423076923077
0 0.4723557692307692 0.8112980769230769 0.08413461538461539 0.08413461538461539
0 0.4807692307692308 0.8713942307692307 0.06009615384615385 0.06490384615384616
0 0.5072115384615384 0.9543269230769231 0.0889423076923077 0.0889423076923077
0 0.7608173076923077 0.6141826923076923 0.0889423076923077 0.0889423076923077
0 0.7355769230769231 0.5504807692307693 0.052884615384615384 0.06971153846153846
0 0.546875 0.34975961538461536 0.06009615384615385 0.0625
0 0.8076923076923077 0.15745192307692307 0.08413461538461539 0.08653846153846154
0 0.8473557692307693 0.2764423076923077 0.057692307692307696 0.07211538461538461
0 0.8161057692307693 0.3762019230769231 0.0625 0.07692307692307693
0 0.9278846153846154 0.328125 0.07692307692307693 0.0673076923076923
0 0.96875 0.44591346153846156 0.0625 0.0889423076923077
0 0.921875 0.46274038461538464 0.06009615384615385 0.07211538461538461
0 0.9170673076923077 0.5745192307692307 0.06490384615384616 0.07211538461538461
0 0.8557692307692307 0.6550480769230769 0.0625 0.07451923076923077
0 0.8509615384615384 0.8209134615384616 0.07692307692307693 0.0889423076923077
0 0.9591346153846154 0.7247596153846154 0.06009615384615385 0.07692307692307693
0 0.9855769230769231 0.7043269230769231 0.028846153846153848 0.0673076923076923
0 0.953125 0.7680288461538461 0.055288461538461536 0.0673076923076923