0 0.27884615384615385 0.32211538461538464 0.04807692307692308 0.05048076923076923
0 0.14423076923076922 0.2848557692307692 0.06009615384615385 0.06850961538461539
0 0.22355769230769232 0.22235576923076922 0.028846153846153848 0.05048076923076923
0 0.4230769230769231 0.15985576923076922 0.038461538461538464 0.06850961538461539
0 0.45913461538461536 0.2548076923076923 0.025240384615384616 0.057692307692307696
0 0.5901442307692307 0.2548076923076923 0.027644230769230768 0.037259615384615384
0 0.7379807692307693 0.5276442307692307 0.038461538461538464 0.04326923076923077
0 0.75 0.5673076923076923 0.039663461538461536 0.02403846153846154
0 0.8762019230769231 0.43509615384615385 0.042067307692307696 0.04807692307692308
0 0.7800480769230769 0.2956730769230769 0.042067307692307696 0.0625
0 0.6838942307692307 0.3389423076923077 0.036057692307692304 0.06370192307692307
0 0.6201923076923077 0.5432692307692307 0.04326923076923077 0.052884615384615384
0 0.5877403846153846 0.6057692307692307 0.042067307692307696 0.0625
0 0.5168269230769231 0.7427884615384616 0.030048076923076924 0.06490384615384616
0 0.49759615384615385 0.4879807692307692 0.042067307692307696 0.06610576923076923
0 0.4326923076923077 0.6286057692307693 0.03245192307692308 0.03485576923076923
0 0.31850961538461536 0.7211538461538461 0.030048076923076924 0.042067307692307696
0 0.4543269230769231 0.42788461538461536 0.04447115384615385 0.03125
0 0.5228365384615384 0.17668269230769232 0.040865384615384616 0.038461538461538464
0 0.6358173076923077 0.11658653846153846 0.03485576923076923 0.055288461538461536
0 0.5276442307692307 0.9411057692307693 0.03125 0.08173076923076923
0 0.9146634615384616 0.21033653846153846 0.025240384615384616 0.06850961538461539
0 0.7860576923076923 0.6442307692307693 0.03245192307692308 0.04807692307692308
0 0.3641826923076923 0.8088942307692307 0.03365384615384615 0.04927884615384615
0 0.06490384615384616 0.2668269230769231 0.06610576923076923 0.07692307692307693
0 0.06490384615384616 0.4050480769230769 0.04326923076923077 0.0829326923076923
0 0.054086538461538464 0.5396634615384616 0.038461538461538464 0.0625
0 0.05048076923076923 0.6574519230769231 0.04326923076923077 0.0889423076923077
0 0.13341346153846154 0.4879807692307692 0.042067307692307696 0.052884615384615384
0 0.29927884615384615 0.8725961538461539 0.019230769230769232 0.057692307692307696
0 0.07692307692307693 0.7536057692307693 0.05048076923076923 0.04326923076923077
0 0.44591346153846156 0.8521634615384616 0.04447115384615385 0.054086538461538464
0 0.42908653846153844 0.5721153846153846 0.042067307692307696 0.057692307692307696
0 0.3605769230769231 0.4254807692307692 0.051682692307692304 0.03485576923076923
0 0.3245192307692308 0.3557692307692308 0.03485576923076923 0.051682692307692304
0 0.296875 0.38100961538461536 0.036057692307692304 0.057692307692307696
0 0.2776442307692308 0.5036057692307693 0.036057692307692304 0.054086538461538464
0 0.29447115384615385 0.5661057692307693 0.03365384615384615 0.04927884615384615
0 0.53125 0.3269230769230769 0.02403846153846154 0.06490384615384616
0 0.5576923076923077 0.3641826923076923 0.03365384615384615 0.051682692307692304
0 0.4987980769230769 0.33533653846153844 0.037259615384615384 0.06129807692307692
0 0.6129807692307693 0.05889423076923077 0.046875 0.0733173076923077
0 0.4735576923076923 0.042067307692307696 0.042067307692307696 0.037259615384615384
0 0.14302884615384615 0.1141826923076923 0.042067307692307696 0.07572115384615384
0 0.08774038461538461 0.056490384615384616 0.052884615384615384 0.057692307692307696
0 0.953125 0.45552884615384615 0.04326923076923077 0.11177884615384616
0 0.7512019230769231 0.6045673076923077 0.05048076923076923 0.06129807692307692
0 0.7247596153846154 0.9603365384615384 0.042067307692307696 0.06850961538461539
0 0.16466346153846154 0.3449519230769231 0.04567307692307692 0.04447115384615385
0 0.5805288461538461 0.4423076923076923 0.04567307692307692 0.078125