0 0.18629807692307693 0.2980769230769231 0.054086538461538464 0.07211538461538461
0 0.1141826923076923 0.5012019230769231 0.03485576923076923 0.1141826923076923
0 0.02403846153846154 0.5600961538461539 0.04567307692307692 0.05889423076923077
0 0.0733173076923077 0.703125 0.026442307692307692 0.0625
0 0.22115384615384615 0.6153846153846154 0.06009615384615385 0.0829326923076923
0 0.29927884615384615 0.5745192307692307 0.040865384615384616 0.05889423076923077
0 0.3762019230769231 0.6862980769230769 0.04447115384615385 0.07572115384615384
0 0.41225961538461536 0.7704326923076923 0.04927884615384615 0.055288461538461536
0 0.5504807692307693 0.7427884615384616 0.019230769230769232 0.0625
0 0.5757211538461539 0.7091346153846154 0.03125 0.057692307692307696
0 0.5925480769230769 0.6694711538461539 0.042067307692307696 0.07091346153846154
0 0.6802884615384616 0.6418269230769231 0.04447115384615385 0.07692307692307693
0 0.5697115384615384 0.5204326923076923 0.08052884615384616 0.055288461538461536
0 0.43028846153846156 0.36538461538461536 0.04927884615384615 0.078125
0 0.4206730769230769 0.14423076923076922 0.04447115384615385 0.06009615384615385
0 0.5456730769230769 0.055288461538461536 0.04807692307692308 0.06009615384615385
0 0.6069711538461539 0.19831730769230768 0.0673076923076923 0.06370192307692307
0 0.8810096153846154 0.3004807692307692 0.06850961538461539 0.0673076923076923
0 0.9711538461538461 0.7848557692307693 0.046875 0.078125
0 0.06490384615384616 0.19951923076923078 0.03485576923076923 0.06490384615384616
0 0.07932692307692307 0.34615384615384615 0.04567307692307692 0.07091346153846154
0 0.13341346153846154 0.3641826923076923 0.07091346153846154 0.08653846153846154
0 0.027644230769230768 0.06009615384615385 0.039663461538461536 0.07692307692307693
0 0.7127403846153846 0.028846153846153848 0.06009615384615385 0.056490384615384616
0 0.042067307692307696 0.7331730769230769 0.04447115384615385 0.06370192307692307
0 0.9399038461538461 0.0625 0.052884615384615384 0.1045673076923077
0 0.34375 0.6153846153846154 0.04807692307692308 0.06850961538461539