0 0.25240384615384615 0.028846153846153848 0.057692307692307696 0.057692307692307696
0 0.39903846153846156 0.12259615384615384 0.07211538461538461 0.07692307692307693
0 0.5060096153846154 0.014423076923076924 0.040865384615384616 0.028846153846153848
0 0.5240384615384616 0.1310096153846154 0.06009615384615385 0.09375
0 0.6225961538461539 0.07451923076923077 0.04807692307692308 0.04567307692307692
0 0.6310096153846154 0.1778846153846154 0.057692307692307696 0.07211538461538461
0 0.6057692307692307 0.27283653846153844 0.055288461538461536 0.07692307692307693
0 0.4543269230769231 0.2548076923076923 0.0625 0.07932692307692307
0 0.4230769230769231 0.3173076923076923 0.04567307692307692 0.0673076923076923
0 0.34615384615384615 0.4098557692307692 0.055288461538461536 0.07211538461538461
0 0.20793269230769232 0.4699519230769231 0.055288461538461536 0.055288461538461536
0 0.11177884615384616 0.5084134615384616 0.04567307692307692 0.0625
0 0.08533653846153846 0.4951923076923077 0.04567307692307692 0.052884615384615384
0 0.03485576923076923 0.5793269230769231 0.052884615384615384 0.07932692307692307
0 0.04807692307692308 0.32091346153846156 0.05048076923076923 0.06009615384615385
0 0.28966346153846156 0.7091346153846154 0.057692307692307696 0.07692307692307693
0 0.46875 0.5829326923076923 0.055288461538461536 0.07692307692307693
0 0.47716346153846156 0.6454326923076923 0.04807692307692308 0.0625
0 0.40865384615384615 0.6959134615384616 0.04326923076923077 0.05048076923076923
0 0.5408653846153846 0.49759615384615385 0.04807692307692308 0.055288461538461536
0 0.5264423076923077 0.5673076923076923 0.04567307692307692 0.06009615384615385
0 0.6057692307692307 0.4254807692307692 0.057692307692307696 0.07211538461538461
0 0.7439903846153846 0.3485576923076923 0.04807692307692308 0.06490384615384616
0 0.7692307692307693 0.2536057692307692 0.04567307692307692 0.07692307692307693
0 0.8064903846153846 0.20432692307692307 0.04807692307692308 0.0625
0 0.8774038461538461 0.2127403846153846 0.05048076923076923 0.057692307692307696
0 0.9110576923076923 0.08173076923076923 0.04326923076923077 0.019230769230769232
0 0.8894230769230769 0.265625 0.052884615384615384 0.06009615384615385
0 0.8762019230769231 0.34975961538461536 0.057692307692307696 0.07451923076923077
0 0.8209134615384616 0.3088942307692308 0.06971153846153846 0.0625
0 0.7932692307692307 0.37259615384615385 0.04807692307692308 0.0625
0 0.9591346153846154 0.4098557692307692 0.052884615384615384 0.09134615384615384
0 0.8269230769230769 0.5697115384615384 0.03125 0.0673076923076923
0 0.7560096153846154 0.5216346153846154 0.05048076923076923 0.036057692307692304
0 0.7415865384615384 0.6358173076923077 0.06971153846153846 0.08173076923076923
0 0.7487980769230769 0.7920673076923077 0.052884615384615384 0.07692307692307693
0 0.7764423076923077 0.8112980769230769 0.06971153846153846 0.07451923076923077
0 0.8894230769230769 0.8125 0.05048076923076923 0.07692307692307693
0 0.8774038461538461 0.8774038461538461 0.08173076923076923 0.07211538461538461
0 0.3786057692307692 0.49759615384615385 0.06971153846153846 0.09134615384615384
0 0.9206730769230769 0.16346153846153846 0.055288461538461536 0.07692307692307693