0 0.5721153846153846 0.7980769230769231 0.037259615384615384 0.07211538461538461
0 0.5949519230769231 0.8858173076923077 0.040865384615384616 0.06610576923076923
0 0.5024038461538461 0.8701923076923077 0.042067307692307696 0.06370192307692307
0 0.35096153846153844 0.7908653846153846 0.042067307692307696 0.09134615384615384
0 0.24158653846153846 0.7247596153846154 0.027644230769230768 0.06850961538461539
0 0.21634615384615385 0.3713942307692308 0.055288461538461536 0.07932692307692307
0 0.20192307692307693 0.21394230769230768 0.052884615384615384 0.07932692307692307
0 0.5216346153846154 0.3016826923076923 0.06610576923076923 0.052884615384615384
0 0.5180288461538461 0.20432692307692307 0.04567307692307692 0.06490384615384616
0 0.4567307692307692 0.12259615384615384 0.05048076923076923 0.06009615384615385
0 0.47716346153846156 0.16826923076923078 0.04927884615384615 0.04326923076923077
0 0.28966346153846156 0.04927884615384615 0.05889423076923077 0.054086538461538464
0 0.07932692307692307 0.53125 0.06370192307692307 0.04927884615384615
0 0.052884615384615384 0.3713942307692308 0.051682692307692304 0.057692307692307696
0 0.7800480769230769 0.8461538461538461 0.05889423076923077 0.05889423076923077
0 0.7271634615384616 0.7319711538461539 0.04326923076923077 0.0673076923076923
0 0.5324519230769231 0.640625 0.03485576923076923 0.07932692307692307
0 0.6165865384615384 0.24519230769230768 0.026442307692307692 0.06009615384615385
0 0.7680288461538461 0.20432692307692307 0.040865384615384616 0.07932692307692307
0 0.4411057692307692 0.039663461538461536 0.10336538461538461 0.07572115384615384
0 0.1310096153846154 0.25841346153846156 0.06490384615384616 0.1466346153846154
0 0.06850961538461539 0.23197115384615385 0.06850961538461539 0.09975961538461539
0 0.013221153846153846 0.5144230769230769 0.026442307692307692 0.08653846153846154
0 0.04447115384615385 0.9579326923076923 0.04447115384615385 0.037259615384615384
0 0.27403846153846156 0.8786057692307693 0.09134615384615384 0.1201923076923077
0 0.4387019230769231 0.9519230769230769 0.0673076923076923 0.06971153846153846
0 0.9098557692307693 0.8257211538461539 0.06971153846153846 0.09975961538461539
0 0.6814903846153846 0.3449519230769231 0.036057692307692304 0.07932692307692307
0 0.6586538461538461 0.16947115384615385 0.03125 0.05889423076923077
0 0.6225961538461539 0.14423076923076922 0.03125 0.07932692307692307
0 0.6081730769230769 0.35697115384615385 0.025240384615384616 0.0889423076923077
0 0.28365384615384615 0.22355769230769232 0.039663461538461536 0.09014423076923077
0 0.46033653846153844 0.7512019230769231 0.04927884615384615 0.09975961538461539
0 0.43028846153846156 0.7067307692307693 0.057692307692307696 0.04567307692307692