0 0.5588942307692307 0.6057692307692307 0.08653846153846154 0.0889423076923077
0 0.5444711538461539 0.4362980769230769 0.06490384615384616 0.07451923076923077
0 0.5612980769230769 0.5012019230769231 0.07211538461538461 0.07451923076923077
0 0.43509615384615385 0.5625 0.0625 0.0673076923076923
0 0.35216346153846156 0.26802884615384615 0.0673076923076923 0.06971153846153846
0 0.28125 0.6033653846153846 0.06009615384615385 0.055288461538461536
0 0.2644230769230769 0.7367788461538461 0.07451923076923077 0.07932692307692307
0 0.39302884615384615 0.7824519230769231 0.0625 0.0673076923076923
0 0.5168269230769231 0.7139423076923077 0.06971153846153846 0.06971153846153846
0 0.6814903846153846 0.8064903846153846 0.08413461538461539 0.08413461538461539
0 0.7055288461538461 0.7620192307692307 0.057692307692307696 0.06490384615384616
0 0.49759615384615385 0.8978365384615384 0.07451923076923077 0.07932692307692307
0 0.3762019230769231 0.9086538461538461 0.0673076923076923 0.06490384615384616
0 0.8461538461538461 0.6165865384615384 0.07451923076923077 0.07692307692307693
0 0.90625 0.5480769230769231 0.08653846153846154 0.0889423076923077
0 0.7043269230769231 0.2512019230769231 0.0625 0.06490384615384616
0 0.6394230769230769 0.039663461538461536 0.08653846153846154 0.07932692307692307
0 0.3545673076923077 0.5264423076923077 0.08413461538461539 0.08413461538461539
0 0.1622596153846154 0.5612980769230769 0.07932692307692307 0.08413461538461539
0 0.6262019230769231 0.8894230769230769 0.11538461538461539 0.125
0 0.8605769230769231 0.7235576923076923 0.08653846153846154 0.09615384615384616
0 0.7908653846153846 0.578125 0.10336538461538461 0.11057692307692307
0 0.8461538461538461 0.3449519230769231 0.10336538461538461 0.11057692307692307
0 0.9002403846153846 0.4014423076923077 0.07451923076923077 0.08173076923076923
0 0.8882211538461539 0.21514423076923078 0.10576923076923077 0.12259615384615384
0 0.8834134615384616 0.24158653846153846 0.0889423076923077 0.09375
0 0.7920673076923077 0.20432692307692307 0.08653846153846154 0.0985576923076923
0 0.6862980769230769 0.021634615384615384 0.08413461538461539 0.04326923076923077
0 0.46274038461538464 0.026442307692307692 0.10336538461538461 0.052884615384615384
0 0.42908653846153844 0.1201923076923077 0.07211538461538461 0.07692307692307693
0 0.31850961538461536 0.20192307692307693 0.0985576923076923 0.0985576923076923
0 0.9819711538461539 0.6875 0.036057692307692304 0.08173076923076923
0 0.5733173076923077 0.4230769230769231 0.07211538461538461 0.08173076923076923
0 0.5216346153846154 0.3605769230769231 0.10336538461538461 0.11057692307692307