0 0.39302884615384615 0.5588942307692307 0.08173076923076923 0.0889423076923077
0 0.43990384615384615 0.6586538461538461 0.07692307692307693 0.0673076923076923
0 0.5625 0.6634615384615384 0.10576923076923077 0.07451923076923077
0 0.5168269230769231 0.26322115384615385 0.14182692307692307 0.09134615384615384
0 0.38100961538461536 0.11057692307692307 0.10336538461538461 0.07211538461538461
0 0.5228365384615384 0.03365384615384615 0.10817307692307693 0.0673076923076923
0 0.21754807692307693 0.12139423076923077 0.06971153846153846 0.06490384615384616
0 0.20552884615384615 0.40625 0.07932692307692307 0.06009615384615385
0 0.21514423076923078 0.609375 0.0985576923076923 0.09134615384615384
0 0.4338942307692308 0.43509615384615385 0.07451923076923077 0.07692307692307693
0 0.6754807692307693 0.28365384615384615 0.07211538461538461 0.06490384615384616
0 0.9050480769230769 0.16826923076923078 0.0673076923076923 0.1201923076923077
0 0.3485576923076923 0.037259615384615384 0.06009615384615385 0.040865384615384616
0 0.4735576923076923 0.8377403846153846 0.11057692307692307 0.11778846153846154
0 0.44350961538461536 0.7439903846153846 0.08653846153846154 0.10576923076923077
0 0.5120192307692307 0.4855769230769231 0.06009615384615385 0.09134615384615384
0 0.5661057692307693 0.48197115384615385 0.07451923076923077 0.09134615384615384
0 0.5829326923076923 0.7103365384615384 0.0625 0.07932692307692307