0 0.3473557692307692 0.4423076923076923 0.0673076923076923 0.0673076923076923
0 0.42427884615384615 0.46634615384615385 0.06490384615384616 0.0673076923076923
0 0.5805288461538461 0.3858173076923077 0.0625 0.0673076923076923
0 0.3762019230769231 0.9278846153846154 0.07451923076923077 0.08173076923076923
0 0.44591346153846156 0.8052884615384616 0.09615384615384616 0.11057692307692307
0 0.46153846153846156 0.4879807692307692 0.07932692307692307 0.09134615384615384
0 0.24519230769230768 0.8641826923076923 0.09134615384615384 0.10096153846153846
0 0.22596153846153846 0.8317307692307693 0.07211538461538461 0.07932692307692307
0 0.25 0.7560096153846154 0.08413461538461539 0.09615384615384616
0 0.22355769230769232 0.5456730769230769 0.07451923076923077 0.08173076923076923
0 0.25240384615384615 0.3737980769230769 0.057692307692307696 0.0625
0 0.4519230769230769 0.9711538461538461 0.07692307692307693 0.057692307692307696
0 0.8052884615384616 0.8028846153846154 0.0889423076923077 0.10336538461538461
0 0.84375 0.6778846153846154 0.0673076923076923 0.07692307692307693