0 0.19951923076923078 0.37740384615384615 0.10096153846153846 0.0889423076923077
0 0.18990384615384615 0.4411057692307692 0.07932692307692307 0.08413461538461539
0 0.2127403846153846 0.5528846153846154 0.10336538461538461 0.09375
0 0.03365384615384615 0.3317307692307692 0.0673076923076923 0.10096153846153846
0 0.19110576923076922 0.7259615384615384 0.10576923076923077 0.11298076923076923
0 0.25961538461538464 0.8617788461538461 0.08173076923076923 0.08173076923076923
0 0.43509615384615385 0.6177884615384616 0.0889423076923077 0.09615384615384616
0 0.5288461538461539 0.7415865384615384 0.09615384615384616 0.09375
0 0.6875 0.4230769230769231 0.125 0.13701923076923078
0 0.6009615384615384 0.057692307692307696 0.07451923076923077 0.0889423076923077
0 0.6310096153846154 0.14543269230769232 0.08413461538461539 0.07932692307692307
0 0.71875 0.21033653846153846 0.07211538461538461 0.0889423076923077
0 0.8269230769230769 0.12379807692307693 0.07451923076923077 0.09134615384615384
0 0.8293269230769231 0.31971153846153844 0.0673076923076923 0.0889423076923077
0 0.8954326923076923 0.3112980769230769 0.06490384615384616 0.0625
0 0.8629807692307693 0.3762019230769231 0.06490384615384616 0.06490384615384616
0 0.8125 0.3762019230769231 0.07211538461538461 0.06971153846153846
0 0.7800480769230769 0.328125 0.052884615384615384 0.0625
0 0.7836538461538461 0.5240384615384616 0.0673076923076923 0.06490384615384616
0 0.7896634615384616 0.6021634615384616 0.07932692307692307 0.0985576923076923
0 0.8641826923076923 0.625 0.0673076923076923 0.07692307692307693