0 0.5949519230769231 0.6442307692307693 0.0673076923076923 0.10697115384615384
0 0.36177884615384615 0.578125 0.07451923076923077 0.04567307692307692
0 0.41947115384615385 0.5204326923076923 0.08533653846153846 0.03245192307692308
0 0.3798076923076923 0.44350961538461536 0.06370192307692307 0.051682692307692304
0 0.18509615384615385 0.28125 0.0889423076923077 0.07211538461538461
0 0.4699519230769231 0.25721153846153844 0.05048076923076923 0.025240384615384616
0 0.5324519230769231 0.21514423076923078 0.04326923076923077 0.057692307692307696
0 0.4735576923076923 0.14543269230769232 0.06370192307692307 0.057692307692307696
0 0.5504807692307693 0.12860576923076922 0.054086538461538464 0.05889423076923077
0 0.7103365384615384 0.08774038461538461 0.06009615384615385 0.039663461538461536
0 0.7824519230769231 0.24519230769230768 0.057692307692307696 0.08533653846153846
0 0.9002403846153846 0.28725961538461536 0.07692307692307693 0.0673076923076923
0 0.859375 0.39663461538461536 0.07692307692307693 0.08052884615384616
0 0.5925480769230769 0.3317307692307692 0.04326923076923077 0.0625
0 0.5817307692307693 0.4326923076923077 0.038461538461538464 0.06850961538461539
0 0.65625 0.484375 0.04567307692307692 0.052884615384615384
0 0.7391826923076923 0.5300480769230769 0.054086538461538464 0.06370192307692307
0 0.7728365384615384 0.5913461538461539 0.036057692307692304 0.07451923076923077
0 0.44471153846153844 0.7824519230769231 0.09134615384615384 0.078125
0 0.3473557692307692 0.7572115384615384 0.04447115384615385 0.04447115384615385
0 0.23197115384615385 0.5420673076923077 0.07091346153846154 0.06850961538461539
0 0.036057692307692304 0.5973557692307693 0.046875 0.0985576923076923
0 0.171875 0.17427884615384615 0.046875 0.04447115384615385
0 0.24879807692307693 0.16346153846153846 0.05889423076923077 0.05048076923076923
0 0.08653846153846154 0.1141826923076923 0.046875 0.052884615384615384
0 0.4254807692307692 0.05048076923076923 0.03245192307692308 0.06370192307692307
0 0.34134615384615385 0.03365384615384615 0.04807692307692308 0.04326923076923077
0 0.3389423076923077 0.8798076923076923 0.0673076923076923 0.056490384615384616
0 0.9519230769230769 0.13581730769230768 0.046875 0.0625
0 0.9831730769230769 0.41346153846153844 0.03245192307692308 0.12259615384615384
0 0.8377403846153846 0.6911057692307693 0.078125 0.04927884615384615
0 0.5288461538461539 0.04807692307692308 0.052884615384615384 0.06610576923076923
0 0.14302884615384615 0.12379807692307693 0.036057692307692304 0.052884615384615384
0 0.328125 0.8040865384615384 0.056490384615384616 0.06009615384615385
0 0.33052884615384615 0.9423076923076923 0.037259615384615384 0.09615384615384616
0 0.390625 0.9591346153846154 0.06490384615384616 0.06370192307692307
0 0.4326923076923077 0.15985576923076922 0.028846153846153848 0.042067307692307696
0 0.6706730769230769 0.3317307692307692 0.051682692307692304 0.09254807692307693
0 0.6334134615384616 0.33413461538461536 0.03365384615384615 0.07932692307692307