0 0.06370192307692307 0.3076923076923077 0.0625 0.0985576923076923
0 0.14783653846153846 0.007211538461538462 0.06971153846153846 0.014423076923076924
0 0.2283653846153846 0.6935096153846154 0.052884615384615384 0.07692307692307693
0 0.3581730769230769 0.9314903846153846 0.09375 0.057692307692307696
0 0.390625 0.6454326923076923 0.09134615384615384 0.07451923076923077
0 0.038461538461538464 0.6947115384615384 0.07692307692307693 0.09134615384615384
0 0.7632211538461539 0.15144230769230768 0.0625 0.04807692307692308
0 0.2860576923076923 0.24639423076923078 0.08413461538461539 0.08413461538461539
0 0.125 0.5745192307692307 0.04807692307692308 0.07932692307692307
0 0.004807692307692308 0.5228365384615384 0.009615384615384616 0.09375
0 0.49038461538461536 0.7692307692307693 0.06490384615384616 0.0673076923076923
0 0.45552884615384615 0.9050480769230769 0.06971153846153846 0.10576923076923077
0 0.6370192307692307 0.703125 0.10336538461538461 0.09375
0 0.984375 0.21875 0.03125 0.11057692307692307
0 0.5913461538461539 0.1346153846153846 0.07211538461538461 0.12740384615384615
0 0.125 0.3161057692307692 0.07451923076923077 0.10336538461538461
0 0.05889423076923077 0.05048076923076923 0.07211538461538461 0.06009615384615385
0 0.040865384615384616 0.13701923076923078 0.038461538461538464 0.09615384615384616
0 0.15745192307692307 0.8677884615384616 0.07451923076923077 0.09375
0 0.20072115384615385 0.9771634615384616 0.0673076923076923 0.03125