0 0.4483173076923077 0.1814903846153846 0.054086538461538464 0.06129807692307692
0 0.3713942307692308 0.19110576923076922 0.030048076923076924 0.04807692307692308
0 0.31490384615384615 0.14302884615384615 0.04326923076923077 0.05889423076923077
0 0.15504807692307693 0.20432692307692307 0.057692307692307696 0.06971153846153846
0 0.140625 0.12740384615384615 0.042067307692307696 0.04567307692307692
0 0.09495192307692307 0.3701923076923077 0.04447115384615385 0.0673076923076923
0 0.028846153846153848 0.47716346153846156 0.04326923076923077 0.030048076923076924
0 0.056490384615384616 0.5793269230769231 0.03125 0.05048076923076923
0 0.039663461538461536 0.7379807692307693 0.052884615384615384 0.07091346153846154
0 0.39302884615384615 0.796875 0.037259615384615384 0.078125
0 0.4651442307692308 0.8173076923076923 0.03365384615384615 0.04447115384615385
0 0.5408653846153846 0.7944711538461539 0.028846153846153848 0.05889423076923077
0 0.6478365384615384 0.8064903846153846 0.03365384615384615 0.04927884615384615
0 0.4483173076923077 0.32572115384615385 0.03365384615384615 0.030048076923076924
0 0.4891826923076923 0.3137019230769231 0.02283653846153846 0.026442307692307692
0 0.5264423076923077 0.34375 0.036057692307692304 0.027644230769230768
0 0.5264423076923077 0.4098557692307692 0.03125 0.030048076923076924
0 0.5625 0.41225961538461536 0.027644230769230768 0.037259615384615384
0 0.45072115384615385 0.42908653846153844 0.028846153846153848 0.042067307692307696
0 0.4110576923076923 0.5348557692307693 0.039663461538461536 0.026442307692307692
0 0.3605769230769231 0.5625 0.037259615384615384 0.028846153846153848
0 0.3389423076923077 0.4963942307692308 0.055288461538461536 0.051682692307692304
0 0.28125 0.3425480769230769 0.03365384615384615 0.039663461538461536
0 0.36177884615384615 0.2848557692307692 0.025240384615384616 0.052884615384615384
0 0.22596153846153846 0.25600961538461536 0.038461538461538464 0.038461538461538464
0 0.4495192307692308 0.234375 0.036057692307692304 0.03125
0 0.39663461538461536 0.2644230769230769 0.030048076923076924 0.03485576923076923
0 0.5504807692307693 0.2512019230769231 0.04447115384615385 0.040865384615384616
0 0.5480769230769231 0.15985576923076922 0.040865384615384616 0.026442307692307692
0 0.6418269230769231 0.22596153846153846 0.03125 0.03125
0 0.6790865384615384 0.18509615384615385 0.04326923076923077 0.025240384615384616
0 0.6862980769230769 0.15504807692307693 0.036057692307692304 0.027644230769230768
0 0.7560096153846154 0.23197115384615385 0.028846153846153848 0.03365384615384615
0 0.7199519230769231 0.24158653846153846 0.026442307692307692 0.03125
0 0.7067307692307693 0.3894230769230769 0.028846153846153848 0.039663461538461536
0 0.6466346153846154 0.3713942307692308 0.021634615384615384 0.04326923076923077
0 0.6646634615384616 0.47475961538461536 0.025240384615384616 0.038461538461538464
0 0.7019230769230769 0.4579326923076923 0.03125 0.030048076923076924
0 0.6754807692307693 0.5300480769230769 0.02283653846153846 0.04807692307692308
0 0.625 0.5697115384615384 0.028846153846153848 0.03125
0 0.7295673076923077 0.5829326923076923 0.038461538461538464 0.04807692307692308
0 0.7764423076923077 0.5360576923076923 0.03485576923076923 0.03365384615384615
0 0.7584134615384616 0.42788461538461536 0.03485576923076923 0.04927884615384615
0 0.8341346153846154 0.31009615384615385 0.03125 0.03125
0 0.7728365384615384 0.30528846153846156 0.036057692307692304 0.04326923076923077
0 0.8894230769230769 0.33052884615384615 0.042067307692307696 0.030048076923076924
0 0.9278846153846154 0.1502403846153846 0.027644230769230768 0.04447115384615385
0 0.8389423076923077 0.11899038461538461 0.039663461538461536 0.037259615384615384
0 0.9338942307692307 0.19110576923076922 0.03125 0.04326923076923077
0 0.9086538461538461 0.25721153846153844 0.021634615384615384 0.030048076923076924
0 0.8653846153846154 0.3954326923076923 0.040865384615384616 0.018028846153846152
0 0.8737980769230769 0.421875 0.016826923076923076 0.020432692307692308
0 0.9050480769230769 0.47115384615384615 0.055288461538461536 0.054086538461538464
0 0.8665865384615384 0.5240384615384616 0.04567307692307692 0.03245192307692308
0 0.84375 0.5829326923076923 0.02403846153846154 0.05889423076923077
0 0.9194711538461539 0.5829326923076923 0.036057692307692304 0.025240384615384616
0 0.9326923076923077 0.6201923076923077 0.05048076923076923 0.02283653846153846
0 0.9182692307692307 0.6862980769230769 0.037259615384615384 0.040865384615384616
0 0.9627403846153846 0.7944711538461539 0.040865384615384616 0.037259615384615384
0 0.9290865384615384 0.8293269230769231 0.030048076923076924 0.040865384615384616
0 0.8389423076923077 0.734375 0.028846153846153848 0.05889423076923077
0 0.765625 0.796875 0.028846153846153848 0.042067307692307696
0 0.7211538461538461 0.8137019230769231 0.037259615384615384 0.051682692307692304
0 0.9603365384615384 0.7608173076923077 0.021634615384615384 0.04447115384615385