0 0.45072115384615385 0.8389423076923077 0.02403846153846154 0.040865384615384616
0 0.29927884615384615 0.7608173076923077 0.02283653846153846 0.030048076923076924
0 0.31850961538461536 0.5516826923076923 0.028846153846153848 0.039663461538461536
0 0.39783653846153844 0.4699519230769231 0.025240384615384616 0.04326923076923077
0 0.49038461538461536 0.4110576923076923 0.021634615384615384 0.039663461538461536
0 0.5276442307692307 0.46274038461538464 0.02403846153846154 0.04447115384615385
0 0.49759615384615385 0.5048076923076923 0.028846153846153848 0.05889423076923077
0 0.5661057692307693 0.47115384615384615 0.021634615384615384 0.04927884615384615
0 0.5913461538461539 0.3894230769230769 0.018028846153846152 0.04447115384615385
0 0.5132211538461539 0.1466346153846154 0.025240384615384616 0.042067307692307696
0 0.33052884615384615 0.1045673076923077 0.02403846153846154 0.04447115384615385
0 0.33052884615384615 0.31850961538461536 0.027644230769230768 0.03365384615384615
0 0.46634615384615385 0.33533653846153844 0.019230769230769232 0.039663461538461536
0 0.375 0.39663461538461536 0.027644230769230768 0.03365384615384615
0 0.3269230769230769 0.8425480769230769 0.02283653846153846 0.02403846153846154
0 0.5444711538461539 0.8257211538461539 0.027644230769230768 0.030048076923076924
0 0.6057692307692307 0.8846153846153846 0.016826923076923076 0.03485576923076923
0 0.8461538461538461 0.29447115384615385 0.015625 0.028846153846153848
0 0.8293269230769231 0.13581730769230768 0.015625 0.03125
0 0.8305288461538461 0.23557692307692307 0.025240384615384616 0.026442307692307692
0 0.765625 0.8774038461538461 0.018028846153846152 0.04807692307692308
0 0.7836538461538461 0.8942307692307693 0.01201923076923077 0.037259615384615384
0 0.6634615384615384 0.5733173076923077 0.018028846153846152 0.03485576923076923
0 0.6418269230769231 0.41586538461538464 0.026442307692307692 0.037259615384615384
0 0.6682692307692307 0.25600961538461536 0.019230769230769232 0.04807692307692308
0 0.8016826923076923 0.2644230769230769 0.021634615384615384 0.038461538461538464
0 0.8329326923076923 0.08533653846153846 0.021634615384615384 0.037259615384615384
0 0.5925480769230769 0.33413461538461536 0.020432692307692308 0.036057692307692304
0 0.5709134615384616 0.8882211538461539 0.02283653846153846 0.030048076923076924
0 0.36778846153846156 0.5048076923076923 0.021634615384615384 0.03485576923076923
0 0.47115384615384615 0.5600961538461539 0.02283653846153846 0.03125
0 0.43149038461538464 0.45913461538461536 0.025240384615384616 0.025240384615384616
0 0.4651442307692308 0.2848557692307692 0.020432692307692308 0.030048076923076924
0 0.49278846153846156 0.21634615384615385 0.018028846153846152 0.03245192307692308
0 0.3545673076923077 0.3269230769230769 0.018028846153846152 0.036057692307692304
0 0.3713942307692308 0.1935096153846154 0.020432692307692308 0.03245192307692308
0 0.8713942307692307 0.7980769230769231 0.026442307692307692 0.04447115384615385
0 0.8197115384615384 0.8389423076923077 0.026442307692307692 0.04447115384615385
0 0.6935096153846154 0.8365384615384616 0.030048076923076924 0.036057692307692304
0 0.7980769230769231 0.7620192307692307 0.018028846153846152 0.025240384615384616
0 0.9026442307692307 0.6153846153846154 0.016826923076923076 0.037259615384615384
0 0.8533653846153846 0.8737980769230769 0.015625 0.03485576923076923
0 0.8533653846153846 0.9230769230769231 0.018028846153846152 0.03485576923076923
0 0.9122596153846154 0.16466346153846154 0.026442307692307692 0.039663461538461536
0 0.7956730769230769 0.3629807692307692 0.025240384615384616 0.03125
0 0.8389423076923077 0.4026442307692308 0.026442307692307692 0.030048076923076924
0 0.8557692307692307 0.4879807692307692 0.026442307692307692 0.042067307692307696
0 0.78125 0.5348557692307693 0.028846153846153848 0.039663461538461536
0 0.703125 0.5612980769230769 0.018028846153846152 0.03365384615384615
0 0.8882211538461539 0.7007211538461539 0.019230769230769232 0.04326923076923077
0 0.6790865384615384 0.8954326923076923 0.026442307692307692 0.039663461538461536
0 0.5661057692307693 0.37740384615384615 0.021634615384615384 0.042067307692307696
0 0.6045673076923077 0.2127403846153846 0.02403846153846154 0.042067307692307696
0 0.43990384615384615 0.2956730769230769 0.025240384615384616 0.030048076923076924
0 0.4182692307692308 0.2644230769230769 0.020432692307692308 0.03485576923076923
0 0.3545673076923077 0.27163461538461536 0.027644230769230768 0.036057692307692304
0 0.3425480769230769 0.28725961538461536 0.015625 0.015625
0 0.31490384615384615 0.22596153846153846 0.025240384615384616 0.03125
0 0.5180288461538461 0.8798076923076923 0.028846153846153848 0.040865384615384616
0 0.46274038461538464 0.8894230769230769 0.021634615384615384 0.030048076923076924
0 0.3425480769230769 0.8774038461538461 0.014423076923076924 0.042067307692307696
0 0.3088942307692308 0.8040865384615384 0.02283653846153846 0.046875
0 0.7175480769230769 0.9110576923076923 0.04927884615384615 0.06971153846153846
0 0.8798076923076923 0.9314903846153846 0.026442307692307692 0.04567307692307692
0 0.9158653846153846 0.8846153846153846 0.021634615384615384 0.04567307692307692
0 0.3942307692307692 0.6298076923076923 0.027644230769230768 0.04807692307692308
0 0.30649038461538464 0.11899038461538461 0.025240384615384616 0.039663461538461536
0 0.44471153846153844 0.13942307692307693 0.04567307692307692 0.04567307692307692
0 0.5108173076923077 0.10216346153846154 0.03125 0.04567307692307692
0 0.5841346153846154 0.08653846153846154 0.015625 0.036057692307692304
0 0.5588942307692307 0.2247596153846154 0.025240384615384616 0.056490384615384616
0 0.5384615384615384 0.1935096153846154 0.027644230769230768 0.038461538461538464