0 0.5204326923076923 0.18269230769230768 0.07692307692307693 0.06971153846153846
0 0.5901442307692307 0.29086538461538464 0.07692307692307693 0.0625
0 0.5528846153846154 0.3233173076923077 0.057692307692307696 0.057692307692307696
0 0.4963942307692308 0.3858173076923077 0.08653846153846154 0.07451923076923077
0 0.38822115384615385 0.4879807692307692 0.0673076923076923 0.0673076923076923
0 0.34615384615384615 0.5961538461538461 0.07932692307692307 0.0889423076923077
0 0.11778846153846154 0.46634615384615385 0.04326923076923077 0.052884615384615384
0 0.24639423076923078 0.22716346153846154 0.040865384615384616 0.06490384615384616
0 0.06610576923076923 0.6622596153846154 0.0625 0.06971153846153846
0 0.014423076923076924 0.578125 0.028846153846153848 0.06490384615384616
0 0.18028846153846154 0.7704326923076923 0.06490384615384616 0.08173076923076923
0 0.5733173076923077 0.5552884615384616 0.06009615384615385 0.07211538461538461
0 0.5228365384615384 0.4483173076923077 0.04326923076923077 0.05048076923076923
0 0.5480769230769231 0.6622596153846154 0.06971153846153846 0.09134615384615384
0 0.47475961538461536 0.2848557692307692 0.055288461538461536 0.07451923076923077
0 0.8293269230769231 0.5697115384615384 0.07692307692307693 0.09375
0 0.9699519230769231 0.39302884615384615 0.06009615384615385 0.08413461538461539
0 0.9903846153846154 0.3161057692307692 0.019230769230769232 0.07451923076923077
0 0.9711538461538461 0.6105769230769231 0.04807692307692308 0.07932692307692307
0 0.9627403846153846 0.6526442307692307 0.036057692307692304 0.04567307692307692
0 0.9362980769230769 0.6213942307692307 0.057692307692307696 0.06009615384615385
0 0.8257211538461539 0.7019230769230769 0.06490384615384616 0.055288461538461536
0 0.7872596153846154 0.7475961538461539 0.057692307692307696 0.0673076923076923
0 0.8125 0.8064903846153846 0.06490384615384616 0.07692307692307693
0 0.43990384615384615 0.9206730769230769 0.052884615384615384 0.07211538461538461
0 0.33052884615384615 0.9146634615384616 0.07211538461538461 0.057692307692307696
0 0.29447115384615385 0.8677884615384616 0.0673076923076923 0.07932692307692307