0 0.3918269230769231 0.08413461538461539 0.03485576923076923 0.06370192307692307
0 0.34134615384615385 0.039663461538461536 0.030048076923076924 0.06610576923076923
0 0.2548076923076923 0.08533653846153846 0.036057692307692304 0.057692307692307696
0 0.2644230769230769 0.17668269230769232 0.03485576923076923 0.04567307692307692
0 0.15144230769230768 0.171875 0.054086538461538464 0.06129807692307692
0 0.10216346153846154 0.14423076923076922 0.038461538461538464 0.05048076923076923
0 0.12620192307692307 0.10216346153846154 0.040865384615384616 0.03125
0 0.0889423076923077 0.4050480769230769 0.036057692307692304 0.05889423076923077
0 0.019230769230769232 0.47596153846153844 0.038461538461538464 0.039663461538461536
0 0.021634615384615384 0.53125 0.042067307692307696 0.054086538461538464
0 0.010817307692307692 0.875 0.021634615384615384 0.07451923076923077
0 0.046875 0.8978365384615384 0.04567307692307692 0.06490384615384616
0 0.15504807692307693 0.7560096153846154 0.054086538461538464 0.06610576923076923
0 0.1622596153846154 0.8076923076923077 0.06610576923076923 0.06610576923076923
0 0.140625 0.6237980769230769 0.04447115384615385 0.06850961538461539
0 0.15985576923076922 0.5228365384615384 0.05048076923076923 0.037259615384615384
0 0.25841346153846156 0.4879807692307692 0.03485576923076923 0.06971153846153846
0 0.3088942307692308 0.6370192307692307 0.03125 0.04807692307692308
0 0.33533653846153844 0.6634615384615384 0.03365384615384615 0.08052884615384616
0 0.36177884615384615 0.5216346153846154 0.020432692307692308 0.051682692307692304
0 0.4723557692307692 0.5889423076923077 0.036057692307692304 0.038461538461538464
0 0.4699519230769231 0.0985576923076923 0.020432692307692308 0.052884615384615384
0 0.7680288461538461 0.08774038461538461 0.03365384615384615 0.05048076923076923
0 0.7872596153846154 0.15144230769230768 0.04807692307692308 0.0673076923076923
0 0.8786057692307693 0.1310096153846154 0.037259615384615384 0.052884615384615384
0 0.8461538461538461 0.2283653846153846 0.04326923076923077 0.07932692307692307
0 0.859375 0.30408653846153844 0.021634615384615384 0.040865384615384616
0 0.8245192307692307 0.3449519230769231 0.051682692307692304 0.05889423076923077
0 0.9122596153846154 0.2956730769230769 0.0673076923076923 0.042067307692307696
0 0.9182692307692307 0.33653846153846156 0.039663461538461536 0.04927884615384615
0 0.96875 0.37740384615384615 0.02403846153846154 0.051682692307692304
0 0.9939903846153846 0.359375 0.010817307692307692 0.05048076923076923
0 0.9603365384615384 0.45072115384615385 0.04927884615384615 0.026442307692307692
0 0.9423076923076923 0.47475961538461536 0.055288461538461536 0.04807692307692308
0 0.9314903846153846 0.5108173076923077 0.06370192307692307 0.04807692307692308
0 0.8882211538461539 0.5396634615384616 0.040865384615384616 0.06850961538461539
0 0.8509615384615384 0.5192307692307693 0.027644230769230768 0.037259615384615384
0 0.8149038461538461 0.4831730769230769 0.04567307692307692 0.052884615384615384
0 0.8341346153846154 0.5709134615384616 0.03125 0.04447115384615385
0 0.9831730769230769 0.6899038461538461 0.03125 0.055288461538461536
0 0.9723557692307693 0.765625 0.014423076923076924 0.056490384615384616
0 0.9278846153846154 0.7680288461538461 0.052884615384615384 0.052884615384615384
0 0.9807692307692307 0.8497596153846154 0.02403846153846154 0.046875
0 0.9423076923076923 0.8617788461538461 0.036057692307692304 0.04447115384615385
0 0.9759615384615384 0.9350961538461539 0.038461538461538464 0.055288461538461536
0 0.828125 0.8870192307692307 0.07091346153846154 0.07091346153846154
0 0.8509615384615384 0.7680288461538461 0.04326923076923077 0.056490384615384616
0 0.8425480769230769 0.6430288461538461 0.06370192307692307 0.057692307692307696
0 0.7704326923076923 0.5769230769230769 0.0673076923076923 0.02403846153846154
0 0.7079326923076923 0.49038461538461536 0.056490384615384616 0.04326923076923077
0 0.6502403846153846 0.5673076923076923 0.038461538461538464 0.046875
0 0.6454326923076923 0.42427884615384615 0.03245192307692308 0.05048076923076923
0 0.640625 0.3317307692307692 0.054086538461538464 0.0625
0 0.6911057692307693 0.35096153846153844 0.037259615384615384 0.04807692307692308
0 0.5685096153846154 0.3762019230769231 0.042067307692307696 0.06129807692307692
0 0.6081730769230769 0.17668269230769232 0.046875 0.06129807692307692
0 0.5120192307692307 0.08173076923076923 0.04326923076923077 0.054086538461538464
0 0.5144230769230769 0.6213942307692307 0.02283653846153846 0.052884615384615384
0 0.5661057692307693 0.6995192307692307 0.042067307692307696 0.05048076923076923
0 0.5528846153846154 0.7331730769230769 0.057692307692307696 0.028846153846153848
0 0.6105769230769231 0.7247596153846154 0.051682692307692304 0.05048076923076923
0 0.6658653846153846 0.7427884615384616 0.020432692307692308 0.0625
0 0.7175480769230769 0.7524038461538461 0.03125 0.07211538461538461
0 0.7548076923076923 0.6682692307692307 0.06009615384615385 0.06370192307692307
0 0.7055288461538461 0.6598557692307693 0.028846153846153848 0.036057692307692304
0 0.6177884615384616 0.8762019230769231 0.054086538461538464 0.052884615384615384
0 0.5817307692307693 0.8894230769230769 0.057692307692307696 0.042067307692307696
0 0.6201923076923077 0.9302884615384616 0.039663461538461536 0.03485576923076923
0 0.5901442307692307 0.9771634615384616 0.057692307692307696 0.018028846153846152
0 0.4831730769230769 0.8533653846153846 0.06129807692307692 0.052884615384615384
0 0.4026442307692308 0.8197115384615384 0.037259615384615384 0.052884615384615384
0 0.31490384615384615 0.7391826923076923 0.06490384615384616 0.055288461538461536
0 0.22596153846153846 0.9555288461538461 0.06370192307692307 0.03125
0 0.296875 0.41947115384615385 0.04927884615384615 0.056490384615384616
0 0.38100961538461536 0.8617788461538461 0.04567307692307692 0.056490384615384616
0 0.2644230769230769 0.8341346153846154 0.037259615384615384 0.06850961538461539
0 0.3641826923076923 0.9326923076923077 0.040865384615384616 0.055288461538461536