0 0.6610576923076923 0.22596153846153846 0.08173076923076923 0.08173076923076923
0 0.4699519230769231 0.10817307692307693 0.08173076923076923 0.08173076923076923
0 0.3942307692307692 0.203125 0.09134615384615384 0.09134615384615384
0 0.4338942307692308 0.2860576923076923 0.10096153846153846 0.10096153846153846
0 0.5733173076923077 0.25240384615384615 0.0985576923076923 0.0985576923076923
0 0.4170673076923077 0.021634615384615384 0.08413461538461539 0.04326923076923077
0 0.28125 0.3858173076923077 0.07211538461538461 0.07211538461538461
0 0.32211538461538464 0.6310096153846154 0.08173076923076923 0.08173076923076923
0 0.4098557692307692 0.9338942307692307 0.10336538461538461 0.10336538461538461
0 0.7524038461538461 0.8918269230769231 0.10096153846153846 0.10096153846153846
0 0.5252403846153846 0.6730769230769231 0.125 0.125
0 0.5528846153846154 0.6286057692307693 0.08653846153846154 0.08653846153846154