0 0.390625 0.21153846153846154 0.054086538461538464 0.046875
0 0.38822115384615385 0.3557692307692308 0.0625 0.03125
0 0.3918269230769231 0.43028846153846156 0.04567307692307692 0.055288461538461536
0 0.47475961538461536 0.390625 0.05048076923076923 0.06971153846153846
0 0.5528846153846154 0.3076923076923077 0.06129807692307692 0.05048076923076923
0 0.19831730769230768 0.14543269230769232 0.08774038461538461 0.04447115384615385
0 0.5805288461538461 0.09735576923076923 0.0733173076923077 0.07451923076923077
0 0.7680288461538461 0.28725961538461536 0.07211538461538461 0.06129807692307692
0 0.7103365384615384 0.5576923076923077 0.07451923076923077 0.0733173076923077
0 0.06009615384615385 0.3329326923076923 0.06129807692307692 0.04326923076923077
0 0.12379807692307693 0.5564903846153846 0.06610576923076923 0.038461538461538464
0 0.7163461538461539 0.7451923076923077 0.078125 0.051682692307692304
0 0.3629807692307692 0.06610576923076923 0.051682692307692304 0.040865384615384616
0 0.21754807692307693 0.26322115384615385 0.038461538461538464 0.057692307692307696
0 0.04807692307692308 0.1346153846153846 0.0673076923076923 0.036057692307692304
0 0.203125 0.47836538461538464 0.06610576923076923 0.04326923076923077
0 0.5432692307692307 0.6598557692307693 0.0829326923076923 0.052884615384615384
0 0.5432692307692307 0.18269230769230768 0.06971153846153846 0.039663461538461536
0 0.5913461538461539 0.24158653846153846 0.04447115384615385 0.04807692307692308
0 0.6286057692307693 0.8004807692307693 0.055288461538461536 0.06129807692307692
0 0.6514423076923077 0.859375 0.05889423076923077 0.0625
0 0.6610576923076923 0.9026442307692307 0.06850961538461539 0.042067307692307696
0 0.6213942307692307 0.7307692307692307 0.04447115384615385 0.10697115384615384
0 0.8088942307692307 0.6021634615384616 0.056490384615384616 0.055288461538461536
0 0.7992788461538461 0.6514423076923077 0.0733173076923077 0.057692307692307696
0 0.734375 0.421875 0.054086538461538464 0.057692307692307696
0 0.6358173076923077 0.4495192307692308 0.040865384615384616 0.109375
0 0.6622596153846154 0.3293269230769231 0.03365384615384615 0.07211538461538461
0 0.6911057692307693 0.33413461538461536 0.016826923076923076 0.057692307692307696
0 0.8774038461538461 0.16947115384615385 0.0625 0.05889423076923077
0 0.9074519230769231 0.14903846153846154 0.055288461538461536 0.04447115384615385
0 0.9699519230769231 0.25961538461538464 0.05889423076923077 0.06971153846153846
0 0.9146634615384616 0.2127403846153846 0.055288461538461536 0.04807692307692308
0 0.8930288461538461 0.25600961538461536 0.042067307692307696 0.056490384615384616
0 0.8966346153846154 0.29447115384615385 0.057692307692307696 0.04326923076923077
0 0.9146634615384616 0.34134615384615385 0.08533653846153846 0.078125
0 0.9819711538461539 0.7103365384615384 0.036057692307692304 0.078125
0 0.9663461538461539 0.7764423076923077 0.05889423076923077 0.06129807692307692
0 0.9411057692307693 0.7175480769230769 0.057692307692307696 0.06370192307692307
0 0.8894230769230769 0.6911057692307693 0.046875 0.06850961538461539
0 0.8449519230769231 0.6971153846153846 0.052884615384615384 0.06971153846153846
0 0.4639423076923077 0.7271634615384616 0.04326923076923077 0.07572115384615384
0 0.45552884615384615 0.9230769230769231 0.052884615384615384 0.052884615384615384
0 0.33774038461538464 0.8942307692307693 0.054086538461538464 0.04807692307692308
0 0.33653846153846156 0.8365384615384616 0.04927884615384615 0.07932692307692307
0 0.28966346153846156 0.8990384615384616 0.04807692307692308 0.0625
0 0.23076923076923078 0.8617788461538461 0.07451923076923077 0.08173076923076923
0 0.3076923076923077 0.7295673076923077 0.08533653846153846 0.08774038461538461
0 0.23076923076923078 0.703125 0.05048076923076923 0.078125
0 0.21634615384615385 0.6322115384615384 0.06370192307692307 0.04927884615384615
0 0.1935096153846154 0.5685096153846154 0.03125 0.08173076923076923
0 0.12379807692307693 0.6262019230769231 0.0673076923076923 0.07572115384615384
0 0.037259615384615384 0.5889423076923077 0.057692307692307696 0.07572115384615384
0 0.29447115384615385 0.34615384615384615 0.05048076923076923 0.042067307692307696
0 0.5252403846153846 0.4014423076923077 0.04326923076923077 0.07451923076923077
0 0.3701923076923077 0.5300480769230769 0.057692307692307696 0.09014423076923077
0 0.36778846153846156 0.6153846153846154 0.05889423076923077 0.06850961538461539
0 0.5492788461538461 0.2608173076923077 0.07091346153846154 0.056490384615384616
0 0.8990384615384616 0.0889423076923077 0.10697115384615384 0.06850961538461539
0 0.44711538461538464 0.46153846153846156 0.06129807692307692 0.030048076923076924
0 0.44471153846153844 0.49038461538461536 0.05048076923076923 0.04807692307692308
0 0.3629807692307692 0.11057692307692307 0.038461538461538464 0.0625
0 0.7079326923076923 0.8365384615384616 0.028846153846153848 0.057692307692307696