0 0.36538461538461536 0.359375 0.04807692307692308 0.057692307692307696
0 0.38461538461538464 0.32091346153846156 0.055288461538461536 0.0673076923076923
0 0.4411057692307692 0.4639423076923077 0.0625 0.07211538461538461
0 0.38221153846153844 0.5096153846153846 0.05048076923076923 0.057692307692307696
0 0.3641826923076923 0.6165865384615384 0.040865384615384616 0.038461538461538464
0 0.4891826923076923 0.5240384615384616 0.040865384615384616 0.04567307692307692
0 0.4855769230769231 0.41466346153846156 0.052884615384615384 0.057692307692307696
0 0.20072115384615385 0.3329326923076923 0.06009615384615385 0.055288461538461536
0 0.22956730769230768 0.5492788461538461 0.06009615384615385 0.057692307692307696
0 0.31490384615384615 0.6838942307692307 0.04567307692307692 0.052884615384615384
0 0.37259615384615385 0.6790865384615384 0.04326923076923077 0.04567307692307692
0 0.6514423076923077 0.6586538461538461 0.06490384615384616 0.0625
0 0.8004807692307693 0.7079326923076923 0.0673076923076923 0.07211538461538461
0 0.5 0.65625 0.055288461538461536 0.057692307692307696
0 0.4495192307692308 0.5865384615384616 0.07451923076923077 0.07211538461538461
0 0.4855769230769231 0.7175480769230769 0.052884615384615384 0.06009615384615385
0 0.4495192307692308 0.7259615384615384 0.03125 0.036057692307692304
0 0.48677884615384615 0.7620192307692307 0.038461538461538464 0.04326923076923077
0 0.578125 0.8028846153846154 0.06490384615384616 0.07692307692307693
0 0.5036057692307693 0.8581730769230769 0.06009615384615385 0.0625
0 0.43149038461538464 0.3389423076923077 0.03125 0.03365384615384615
0 0.49278846153846156 0.375 0.038461538461538464 0.04326923076923077
0 0.5264423076923077 0.3173076923076923 0.07692307692307693 0.08653846153846154
0 0.5625 0.2860576923076923 0.052884615384615384 0.06009615384615385
0 0.14182692307692307 0.3112980769230769 0.052884615384615384 0.057692307692307696
0 0.1346153846153846 0.359375 0.057692307692307696 0.0625
0 0.4050480769230769 0.9471153846153846 0.038461538461538464 0.036057692307692304
0 0.46875 0.9807692307692307 0.04807692307692308 0.038461538461538464
0 0.9278846153846154 0.7776442307692307 0.05048076923076923 0.052884615384615384
0 0.2860576923076923 0.7307692307692307 0.040865384615384616 0.04807692307692308
0 0.5600961538461539 0.5961538461538461 0.05048076923076923 0.052884615384615384
0 0.3233173076923077 0.5637019230769231 0.038461538461538464 0.038461538461538464
0 0.35697115384615385 0.5504807692307693 0.03365384615384615 0.036057692307692304
0 0.4206730769230769 0.9795673076923077 0.038461538461538464 0.040865384615384616
0 0.7127403846153846 0.4639423076923077 0.07211538461538461 0.08173076923076923
0 0.7620192307692307 0.5865384615384616 0.05048076923076923 0.06490384615384616
0 0.7584134615384616 0.6706730769230769 0.057692307692307696 0.06009615384615385
0 0.6899038461538461 0.8221153846153846 0.055288461538461536 0.057692307692307696
0 0.3762019230769231 0.9074519230769231 0.06490384615384616 0.07451923076923077
0 0.4014423076923077 0.8161057692307693 0.06490384615384616 0.07692307692307693
0 0.36658653846153844 0.7067307692307693 0.057692307692307696 0.06971153846153846
0 0.41586538461538464 0.7199519230769231 0.04567307692307692 0.055288461538461536
0 0.4254807692307692 0.2127403846153846 0.04807692307692308 0.057692307692307696
0 0.9110576923076923 0.3425480769230769 0.057692307692307696 0.06490384615384616
0 0.9266826923076923 0.3786057692307692 0.055288461538461536 0.06009615384615385
0 0.8569711538461539 0.31009615384615385 0.055288461538461536 0.06009615384615385
0 0.8497596153846154 0.36177884615384615 0.057692307692307696 0.0673076923076923
0 0.8545673076923077 0.71875 0.0625 0.07451923076923077
0 0.4879807692307692 0.8810096153846154 0.040865384615384616 0.04807692307692308