0 0.5216346153846154 0.43028846153846156 0.06370192307692307 0.042067307692307696
0 0.37740384615384615 0.47716346153846156 0.036057692307692304 0.04807692307692308
0 0.39783653846153844 0.43028846153846156 0.028846153846153848 0.03485576923076923
0 0.4110576923076923 0.20072115384615385 0.038461538461538464 0.056490384615384616
0 0.4338942307692308 0.13581730769230768 0.051682692307692304 0.040865384615384616
0 0.3737980769230769 0.18629807692307693 0.051682692307692304 0.040865384615384616
0 0.30288461538461536 0.08413461538461539 0.06129807692307692 0.07451923076923077
0 0.09735576923076923 0.21754807692307693 0.06129807692307692 0.0625
0 0.0733173076923077 0.7271634615384616 0.03125 0.04927884615384615
0 0.7331730769230769 0.5949519230769231 0.039663461538461536 0.0829326923076923
0 0.5348557692307693 0.5180288461538461 0.07572115384615384 0.040865384615384616
0 0.53125 0.6310096153846154 0.06129807692307692 0.06971153846153846
0 0.5324519230769231 0.7415865384615384 0.0625 0.0829326923076923
0 0.44711538461538464 0.765625 0.046875 0.09134615384615384
0 0.7271634615384616 0.7259615384615384 0.04807692307692308 0.05048076923076923
0 0.7139423076923077 0.6742788461538461 0.036057692307692304 0.0733173076923077
0 0.7716346153846154 0.6754807692307693 0.027644230769230768 0.04567307692307692
0 0.8401442307692307 0.4951923076923077 0.036057692307692304 0.07091346153846154
0 0.8161057692307693 0.421875 0.04927884615384615 0.037259615384615384
0 0.9194711538461539 0.15144230769230768 0.056490384615384616 0.04326923076923077
0 0.8125 0.34375 0.06370192307692307 0.0673076923076923
0 0.5913461538461539 0.23798076923076922 0.046875 0.05048076923076923
0 0.6850961538461539 0.234375 0.038461538461538464 0.046875
0 0.6754807692307693 0.359375 0.04447115384615385 0.07211538461538461
0 0.7680288461538461 0.16105769230769232 0.04326923076923077 0.0889423076923077
0 0.5420673076923077 0.057692307692307696 0.04326923076923077 0.055288461538461536
0 0.11177884615384616 0.5853365384615384 0.046875 0.04927884615384615
0 0.8737980769230769 0.6598557692307693 0.05889423076923077 0.0625
0 0.8161057692307693 0.8161057692307693 0.054086538461538464 0.03365384615384615
0 0.8473557692307693 0.8401442307692307 0.04927884615384615 0.03245192307692308
0 0.8653846153846154 0.8641826923076923 0.08774038461538461 0.020432692307692308
0 0.4519230769230769 0.9435096153846154 0.040865384615384616 0.0733173076923077
0 0.03485576923076923 0.19951923076923078 0.046875 0.04567307692307692
0 0.9555288461538461 0.29447115384615385 0.04567307692307692 0.07091346153846154
0 0.9278846153846154 0.5396634615384616 0.02283653846153846 0.04807692307692308
0 0.9783653846153846 0.8870192307692307 0.040865384615384616 0.0733173076923077
0 0.2548076923076923 0.16466346153846154 0.038461538461538464 0.046875
0 0.25240384615384615 0.21514423076923078 0.04326923076923077 0.042067307692307696
0 0.41346153846153844 0.37740384615384615 0.06009615384615385 0.06129807692307692