0 0.39903846153846156 0.07451923076923077 0.07451923076923077 0.07451923076923077
0 0.35697115384615385 0.046875 0.06490384615384616 0.0673076923076923
0 0.33774038461538464 0.025240384615384616 0.06490384615384616 0.05048076923076923
0 0.27403846153846156 0.019230769230769232 0.057692307692307696 0.038461538461538464
0 0.3389423076923077 0.2247596153846154 0.08413461538461539 0.08413461538461539
0 0.3894230769230769 0.19471153846153846 0.07211538461538461 0.07451923076923077
0 0.4375 0.2439903846153846 0.0625 0.06971153846153846
0 0.4206730769230769 0.21754807692307693 0.052884615384615384 0.055288461538461536
0 0.6538461538461539 0.07572115384615384 0.07211538461538461 0.07692307692307693
0 0.6790865384615384 0.21875 0.06971153846153846 0.07211538461538461
0 0.6394230769230769 0.27403846153846156 0.057692307692307696 0.0625
0 0.5480769230769231 0.3894230769230769 0.07211538461538461 0.07692307692307693
0 0.5240384615384616 0.375 0.07211538461538461 0.07451923076923077
0 0.5396634615384616 0.5060096153846154 0.06490384615384616 0.0673076923076923
0 0.49158653846153844 0.4987980769230769 0.06971153846153846 0.07211538461538461
0 0.42908653846153844 0.6237980769230769 0.08173076923076923 0.08413461538461539
0 0.8064903846153846 0.375 0.10576923076923077 0.10817307692307693
0 0.7584134615384616 0.5 0.09615384615384616 0.09615384615384616
0 0.6923076923076923 0.6141826923076923 0.08413461538461539 0.08653846153846154
0 0.640625 0.6177884615384616 0.07692307692307693 0.07932692307692307
0 0.6153846153846154 0.5492788461538461 0.07692307692307693 0.07692307692307693
0 0.2932692307692308 0.6298076923076923 0.08413461538461539 0.08413461538461539
0 0.2932692307692308 0.7475961538461539 0.0889423076923077 0.09134615384615384
0 0.20432692307692307 0.7860576923076923 0.08413461538461539 0.08413461538461539
0 0.1141826923076923 0.7788461538461539 0.0673076923076923 0.0673076923076923
0 0.8305288461538461 0.5336538461538461 0.07932692307692307 0.08173076923076923
0 0.6069711538461539 0.8557692307692307 0.08653846153846154 0.0889423076923077
0 0.5444711538461539 0.859375 0.08413461538461539 0.08653846153846154
0 0.4987980769230769 0.8545673076923077 0.08653846153846154 0.0889423076923077
0 0.5036057692307693 0.921875 0.07211538461538461 0.06971153846153846
0 0.33413461538461536 0.421875 0.07211538461538461 0.07211538461538461
0 0.020432692307692308 0.5997596153846154 0.040865384615384616 0.07932692307692307
0 0.037259615384615384 0.4543269230769231 0.07451923076923077 0.07692307692307693
0 0.109375 0.2439903846153846 0.055288461538461536 0.055288461538461536
0 0.14423076923076922 0.20552884615384615 0.055288461538461536 0.055288461538461536
0 0.3137019230769231 0.3125 0.04567307692307692 0.04567307692307692
0 0.8004807692307693 0.7223557692307693 0.0673076923076923 0.07211538461538461
0 0.9603365384615384 0.4639423076923077 0.06009615384615385 0.06009615384615385
0 0.28846153846153844 0.203125 0.0889423076923077 0.0889423076923077
0 0.4723557692307692 0.8149038461538461 0.0673076923076923 0.06971153846153846
0 0.4206730769230769 0.23557692307692307 0.055288461538461536 0.06009615384615385