0 0.4579326923076923 0.5841346153846154 0.07932692307692307 0.09134615384615384
0 0.6298076923076923 0.5685096153846154 0.0625 0.06490384615384616
0 0.6670673076923077 0.42427884615384615 0.06009615384615385 0.0625
0 0.5516826923076923 0.4230769230769231 0.0625 0.06490384615384616
0 0.5036057692307693 0.27163461538461536 0.07451923076923077 0.08173076923076923
0 0.5997596153846154 0.23557692307692307 0.052884615384615384 0.06009615384615385
0 0.5889423076923077 0.12860576923076922 0.09134615384615384 0.0985576923076923
0 0.7403846153846154 0.2439903846153846 0.0889423076923077 0.10336538461538461
0 0.44350961538461536 0.22596153846153846 0.07692307692307693 0.07692307692307693
0 0.36538461538461536 0.2920673076923077 0.06971153846153846 0.06971153846153846
0 0.25 0.28125 0.07451923076923077 0.07451923076923077
0 0.14182692307692307 0.40024038461538464 0.09375 0.09615384615384616
0 0.234375 0.17307692307692307 0.0673076923076923 0.07932692307692307
0 0.2704326923076923 0.42788461538461536 0.0673076923076923 0.06490384615384616
0 0.3125 0.6466346153846154 0.06009615384615385 0.06009615384615385
0 0.7860576923076923 0.7716346153846154 0.057692307692307696 0.06009615384615385
0 0.6850961538461539 0.7860576923076923 0.04567307692307692 0.040865384615384616
0 0.7800480769230769 0.5180288461538461 0.07932692307692307 0.08653846153846154
0 0.828125 0.40384615384615385 0.07692307692307693 0.08653846153846154
0 0.6923076923076923 0.5588942307692307 0.0673076923076923 0.07692307692307693
0 0.6466346153846154 0.7487980769230769 0.07932692307692307 0.07692307692307693
0 0.42427884615384615 0.7211538461538461 0.08173076923076923 0.0889423076923077
0 0.109375 0.5709134615384616 0.07932692307692307 0.08173076923076923
0 0.4519230769230769 0.055288461538461536 0.0625 0.06490384615384616
0 0.5612980769230769 0.02283653846153846 0.07932692307692307 0.04567307692307692
0 0.7331730769230769 0.109375 0.09134615384615384 0.10096153846153846
0 0.8605769230769231 0.5733173076923077 0.07692307692307693 0.08653846153846154
0 0.984375 0.6346153846153846 0.03125 0.0625
0 0.9507211538461539 0.59375 0.055288461538461536 0.052884615384615384
0 0.890625 0.484375 0.06971153846153846 0.07932692307692307
0 0.9723557692307693 0.4543269230769231 0.055288461538461536 0.07692307692307693
0 0.984375 0.35096153846153844 0.03125 0.07692307692307693
0 0.6814903846153846 0.890625 0.07451923076923077 0.08173076923076923
0 0.5697115384615384 0.390625 0.0673076923076923 0.07211538461538461