0 0.5372596153846154 0.22235576923076922 0.07932692307692307 0.055288461538461536
0 0.515625 0.27403846153846156 0.052884615384615384 0.07451923076923077
0 0.49759615384615385 0.34615384615384615 0.06971153846153846 0.06490384615384616
0 0.4074519230769231 0.12740384615384615 0.057692307692307696 0.06490384615384616
0 0.4098557692307692 0.056490384615384616 0.057692307692307696 0.07451923076923077
0 0.17908653846153846 0.2668269230769231 0.04807692307692308 0.07692307692307693
0 0.44471153846153844 0.47716346153846156 0.07211538461538461 0.08653846153846154
0 0.4639423076923077 0.5985576923076923 0.0673076923076923 0.09134615384615384
0 0.6466346153846154 0.47716346153846156 0.055288461538461536 0.06971153846153846
0 0.6971153846153846 0.6141826923076923 0.07932692307692307 0.11057692307692307
0 0.9507211538461539 0.2848557692307692 0.0625 0.0985576923076923
0 0.9026442307692307 0.20432692307692307 0.06009615384615385 0.038461538461538464
0 0.8930288461538461 0.13221153846153846 0.04326923076923077 0.06971153846153846
0 0.8737980769230769 0.42427884615384615 0.07451923076923077 0.11298076923076923
0 0.9855769230769231 0.43509615384615385 0.028846153846153848 0.057692307692307696
0 0.9338942307692307 0.609375 0.052884615384615384 0.07932692307692307
0 0.9711538461538461 0.6418269230769231 0.03125 0.057692307692307696
0 0.8161057692307693 0.9783653846153846 0.07451923076923077 0.04326923076923077
0 0.7259615384615384 0.9122596153846154 0.055288461538461536 0.10336538461538461
0 0.6334134615384616 0.9447115384615384 0.06971153846153846 0.06971153846153846
0 0.5661057692307693 0.9026442307692307 0.0673076923076923 0.07932692307692307
0 0.40865384615384615 0.8461538461538461 0.04567307692307692 0.11298076923076923
0 0.24519230769230768 0.7620192307692307 0.06971153846153846 0.09134615384615384
0 0.125 0.7067307692307693 0.08413461538461539 0.08413461538461539
0 0.18990384615384615 0.5408653846153846 0.057692307692307696 0.06009615384615385
0 0.05048076923076923 0.7596153846153846 0.08413461538461539 0.057692307692307696
0 0.06009615384615385 0.8762019230769231 0.0889423076923077 0.09375