0 0.19110576923076922 0.14182692307692307 0.0625 0.07692307692307693
0 0.09495192307692307 0.2091346153846154 0.04326923076923077 0.06971153846153846
0 0.16466346153846154 0.3293269230769231 0.07211538461538461 0.08173076923076923
0 0.14783653846153846 0.4050480769230769 0.06009615384615385 0.07211538461538461
0 0.10096153846153846 0.5685096153846154 0.0625 0.08173076923076923
0 0.07572115384615384 0.5576923076923077 0.06490384615384616 0.09375
0 0.140625 0.6742788461538461 0.0673076923076923 0.0673076923076923
0 0.08653846153846154 0.8185096153846154 0.052884615384615384 0.06490384615384616
0 0.23557692307692307 0.6826923076923077 0.06971153846153846 0.08413461538461539
0 0.28966346153846156 0.7295673076923077 0.07451923076923077 0.07932692307692307
0 0.3449519230769231 0.7043269230769231 0.057692307692307696 0.07451923076923077
0 0.3545673076923077 0.5769230769230769 0.08173076923076923 0.09375
0 0.3545673076923077 0.4387019230769231 0.07451923076923077 0.07211538461538461
0 0.5408653846153846 0.4567307692307692 0.06490384615384616 0.08413461538461539
0 0.4387019230769231 0.5661057692307693 0.07451923076923077 0.10096153846153846
0 0.546875 0.20072115384615385 0.08413461538461539 0.08413461538461539
0 0.5925480769230769 0.1502403846153846 0.06971153846153846 0.08173076923076923
0 0.46033653846153844 0.11177884615384616 0.0625 0.06971153846153846
0 0.3641826923076923 0.16105769230769232 0.0625 0.07932692307692307
0 0.36778846153846156 0.0889423076923077 0.06971153846153846 0.0889423076923077
0 0.5757211538461539 0.2920673076923077 0.055288461538461536 0.0673076923076923
0 0.6550480769230769 0.27283653846153844 0.04326923076923077 0.057692307692307696
0 0.9543269230769231 0.26322115384615385 0.06490384615384616 0.08173076923076923
0 0.4807692307692308 0.7548076923076923 0.08413461538461539 0.0985576923076923
0 0.34375 0.9471153846153846 0.07211538461538461 0.07692307692307693
0 0.6069711538461539 0.8894230769230769 0.07692307692307693 0.09375
0 0.8100961538461539 0.9507211538461539 0.07211538461538461 0.09134615384615384
0 0.5336538461538461 0.6298076923076923 0.09134615384615384 0.11057692307692307
0 0.7872596153846154 0.5384615384615384 0.08413461538461539 0.11538461538461539