0 0.3173076923076923 0.24639423076923078 0.06610576923076923 0.056490384615384616
0 0.11778846153846154 0.25961538461538464 0.05048076923076923 0.05889423076923077
0 0.16826923076923078 0.28846153846153844 0.04807692307692308 0.0733173076923077
0 0.19110576923076922 0.3954326923076923 0.036057692307692304 0.054086538461538464
0 0.17908653846153846 0.4699519230769231 0.057692307692307696 0.05048076923076923
0 0.24519230769230768 0.4675480769230769 0.056490384615384616 0.057692307692307696
0 0.22956730769230768 0.5384615384615384 0.0673076923076923 0.04326923076923077
0 0.3473557692307692 0.5072115384615384 0.052884615384615384 0.0733173076923077
0 0.4074519230769231 0.4639423076923077 0.036057692307692304 0.08653846153846154
0 0.29086538461538464 0.3545673076923077 0.051682692307692304 0.057692307692307696
0 0.25600961538461536 0.21875 0.03365384615384615 0.04567307692307692
0 0.46274038461538464 0.3173076923076923 0.037259615384615384 0.04807692307692308
0 0.484375 0.35697115384615385 0.04447115384615385 0.057692307692307696
0 0.5649038461538461 0.39663461538461536 0.057692307692307696 0.0733173076923077
0 0.5793269230769231 0.33413461538461536 0.039663461538461536 0.0733173076923077
0 0.5432692307692307 0.203125 0.057692307692307696 0.05048076923076923
0 0.47475961538461536 0.21033653846153846 0.054086538461538464 0.04567307692307692
0 0.3786057692307692 0.12139423076923077 0.020432692307692308 0.06971153846153846
0 0.6754807692307693 0.1201923076923077 0.057692307692307696 0.0889423076923077
0 0.7475961538461539 0.140625 0.036057692307692304 0.06370192307692307
0 0.65625 0.3245192307692308 0.03365384615384615 0.04927884615384615
0 0.6838942307692307 0.5456730769230769 0.07451923076923077 0.07211538461538461
0 0.5745192307692307 0.6081730769230769 0.07211538461538461 0.06850961538461539
0 0.4326923076923077 0.5889423076923077 0.039663461538461536 0.04927884615384615
0 0.40384615384615385 0.71875 0.052884615384615384 0.055288461538461536
0 0.3293269230769231 0.7379807692307693 0.08173076923076923 0.055288461538461536
0 0.08653846153846154 0.7103365384615384 0.046875 0.057692307692307696
0 0.15865384615384615 0.7896634615384616 0.07932692307692307 0.08653846153846154
0 0.2692307692307692 0.8557692307692307 0.0673076923076923 0.036057692307692304
0 0.5793269230769231 0.765625 0.06971153846153846 0.0889423076923077
0 0.6358173076923077 0.7163461538461539 0.06971153846153846 0.07091346153846154
0 0.4567307692307692 0.02283653846153846 0.0625 0.030048076923076924
0 0.25240384615384615 0.021634615384615384 0.07572115384615384 0.03365384615384615
0 0.1141826923076923 0.03245192307692308 0.06490384615384616 0.05048076923076923
0 0.018028846153846152 0.640625 0.036057692307692304 0.08653846153846154
0 0.12740384615384615 0.8822115384615384 0.06370192307692307 0.06971153846153846
0 0.23557692307692307 0.9675480769230769 0.07211538461538461 0.051682692307692304
0 0.3629807692307692 0.9026442307692307 0.056490384615384616 0.04326923076923077
0 0.7475961538461539 0.3425480769230769 0.027644230769230768 0.09014423076923077
0 0.8197115384615384 0.4110576923076923 0.07692307692307693 0.0733173076923077
0 0.8353365384615384 0.5925480769230769 0.05048076923076923 0.07211538461538461
0 0.8990384615384616 0.5540865384615384 0.04807692307692308 0.09254807692307693
0 0.9663461538461539 0.6141826923076923 0.026442307692307692 0.06850961538461539
0 0.8605769230769231 0.2668269230769231 0.03245192307692308 0.08774038461538461
0 0.6081730769230769 0.03245192307692308 0.04807692307692308 0.030048076923076924
0 0.5024038461538461 0.16826923076923078 0.056490384615384616 0.040865384615384616
0 0.6129807692307693 0.25 0.055288461538461536 0.09495192307692307
0 0.3762019230769231 0.4723557692307692 0.01201923076923077 0.08052884615384616
0 0.7752403846153846 0.27884615384615385 0.03245192307692308 0.06971153846153846
0 0.7752403846153846 0.22355769230769232 0.04567307692307692 0.04326923076923077
0 0.4651442307692308 0.9122596153846154 0.052884615384615384 0.11778846153846154
0 0.3449519230769231 0.9783653846153846 0.03485576923076923 0.037259615384615384