0 0.42908653846153844 0.4074519230769231 0.0673076923076923 0.12740384615384615
0 0.39783653846153844 0.5444711538461539 0.0673076923076923 0.10096153846153846
0 0.36778846153846156 0.6983173076923077 0.06490384615384616 0.11057692307692307
0 0.47716346153846156 0.6754807692307693 0.052884615384615384 0.11538461538461539
0 0.5420673076923077 0.6141826923076923 0.052884615384615384 0.09375
0 0.6189903846153846 0.6730769230769231 0.07932692307692307 0.09375
0 0.7800480769230769 0.5829326923076923 0.07211538461538461 0.10336538461538461
0 0.9399038461538461 0.7295673076923077 0.08173076923076923 0.08653846153846154
0 0.9579326923076923 0.8161057692307693 0.06971153846153846 0.08413461538461539
0 0.9314903846153846 0.53125 0.0673076923076923 0.10576923076923077
0 0.8329326923076923 0.31490384615384615 0.0889423076923077 0.07692307692307693
0 0.6802884615384616 0.9038461538461539 0.07932692307692307 0.12980769230769232
0 0.36177884615384615 0.9314903846153846 0.0673076923076923 0.0673076923076923
0 0.08413461538461539 0.7427884615384616 0.07451923076923077 0.07692307692307693
0 0.12860576923076922 0.5805288461538461 0.0625 0.11298076923076923
0 0.13341346153846154 0.18028846153846154 0.052884615384615384 0.07692307692307693
0 0.039663461538461536 0.10697115384615384 0.04326923076923077 0.07932692307692307
0 0.31971153846153844 0.056490384615384616 0.09134615384615384 0.08413461538461539
0 0.3088942307692308 0.40865384615384615 0.07211538461538461 0.11538461538461539
0 0.3088942307692308 0.5504807692307693 0.07932692307692307 0.09375
0 0.5144230769230769 0.44350961538461536 0.09375 0.10817307692307693
0 0.4483173076923077 0.0625 0.07211538461538461 0.1201923076923077
0 0.9290865384615384 0.4026442307692308 0.10096153846153846 0.13942307692307693