0 0.3954326923076923 0.5829326923076923 0.026442307692307692 0.06490384615384616
0 0.3245192307692308 0.5444711538461539 0.04326923076923077 0.06490384615384616
0 0.5444711538461539 0.4495192307692308 0.028846153846153848 0.06490384615384616
0 0.3581730769230769 0.8822115384615384 0.03365384615384615 0.06971153846153846
0 0.31850961538461536 0.8173076923076923 0.036057692307692304 0.052884615384615384
0 0.203125 0.6057692307692307 0.03365384615384615 0.06490384615384616
0 0.23076923076923078 0.6550480769230769 0.036057692307692304 0.019230769230769232
0 0.15384615384615385 0.4110576923076923 0.04567307692307692 0.040865384615384616
0 0.2283653846153846 0.3449519230769231 0.038461538461538464 0.052884615384615384
0 0.1502403846153846 0.29927884615384615 0.038461538461538464 0.0625
0 0.078125 0.33052884615384615 0.03365384615384615 0.038461538461538464
0 0.6310096153846154 0.09615384615384616 0.04807692307692308 0.04567307692307692
0 0.7427884615384616 0.09014423076923077 0.03365384615384615 0.05048076923076923
0 0.7271634615384616 0.5432692307692307 0.038461538461538464 0.06490384615384616
0 0.6802884615384616 0.7716346153846154 0.040865384615384616 0.0625
0 0.5769230769230769 0.8653846153846154 0.040865384615384616 0.052884615384615384
0 0.5324519230769231 0.7692307692307693 0.036057692307692304 0.06490384615384616
0 0.5733173076923077 0.9627403846153846 0.03365384615384615 0.0625
0 0.8677884615384616 0.5576923076923077 0.026442307692307692 0.055288461538461536
0 0.9242788461538461 0.7512019230769231 0.040865384615384616 0.07451923076923077
0 0.7055288461538461 0.6057692307692307 0.036057692307692304 0.06009615384615385
0 0.7379807692307693 0.39663461538461536 0.040865384615384616 0.05048076923076923
0 0.25600961538461536 0.2439903846153846 0.028846153846153848 0.036057692307692304
0 0.028846153846153848 0.16706730769230768 0.04567307692307692 0.05048076923076923
0 0.08533653846153846 0.056490384615384616 0.02403846153846154 0.052884615384615384
0 0.3858173076923077 0.390625 0.036057692307692304 0.06009615384615385
0 0.36538461538461536 0.44350961538461536 0.036057692307692304 0.06009615384615385
0 0.2620192307692308 0.47475961538461536 0.036057692307692304 0.052884615384615384
0 0.15985576923076922 0.53125 0.052884615384615384 0.07932692307692307
0 0.7980769230769231 0.7367788461538461 0.04807692307692308 0.0673076923076923
0 0.8461538461538461 0.6394230769230769 0.03365384615384615 0.07451923076923077
0 0.8846153846153846 0.3245192307692308 0.057692307692307696 0.06009615384615385
0 0.9242788461538461 0.3581730769230769 0.04807692307692308 0.06971153846153846
0 0.7103365384615384 0.8377403846153846 0.026442307692307692 0.06971153846153846
0 0.7548076923076923 0.9627403846153846 0.04326923076923077 0.0673076923076923
0 0.8016826923076923 0.8858173076923077 0.028846153846153848 0.057692307692307696
0 0.4879807692307692 0.8942307692307693 0.052884615384615384 0.06971153846153846
0 0.45072115384615385 0.9194711538461539 0.04807692307692308 0.04567307692307692
0 0.38822115384615385 0.7956730769230769 0.04326923076923077 0.07451923076923077
0 0.33413461538461536 0.7692307692307693 0.04567307692307692 0.07932692307692307
0 0.24278846153846154 0.8112980769230769 0.038461538461538464 0.06490384615384616
0 0.2668269230769231 0.9435096153846154 0.026442307692307692 0.06971153846153846
0 0.4326923076923077 0.5733173076923077 0.026442307692307692 0.052884615384615384
0 0.453125 0.6045673076923077 0.040865384615384616 0.038461538461538464
0 0.484375 0.5913461538461539 0.04326923076923077 0.08173076923076923
0 0.35096153846153844 0.29447115384615385 0.05048076923076923 0.06490384615384616
0 0.3737980769230769 0.19110576923076922 0.03125 0.07932692307692307
0 0.04927884615384615 0.28846153846153844 0.05048076923076923 0.04807692307692308
0 0.06009615384615385 0.15384615384615385 0.036057692307692304 0.038461538461538464
0 0.6538461538461539 0.3389423076923077 0.040865384615384616 0.05048076923076923
0 0.5853365384615384 0.43509615384615385 0.028846153846153848 0.07692307692307693
0 0.6322115384615384 0.5492788461538461 0.04807692307692308 0.0625
0 0.7127403846153846 0.1201923076923077 0.04326923076923077 0.040865384615384616