0 0.3762019230769231 0.5456730769230769 0.06129807692307692 0.07211538461538461
0 0.39302884615384615 0.6478365384615384 0.06129807692307692 0.05048076923076923
0 0.5036057692307693 0.6850961538461539 0.09254807692307693 0.04807692307692308
0 0.5697115384615384 0.30528846153846156 0.125 0.055288461538461536
0 0.4831730769230769 0.12860576923076922 0.0889423076923077 0.04807692307692308
0 0.6358173076923077 0.09134615384615384 0.09375 0.04927884615384615
0 0.33052884615384615 0.09375 0.056490384615384616 0.05048076923076923
0 0.24278846153846154 0.3557692307692308 0.06610576923076923 0.042067307692307696
0 0.19831730769230768 0.5444711538461539 0.078125 0.0673076923076923
0 0.44711538461538464 0.4411057692307692 0.057692307692307696 0.06009615384615385
0 0.7091346153846154 0.36538461538461536 0.05889423076923077 0.04807692307692308
0 0.9639423076923077 0.31971153846153844 0.06009615384615385 0.109375
0 0.4735576923076923 0.03365384615384615 0.054086538461538464 0.05889423076923077
0 0.3762019230769231 0.8221153846153846 0.08413461538461539 0.09495192307692307
0 0.375 0.7283653846153846 0.06009615384615385 0.0889423076923077
0 0.5048076923076923 0.5084134615384616 0.03485576923076923 0.08173076923076923
0 0.5564903846153846 0.5204326923076923 0.052884615384615384 0.07572115384615384
0 0.5120192307692307 0.734375 0.04326923076923077 0.0673076923076923