0 0.29086538461538464 0.17668269230769232 0.10817307692307693 0.10817307692307693
0 0.35096153846153844 0.10336538461538461 0.06490384615384616 0.06490384615384616
0 0.14182692307692307 0.2704326923076923 0.0889423076923077 0.0889423076923077
0 0.007211538461538462 0.3581730769230769 0.014423076923076924 0.0673076923076923
0 0.030048076923076924 0.6694711538461539 0.06009615384615385 0.06971153846153846
0 0.27884615384615385 0.39302884615384615 0.07692307692307693 0.07692307692307693
0 0.36177884615384615 0.4411057692307692 0.08653846153846154 0.08653846153846154
0 0.4266826923076923 0.7055288461538461 0.07451923076923077 0.07451923076923077
0 0.6947115384615384 0.8353365384615384 0.08173076923076923 0.08173076923076923
0 0.9314903846153846 0.5961538461538461 0.08173076923076923 0.08173076923076923
0 0.9831730769230769 0.6490384615384616 0.03365384615384615 0.07211538461538461
0 0.421875 0.9855769230769231 0.08413461538461539 0.028846153846153848
0 0.3004807692307692 0.6826923076923077 0.08653846153846154 0.08653846153846154
0 0.1346153846153846 0.6526442307692307 0.08413461538461539 0.08413461538461539
0 0.057692307692307696 0.7199519230769231 0.06971153846153846 0.06971153846153846
0 0.515625 0.19471153846153846 0.0889423076923077 0.0889423076923077
0 0.6382211538461539 0.34375 0.07451923076923077 0.07451923076923077
0 0.7536057692307693 0.40625 0.07451923076923077 0.07451923076923077
0 0.6598557692307693 0.45913461538461536 0.06971153846153846 0.06971153846153846
0 0.42788461538461536 0.3269230769230769 0.0889423076923077 0.0889423076923077
0 0.4639423076923077 0.28966346153846156 0.07451923076923077 0.07451923076923077
0 0.2608173076923077 0.31490384615384615 0.08413461538461539 0.08413461538461539
0 0.4206730769230769 0.4651442307692308 0.09615384615384616 0.09615384615384616
0 0.27403846153846156 0.46274038461538464 0.0673076923076923 0.0673076923076923
0 0.4098557692307692 0.6141826923076923 0.07932692307692307 0.07932692307692307
0 0.3858173076923077 0.59375 0.055288461538461536 0.055288461538461536
0 0.8485576923076923 0.6634615384615384 0.11778846153846154 0.11778846153846154
0 0.9891826923076923 0.6706730769230769 0.021634615384615384 0.07211538461538461
0 0.5949519230769231 0.8449519230769231 0.125 0.125
0 0.6105769230769231 0.9615384615384616 0.10096153846153846 0.07692307692307693
0 0.2127403846153846 0.7548076923076923 0.09375 0.09375
0 0.18389423076923078 0.7307692307692307 0.10336538461538461 0.10336538461538461