0 0.19591346153846154 0.15865384615384615 0.026442307692307692 0.0673076923076923
0 0.171875 0.14903846153846154 0.042067307692307696 0.04326923076923077
0 0.10096153846153846 0.12980769230769232 0.030048076923076924 0.025240384615384616
0 0.10096153846153846 0.16826923076923078 0.03245192307692308 0.037259615384615384
0 0.22235576923076922 0.24879807692307693 0.03365384615384615 0.028846153846153848
0 0.22596153846153846 0.3293269230769231 0.03485576923076923 0.036057692307692304
0 0.22596153846153846 0.4206730769230769 0.02283653846153846 0.07211538461538461
0 0.26322115384615385 0.4411057692307692 0.03365384615384615 0.020432692307692308
0 0.2608173076923077 0.49399038461538464 0.038461538461538464 0.04326923076923077
0 0.24879807692307693 0.5372596153846154 0.028846153846153848 0.046875
0 0.21995192307692307 0.4735576923076923 0.020432692307692308 0.038461538461538464
0 0.18028846153846154 0.45072115384615385 0.038461538461538464 0.04447115384615385
0 0.18509615384615385 0.5084134615384616 0.028846153846153848 0.036057692307692304
0 0.20192307692307693 0.5444711538461539 0.03245192307692308 0.02403846153846154
0 0.18269230769230768 0.5769230769230769 0.03125 0.04567307692307692
0 0.203125 0.6478365384615384 0.028846153846153848 0.054086538461538464
0 0.21394230769230768 0.7211538461538461 0.036057692307692304 0.057692307692307696
0 0.265625 0.6995192307692307 0.02403846153846154 0.04927884615384615
0 0.22956730769230768 0.8016826923076923 0.025240384615384616 0.07211538461538461
0 0.18389423076923078 0.8329326923076923 0.02403846153846154 0.03485576923076923
0 0.16466346153846154 0.8605769230769231 0.03365384615384615 0.026442307692307692
0 0.15264423076923078 0.7283653846153846 0.02283653846153846 0.054086538461538464
0 0.1310096153846154 0.7259615384615384 0.014423076923076924 0.06490384615384616
0 0.11538461538461539 0.5841346153846154 0.02283653846153846 0.056490384615384616
0 0.2920673076923077 0.8473557692307693 0.03485576923076923 0.04807692307692308
0 0.33052884615384615 0.8257211538461539 0.015625 0.037259615384615384
0 0.35096153846153844 0.8473557692307693 0.030048076923076924 0.037259615384615384
0 0.36899038461538464 0.8810096153846154 0.02403846153846154 0.03245192307692308
0 0.3894230769230769 0.9110576923076923 0.03485576923076923 0.052884615384615384
0 0.36778846153846156 0.46274038461538464 0.030048076923076924 0.037259615384615384
0 0.375 0.3076923076923077 0.03485576923076923 0.02403846153846154
0 0.3942307692307692 0.20192307692307693 0.026442307692307692 0.040865384615384616
0 0.4098557692307692 0.2403846153846154 0.027644230769230768 0.04807692307692308
0 0.4338942307692308 0.16346153846153846 0.03125 0.038461538461538464
0 0.5012019230769231 0.12740384615384615 0.027644230769230768 0.042067307692307696
0 0.6574519230769231 0.22235576923076922 0.028846153846153848 0.028846153846153848
0 0.6778846153846154 0.15865384615384615 0.028846153846153848 0.042067307692307696
0 0.6334134615384616 0.2247596153846154 0.028846153846153848 0.051682692307692304
0 0.5841346153846154 0.2668269230769231 0.025240384615384616 0.07211538461538461
0 0.5084134615384616 0.33653846153846156 0.027644230769230768 0.03485576923076923
0 0.4795673076923077 0.39903846153846156 0.02283653846153846 0.042067307692307696
0 0.47596153846153844 0.45913461538461536 0.025240384615384616 0.04447115384615385
0 0.44711538461538464 0.5420673076923077 0.026442307692307692 0.055288461538461536
0 0.3894230769230769 0.5961538461538461 0.038461538461538464 0.04447115384615385
0 0.3918269230769231 0.71875 0.028846153846153848 0.07692307692307693
0 0.47115384615384615 0.7776442307692307 0.03125 0.051682692307692304
0 0.6622596153846154 0.9074519230769231 0.04326923076923077 0.055288461538461536
0 0.53125 0.8509615384615384 0.02403846153846154 0.051682692307692304
0 0.48197115384615385 0.8545673076923077 0.019230769230769232 0.038461538461538464
0 0.47475961538461536 0.8834134615384616 0.025240384615384616 0.030048076923076924
0 0.46634615384615385 0.8990384615384616 0.026442307692307692 0.036057692307692304
0 0.6262019230769231 0.5528846153846154 0.019230769230769232 0.054086538461538464
0 0.6021634615384616 0.6706730769230769 0.03365384615384615 0.06370192307692307
0 0.5216346153846154 0.5276442307692307 0.020432692307692308 0.04807692307692308
0 0.47836538461538464 0.6117788461538461 0.03365384615384615 0.055288461538461536
0 0.7175480769230769 0.33533653846153844 0.040865384615384616 0.052884615384615384
0 0.37259615384615385 0.2644230769230769 0.030048076923076924 0.03485576923076923
0 0.47475961538461536 0.28846153846153844 0.026442307692307692 0.04807692307692308
0 0.3858173076923077 0.12259615384615384 0.03485576923076923 0.04807692307692308
0 0.34134615384615385 0.36177884615384615 0.03365384615384615 0.04567307692307692
0 0.7355769230769231 0.20432692307692307 0.057692307692307696 0.07211538461538461