0 0.1971153846153846 0.08173076923076923 0.020432692307692308 0.040865384615384616
0 0.22115384615384615 0.09375 0.021634615384615384 0.056490384615384616
0 0.12379807692307693 0.054086538461538464 0.042067307692307696 0.037259615384615384
0 0.2536057692307692 0.18629807692307693 0.03365384615384615 0.037259615384615384
0 0.25600961538461536 0.2824519230769231 0.054086538461538464 0.030048076923076924
0 0.25721153846153844 0.3762019230769231 0.03485576923076923 0.051682692307692304
0 0.7427884615384616 0.1045673076923077 0.03125 0.06370192307692307
0 0.7247596153846154 0.1778846153846154 0.025240384615384616 0.040865384615384616
0 0.6983173076923077 0.18629807692307693 0.03125 0.055288461538461536
0 0.7764423076923077 0.296875 0.039663461538461536 0.0625
0 0.6418269230769231 0.21754807692307693 0.02403846153846154 0.07091346153846154
0 0.5528846153846154 0.07572115384615384 0.028846153846153848 0.056490384615384616
0 0.5637019230769231 0.2800480769230769 0.026442307692307692 0.046875
0 0.5252403846153846 0.3629807692307692 0.037259615384615384 0.042067307692307696
0 0.5168269230769231 0.4254807692307692 0.016826923076923076 0.04807692307692308
0 0.5721153846153846 0.5012019230769231 0.030048076923076924 0.046875
0 0.49038461538461536 0.5144230769230769 0.037259615384615384 0.04927884615384615
0 0.5144230769230769 0.5853365384615384 0.019230769230769232 0.04807692307692308
0 0.6538461538461539 0.6514423076923077 0.027644230769230768 0.057692307692307696
0 0.7115384615384616 0.8930288461538461 0.038461538461538464 0.039663461538461536
0 0.5721153846153846 0.8293269230769231 0.04447115384615385 0.03245192307692308
0 0.5108173076923077 0.8509615384615384 0.027644230769230768 0.06971153846153846
0 0.5096153846153846 0.7596153846153846 0.038461538461538464 0.046875
0 0.4326923076923077 0.6935096153846154 0.026442307692307692 0.06610576923076923
0 0.421875 0.5721153846153846 0.03365384615384615 0.04326923076923077
0 0.39903846153846156 0.49038461538461536 0.038461538461538464 0.054086538461538464
0 0.4050480769230769 0.4230769230769231 0.03245192307692308 0.06009615384615385
0 0.37740384615384615 0.32211538461538464 0.04927884615384615 0.054086538461538464
0 0.41225961538461536 0.25721153846153844 0.030048076923076924 0.056490384615384616
0 0.40865384615384615 0.2091346153846154 0.028846153846153848 0.056490384615384616
0 0.4495192307692308 0.19591346153846154 0.030048076923076924 0.04807692307692308
0 0.4326923076923077 0.15264423076923078 0.036057692307692304 0.03125
0 0.47596153846153844 0.0985576923076923 0.03365384615384615 0.06610576923076923
0 0.3016826923076923 0.38822115384615385 0.026442307692307692 0.038461538461538464
0 0.2920673076923077 0.4579326923076923 0.027644230769230768 0.02403846153846154
0 0.2824519230769231 0.5012019230769231 0.027644230769230768 0.04326923076923077
0 0.2548076923076923 0.4338942307692308 0.025240384615384616 0.0625
0 0.2127403846153846 0.46033653846153844 0.03485576923076923 0.042067307692307696
0 0.21033653846153846 0.4050480769230769 0.027644230769230768 0.039663461538461536
0 0.23317307692307693 0.4963942307692308 0.040865384615384616 0.038461538461538464
0 0.2091346153846154 0.5336538461538461 0.026442307692307692 0.03485576923076923
0 0.22956730769230768 0.6153846153846154 0.03485576923076923 0.020432692307692308
0 0.17668269230769232 0.6875 0.025240384615384616 0.07451923076923077
0 0.15745192307692307 0.6862980769230769 0.013221153846153846 0.0625
0 0.20552884615384615 0.8016826923076923 0.03485576923076923 0.03245192307692308
0 0.1971153846153846 0.828125 0.037259615384615384 0.039663461538461536
0 0.17427884615384615 0.8798076923076923 0.036057692307692304 0.037259615384615384
0 0.23197115384615385 0.8846153846153846 0.025240384615384616 0.040865384615384616
0 0.2608173076923077 0.765625 0.014423076923076924 0.051682692307692304
0 0.23557692307692307 0.6983173076923077 0.025240384615384616 0.051682692307692304
0 0.14182692307692307 0.5528846153846154 0.036057692307692304 0.040865384615384616
0 0.14302884615384615 0.39663461538461536 0.036057692307692304 0.09134615384615384
0 0.12860576923076922 0.109375 0.04326923076923077 0.06009615384615385
0 0.38221153846153844 0.8149038461538461 0.027644230769230768 0.04807692307692308
0 0.4014423076923077 0.8605769230769231 0.020432692307692308 0.042067307692307696
0 0.4266826923076923 0.8846153846153846 0.038461538461538464 0.030048076923076924
0 0.3605769230769231 0.796875 0.02403846153846154 0.06370192307692307
0 0.3161057692307692 0.8185096153846154 0.03485576923076923 0.06850961538461539
0 0.3004807692307692 0.6586538461538461 0.03245192307692308 0.078125
0 0.5216346153846154 0.23798076923076922 0.02403846153846154 0.04807692307692308
0 0.43149038461538464 0.057692307692307696 0.03485576923076923 0.046875
0 0.2704326923076923 0.6959134615384616 0.037259615384615384 0.06009615384615385
0 0.8100961538461539 0.17548076923076922 0.05889423076923077 0.06850961538461539
0 0.6766826923076923 0.5228365384615384 0.037259615384615384 0.0625
0 0.8040865384615384 0.6790865384615384 0.03365384615384615 0.052884615384615384