0 0.3942307692307692 0.5456730769230769 0.0625 0.06971153846153846
0 0.38461538461538464 0.4987980769230769 0.06009615384615385 0.06971153846153846
0 0.4723557692307692 0.4543269230769231 0.06490384615384616 0.07692307692307693
0 0.5132211538461539 0.5673076923076923 0.07932692307692307 0.08413461538461539
0 0.6237980769230769 0.35216346153846156 0.04567307692307692 0.04567307692307692
0 0.6730769230769231 0.22956730769230768 0.04807692307692308 0.052884615384615384
0 0.6478365384615384 0.29086538461538464 0.04326923076923077 0.04807692307692308
0 0.515625 0.25841346153846156 0.06009615384615385 0.0673076923076923
0 0.4026442307692308 0.35216346153846156 0.052884615384615384 0.06490384615384616
0 0.31971153846153844 0.5841346153846154 0.07451923076923077 0.07692307692307693
0 0.2764423076923077 0.7175480769230769 0.06009615384615385 0.0673076923076923
0 0.26322115384615385 0.7992788461538461 0.04567307692307692 0.06009615384615385
0 0.234375 0.8341346153846154 0.04567307692307692 0.05048076923076923
0 0.21875 0.890625 0.057692307692307696 0.057692307692307696
0 0.4675480769230769 0.8076923076923077 0.07211538461538461 0.08173076923076923
0 0.4807692307692308 0.9194711538461539 0.07932692307692307 0.09134615384615384
0 0.7487980769230769 0.9338942307692307 0.05048076923076923 0.055288461538461536
0 0.6622596153846154 0.9338942307692307 0.05048076923076923 0.052884615384615384
0 0.6514423076923077 0.8954326923076923 0.04567307692307692 0.038461538461538464
0 0.5889423076923077 0.9471153846153846 0.057692307692307696 0.0625
0 0.7283653846153846 0.8305288461538461 0.04807692307692308 0.057692307692307696
0 0.9338942307692307 0.6045673076923077 0.06009615384615385 0.0673076923076923
0 0.8918269230769231 0.5600961538461539 0.06490384615384616 0.07932692307692307
0 0.9314903846153846 0.44711538461538464 0.06490384615384616 0.057692307692307696
0 0.7632211538461539 0.36658653846153844 0.057692307692307696 0.0625
0 0.7463942307692307 0.3473557692307692 0.04807692307692308 0.052884615384615384
0 0.7259615384615384 0.3016826923076923 0.0673076923076923 0.06971153846153846
0 0.6742788461538461 0.38461538461538464 0.05048076923076923 0.057692307692307696
0 0.6502403846153846 0.4050480769230769 0.03365384615384615 0.040865384615384616
0 0.6466346153846154 0.375 0.05048076923076923 0.057692307692307696
0 0.59375 0.5048076923076923 0.06009615384615385 0.0625
0 0.34975961538461536 0.49759615384615385 0.038461538461538464 0.04326923076923077
0 0.27163461538461536 0.009615384615384616 0.057692307692307696 0.019230769230769232
0 0.6550480769230769 0.4963942307692308 0.0625 0.06490384615384616
0 0.6610576923076923 0.6983173076923077 0.0673076923076923 0.07211538461538461
0 0.7139423076923077 0.7740384615384616 0.057692307692307696 0.06971153846153846
0 0.109375 0.2283653846153846 0.0889423076923077 0.10096153846153846
0 0.5925480769230769 0.31971153846153844 0.0673076923076923 0.07451923076923077
0 0.5841346153846154 0.28966346153846156 0.05048076923076923 0.06009615384615385