0 0.21033653846153846 0.5192307692307693 0.06009615384615385 0.055288461538461536
0 0.28846153846153844 0.6189903846153846 0.052884615384615384 0.05889423076923077
0 0.3858173076923077 0.7223557692307693 0.039663461538461536 0.052884615384615384
0 0.41947115384615385 0.7752403846153846 0.0625 0.040865384615384616
0 0.5240384615384616 0.7764423076923077 0.027644230769230768 0.04326923076923077
0 0.5492788461538461 0.8822115384615384 0.04326923076923077 0.056490384615384616
0 0.6646634615384616 0.5300480769230769 0.05048076923076923 0.08173076923076923
0 0.6935096153846154 0.4230769230769231 0.026442307692307692 0.055288461538461536
0 0.6454326923076923 0.28125 0.056490384615384616 0.056490384615384616
0 0.6899038461538461 0.23076923076923078 0.04447115384615385 0.04326923076923077
0 0.7259615384615384 0.2091346153846154 0.042067307692307696 0.05889423076923077
0 0.6838942307692307 0.1201923076923077 0.05048076923076923 0.052884615384615384
0 0.5324519230769231 0.3581730769230769 0.037259615384615384 0.055288461538461536
0 0.4795673076923077 0.4483173076923077 0.038461538461538464 0.04326923076923077
0 0.2956730769230769 0.3449519230769231 0.036057692307692304 0.037259615384615384
0 0.9242788461538461 0.43509615384615385 0.055288461538461536 0.05889423076923077
0 0.8786057692307693 0.5985576923076923 0.054086538461538464 0.0625
0 0.9098557692307693 0.6490384615384616 0.04807692307692308 0.054086538461538464