0 0.5096153846153846 0.13822115384615385 0.039663461538461536 0.07091346153846154
0 0.5889423076923077 0.18629807692307693 0.051682692307692304 0.078125
0 0.3317307692307692 0.32211538461538464 0.05048076923076923 0.07572115384615384
0 0.10697115384615384 0.10336538461538461 0.052884615384615384 0.08173076923076923
0 0.28125 0.038461538461538464 0.05889423076923077 0.04927884615384615
0 0.12980769230769232 0.42788461538461536 0.030048076923076924 0.04447115384615385
0 0.1875 0.8966346153846154 0.06610576923076923 0.07692307692307693
0 0.8461538461538461 0.5276442307692307 0.039663461538461536 0.06490384615384616
0 0.9086538461538461 0.43509615384615385 0.03365384615384615 0.08173076923076923
0 0.7475961538461539 0.5096153846153846 0.039663461538461536 0.07572115384615384
0 0.7920673076923077 0.1502403846153846 0.04927884615384615 0.08653846153846154
0 0.41586538461538464 0.25721153846153844 0.04927884615384615 0.13701923076923078
0 0.7307692307692307 0.6622596153846154 0.07572115384615384 0.07211538461538461
0 0.8641826923076923 0.6262019230769231 0.03125 0.07692307692307693
0 0.9375 0.5084134615384616 0.04807692307692308 0.07692307692307693
0 0.9771634615384616 0.5240384615384616 0.03245192307692308 0.09134615384615384
0 0.38100961538461536 0.9182692307692307 0.036057692307692304 0.0625
0 0.44711538461538464 0.9735576923076923 0.020432692307692308 0.04807692307692308
0 0.49399038461538464 0.9759615384615384 0.026442307692307692 0.042067307692307696
0 0.5336538461538461 0.9711538461538461 0.027644230769230768 0.042067307692307696
0 0.8221153846153846 0.6213942307692307 0.039663461538461536 0.06610576923076923
0 0.8149038461538461 0.4567307692307692 0.038461538461538464 0.0673076923076923
0 0.6911057692307693 0.05048076923076923 0.039663461538461536 0.09134615384615384
0 0.8149038461538461 0.03245192307692308 0.04447115384615385 0.057692307692307696
0 0.8497596153846154 0.026442307692307692 0.03365384615384615 0.04447115384615385
0 0.19471153846153846 0.055288461538461536 0.06009615384615385 0.09375