0 0.18870192307692307 0.390625 0.04807692307692308 0.04807692307692308
0 0.1466346153846154 0.26802884615384615 0.030048076923076924 0.0829326923076923
0 0.12139423076923077 0.24519230769230768 0.042067307692307696 0.040865384615384616
0 0.020432692307692308 0.21875 0.039663461538461536 0.054086538461538464
0 0.021634615384615384 0.27524038461538464 0.036057692307692304 0.04326923076923077
0 0.12620192307692307 0.46153846153846156 0.019230769230769232 0.040865384615384616
0 0.19831730769230768 0.49759615384615385 0.039663461538461536 0.054086538461538464
0 0.19591346153846154 0.6394230769230769 0.037259615384615384 0.054086538461538464
0 0.1875 0.7055288461538461 0.04447115384615385 0.052884615384615384
0 0.13341346153846154 0.6694711538461539 0.04326923076923077 0.04807692307692308
0 0.1346153846153846 0.7487980769230769 0.042067307692307696 0.036057692307692304
0 0.037259615384615384 0.6478365384615384 0.037259615384615384 0.0673076923076923
0 0.03485576923076923 0.8485576923076923 0.027644230769230768 0.078125
0 0.12620192307692307 0.8389423076923077 0.03245192307692308 0.06129807692307692
0 0.15745192307692307 0.9423076923076923 0.03485576923076923 0.051682692307692304
0 0.15504807692307693 0.8088942307692307 0.04567307692307692 0.05048076923076923
0 0.21995192307692307 0.7944711538461539 0.04807692307692308 0.055288461538461536
0 0.2439903846153846 0.7355769230769231 0.039663461538461536 0.046875
0 0.24519230769230768 0.6430288461538461 0.04447115384615385 0.0625
0 0.3581730769230769 0.5324519230769231 0.056490384615384616 0.052884615384615384
0 0.4014423076923077 0.47596153846153844 0.030048076923076924 0.052884615384615384
0 0.4014423076923077 0.40625 0.04807692307692308 0.051682692307692304
0 0.453125 0.37740384615384615 0.028846153846153848 0.042067307692307696
0 0.4375 0.33533653846153844 0.04567307692307692 0.06129807692307692
0 0.4879807692307692 0.2704326923076923 0.042067307692307696 0.04927884615384615
0 0.5877403846153846 0.23076923076923078 0.05048076923076923 0.08653846153846154
0 0.5913461538461539 0.5036057692307693 0.055288461538461536 0.046875
0 0.5444711538461539 0.6033653846153846 0.026442307692307692 0.05889423076923077
0 0.5360576923076923 0.6790865384615384 0.03245192307692308 0.054086538461538464
0 0.4963942307692308 0.8016826923076923 0.028846153846153848 0.0625
0 0.41586538461538464 0.8701923076923077 0.04807692307692308 0.07572115384615384
0 0.37740384615384615 0.7728365384615384 0.04447115384615385 0.06370192307692307
0 0.39302884615384615 0.6778846153846154 0.04447115384615385 0.040865384615384616
0 0.5348557692307693 0.8966346153846154 0.042067307692307696 0.05048076923076923
0 0.5973557692307693 0.7944711538461539 0.038461538461538464 0.07932692307692307
0 0.7091346153846154 0.41947115384615385 0.04567307692307692 0.055288461538461536
0 0.78125 0.38341346153846156 0.037259615384615384 0.06009615384615385
0 0.8100961538461539 0.38221153846153844 0.03485576923076923 0.052884615384615384
0 0.8449519230769231 0.3004807692307692 0.037259615384615384 0.07572115384615384
0 0.8858173076923077 0.5372596153846154 0.039663461538461536 0.06490384615384616
0 0.7163461538461539 0.9783653846153846 0.036057692307692304 0.028846153846153848
0 0.7548076923076923 0.8377403846153846 0.037259615384615384 0.08413461538461539
0 0.5456730769230769 0.44471153846153844 0.03245192307692308 0.04927884615384615
0 0.42908653846153844 0.20793269230769232 0.04326923076923077 0.046875
0 0.9242788461538461 0.3786057692307692 0.07091346153846154 0.08052884615384616