0 0.6262019230769231 0.2548076923076923 0.0673076923076923 0.07211538461538461
0 0.5588942307692307 0.2548076923076923 0.055288461538461536 0.055288461538461536
0 0.5480769230769231 0.3389423076923077 0.038461538461538464 0.04807692307692308
0 0.53125 0.3701923076923077 0.057692307692307696 0.06009615384615385
0 0.5168269230769231 0.44711538461538464 0.06490384615384616 0.06971153846153846
0 0.5745192307692307 0.4879807692307692 0.0625 0.0673076923076923
0 0.6045673076923077 0.5408653846153846 0.0673076923076923 0.06971153846153846
0 0.7992788461538461 0.4387019230769231 0.052884615384615384 0.055288461538461536
0 0.9182692307692307 0.45552884615384615 0.05048076923076923 0.04567307692307692
0 0.9795673076923077 0.38341346153846156 0.040865384615384616 0.055288461538461536
0 0.9579326923076923 0.5552884615384616 0.0673076923076923 0.07451923076923077
0 0.9891826923076923 0.5817307692307693 0.021634615384615384 0.0625
0 0.90625 0.5420673076923077 0.052884615384615384 0.06490384615384616
0 0.7764423076923077 0.625 0.07211538461538461 0.08173076923076923
0 0.7367788461538461 0.8173076923076923 0.055288461538461536 0.06009615384615385
0 0.6766826923076923 0.9543269230769231 0.08653846153846154 0.0889423076923077
0 0.703125 0.8701923076923077 0.052884615384615384 0.055288461538461536
0 0.7439903846153846 0.9290865384615384 0.0625 0.06490384615384616
0 0.7704326923076923 0.9735576923076923 0.05048076923076923 0.052884615384615384
0 0.7439903846153846 0.9771634615384616 0.05048076923076923 0.04567307692307692
0 0.7920673076923077 0.8389423076923077 0.0673076923076923 0.08413461538461539
0 0.8509615384615384 0.7716346153846154 0.06971153846153846 0.09615384615384616
0 0.890625 0.8149038461538461 0.04326923076923077 0.057692307692307696
0 0.8569711538461539 0.8629807692307693 0.06009615384615385 0.06490384615384616
0 0.34134615384615385 0.7608173076923077 0.07211538461538461 0.07932692307692307
0 0.3293269230769231 0.6490384615384616 0.052884615384615384 0.07211538461538461
0 0.15865384615384615 0.7355769230769231 0.08413461538461539 0.0889423076923077
0 0.07211538461538461 0.7728365384615384 0.07692307692307693 0.08173076923076923
0 0.0673076923076923 0.6983173076923077 0.06971153846153846 0.0625
0 0.39903846153846156 0.9399038461538461 0.07211538461538461 0.07211538461538461
0 0.5240384615384616 0.9302884615384616 0.08413461538461539 0.08413461538461539
0 0.6598557692307693 0.028846153846153848 0.04326923076923077 0.028846153846153848
0 0.5877403846153846 0.07451923076923077 0.06971153846153846 0.07451923076923077
0 0.9831730769230769 0.4266826923076923 0.03365384615384615 0.06490384615384616
0 0.7632211538461539 0.32091346153846156 0.08413461538461539 0.10336538461538461