0 0.02403846153846154 0.3076923076923077 0.04807692307692308 0.057692307692307696
0 0.17668269230769232 0.1875 0.08653846153846154 0.08173076923076923
0 0.4266826923076923 0.2548076923076923 0.08413461538461539 0.0673076923076923
0 0.20192307692307693 0.4266826923076923 0.0625 0.08173076923076923
0 0.375 0.6129807692307693 0.11057692307692307 0.12740384615384615
0 0.025240384615384616 0.5492788461538461 0.05048076923076923 0.08413461538461539
0 0.8641826923076923 0.31850961538461536 0.08173076923076923 0.09615384615384616
0 0.4987980769230769 0.671875 0.11298076923076923 0.08653846153846154
0 0.28966346153846156 0.7439903846153846 0.125 0.10576923076923077
0 0.3401442307692308 0.8942307692307693 0.10817307692307693 0.09615384615384616
0 0.08533653846153846 0.7980769230769231 0.055288461538461536 0.08653846153846154
0 0.49399038461538464 0.06971153846153846 0.06971153846153846 0.08173076923076923
0 0.7259615384615384 0.0889423076923077 0.07451923076923077 0.06009615384615385
0 0.5120192307692307 0.35336538461538464 0.07211538461538461 0.07211538461538461
0 0.5276442307692307 0.5048076923076923 0.06971153846153846 0.07211538461538461
0 0.8149038461538461 0.6189903846153846 0.0889423076923077 0.0889423076923077
0 0.7211538461538461 0.6911057692307693 0.07932692307692307 0.07932692307692307
0 0.6610576923076923 0.8509615384615384 0.10096153846153846 0.0985576923076923
0 0.41586538461538464 0.9627403846153846 0.08413461538461539 0.0673076923076923
0 0.8882211538461539 0.140625 0.06490384615384616 0.07451923076923077
0 0.6442307692307693 0.7055288461538461 0.07211538461538461 0.0625
0 0.1310096153846154 0.6550480769230769 0.06490384615384616 0.06490384615384616
0 0.8052884615384616 0.13341346153846154 0.06490384615384616 0.07451923076923077
0 0.5024038461538461 0.9579326923076923 0.08173076923076923 0.07211538461538461
0 0.5024038461538461 0.9879807692307693 0.07211538461538461 0.02403846153846154
0 0.6382211538461539 0.9447115384615384 0.06971153846153846 0.07932692307692307
0 0.9831730769230769 0.4483173076923077 0.03365384615384615 0.0889423076923077
0 0.9194711538461539 0.19471153846153846 0.04326923076923077 0.0889423076923077
0 0.6057692307692307 0.12980769230769232 0.0889423076923077 0.08413461538461539
0 0.3425480769230769 0.4170673076923077 0.08413461538461539 0.09615384615384616
0 0.12139423076923077 0.9074519230769231 0.06009615384615385 0.09134615384615384
0 0.6658653846153846 0.042067307692307696 0.0673076923076923 0.07451923076923077
0 0.78125 0.9170673076923077 0.07692307692307693 0.055288461538461536
0 0.9699519230769231 0.7091346153846154 0.06009615384615385 0.08653846153846154
0 0.07692307692307693 0.6526442307692307 0.06971153846153846 0.0889423076923077
0 0.5793269230769231 0.7367788461538461 0.0625 0.07451923076923077
0 0.5721153846153846 0.6862980769230769 0.07692307692307693 0.0625
0 0.7403846153846154 0.22956730769230768 0.08413461538461539 0.08413461538461539