0 0.39903846153846156 0.037259615384615384 0.03125 0.05048076923076923
0 0.36778846153846156 0.037259615384615384 0.03365384615384615 0.04567307692307692
0 0.35216346153846156 0.02403846153846154 0.040865384615384616 0.04807692307692308
0 0.2776442307692308 0.015625 0.036057692307692304 0.03125
0 0.25721153846153844 0.013221153846153846 0.038461538461538464 0.026442307692307692
0 0.2403846153846154 0.054086538461538464 0.028846153846153848 0.03365384615384615
0 0.20072115384615385 0.06129807692307692 0.05048076923076923 0.0625
0 0.1971153846153846 0.10216346153846154 0.04567307692307692 0.04567307692307692
0 0.13221153846153846 0.10817307692307693 0.052884615384615384 0.052884615384615384
0 0.24158653846153846 0.11538461538461539 0.05048076923076923 0.04567307692307692
0 0.1935096153846154 0.28846153846153844 0.07692307692307693 0.1346153846153846
0 0.22716346153846154 0.23317307692307693 0.057692307692307696 0.052884615384615384
0 0.3016826923076923 0.24278846153846154 0.052884615384615384 0.0625
0 0.25961538461538464 0.3269230769230769 0.05048076923076923 0.055288461538461536
0 0.3762019230769231 0.19591346153846154 0.038461538461538464 0.05048076923076923
0 0.3641826923076923 0.12379807692307693 0.03125 0.055288461538461536
0 0.4074519230769231 0.0985576923076923 0.04567307692307692 0.055288461538461536
0 0.42788461538461536 0.06370192307692307 0.04807692307692308 0.057692307692307696
0 0.4483173076923077 0.10216346153846154 0.038461538461538464 0.040865384615384616
0 0.4543269230769231 0.15144230769230768 0.04326923076923077 0.06009615384615385
0 0.44471153846153844 0.23798076923076922 0.04567307692307692 0.06009615384615385
0 0.5444711538461539 0.1466346153846154 0.040865384615384616 0.04807692307692308
0 0.5324519230769231 0.1971153846153846 0.040865384615384616 0.03125
0 0.5036057692307693 0.3401442307692308 0.04326923076923077 0.04807692307692308
0 0.4795673076923077 0.390625 0.04567307692307692 0.04326923076923077
0 0.40384615384615385 0.5072115384615384 0.04567307692307692 0.04807692307692308
0 0.36658653846153844 0.6141826923076923 0.06490384615384616 0.0673076923076923
0 0.2956730769230769 0.5841346153846154 0.06490384615384616 0.08653846153846154
0 0.2512019230769231 0.8100961538461539 0.0625 0.0625
0 0.1310096153846154 0.8978365384615384 0.04807692307692308 0.028846153846153848
0 0.40625 0.7043269230769231 0.057692307692307696 0.06490384615384616
0 0.4098557692307692 0.8425480769230769 0.06009615384615385 0.10096153846153846
0 0.5252403846153846 0.6862980769230769 0.05048076923076923 0.06971153846153846
0 0.5276442307692307 0.5444711538461539 0.055288461538461536 0.05048076923076923
0 0.5540865384615384 0.5048076923076923 0.055288461538461536 0.04807692307692308
0 0.6105769230769231 0.31009615384615385 0.052884615384615384 0.07211538461538461
0 0.6045673076923077 0.2536057692307692 0.052884615384615384 0.06490384615384616
0 0.5841346153846154 0.2932692307692308 0.04326923076923077 0.052884615384615384
0 0.6189903846153846 0.17548076923076922 0.040865384615384616 0.04567307692307692
0 0.6105769230769231 0.2091346153846154 0.03125 0.038461538461538464
0 0.6201923076923077 0.0829326923076923 0.040865384615384616 0.052884615384615384
0 0.6165865384615384 0.036057692307692304 0.04567307692307692 0.052884615384615384
0 0.6081730769230769 0.01201923076923077 0.03365384615384615 0.014423076923076924
0 0.7331730769230769 0.24639423076923078 0.057692307692307696 0.0673076923076923
0 0.7524038461538461 0.26802884615384615 0.04807692307692308 0.06971153846153846
0 0.7271634615384616 0.3557692307692308 0.03365384615384615 0.055288461538461536
0 0.71875 0.4362980769230769 0.038461538461538464 0.057692307692307696
0 0.6466346153846154 0.5060096153846154 0.03125 0.04807692307692308
0 0.6706730769230769 0.6394230769230769 0.07451923076923077 0.08413461538461539
0 0.7175480769230769 0.6177884615384616 0.055288461538461536 0.06971153846153846
0 0.7379807692307693 0.5348557692307693 0.05048076923076923 0.057692307692307696
0 0.7524038461538461 0.4699519230769231 0.03365384615384615 0.05048076923076923
0 0.8185096153846154 0.4423076923076923 0.038461538461538464 0.05048076923076923
0 0.8365384615384616 0.4110576923076923 0.03125 0.019230769230769232
0 0.8004807692307693 0.3557692307692308 0.040865384615384616 0.04567307692307692
0 0.9026442307692307 0.3557692307692308 0.04567307692307692 0.052884615384615384
0 0.8954326923076923 0.3918269230769231 0.04326923076923077 0.040865384615384616
0 0.8605769230769231 0.5372596153846154 0.052884615384615384 0.07932692307692307
0 0.9507211538461539 0.5709134615384616 0.05048076923076923 0.06490384615384616
0 0.8245192307692307 0.6911057692307693 0.05048076923076923 0.038461538461538464
0 0.828125 0.7367788461538461 0.055288461538461536 0.040865384615384616
0 0.8209134615384616 0.7572115384615384 0.0625 0.04326923076923077
0 0.8293269230769231 0.8197115384615384 0.04567307692307692 0.04567307692307692