0 0.171875 0.27403846153846156 0.052884615384615384 0.04807692307692308
0 0.13822115384615385 0.3942307692307692 0.06490384615384616 0.0625
0 0.06971153846153846 0.42427884615384615 0.055288461538461536 0.057692307692307696
0 0.028846153846153848 0.34975961538461536 0.057692307692307696 0.06971153846153846
0 0.02283653846153846 0.24759615384615385 0.04567307692307692 0.057692307692307696
0 0.06610576923076923 0.19831730769230768 0.06009615384615385 0.057692307692307696
0 0.28966346153846156 0.055288461538461536 0.05048076923076923 0.03365384615384615
0 0.22956730769230768 0.15625 0.08173076923076923 0.06490384615384616
0 0.4495192307692308 0.1502403846153846 0.057692307692307696 0.04326923076923077
0 0.5637019230769231 0.16706730769230768 0.09375 0.09134615384615384
0 0.5144230769230769 0.21754807692307693 0.05048076923076923 0.05048076923076923
0 0.59375 0.3293269230769231 0.04567307692307692 0.038461538461538464
0 0.41225961538461536 0.36177884615384615 0.040865384615384616 0.03125
0 0.41225961538461536 0.4110576923076923 0.052884615384615384 0.055288461538461536
0 0.30528846153846156 0.41586538461538464 0.04326923076923077 0.04326923076923077
0 0.3786057692307692 0.45913461538461536 0.0625 0.06971153846153846
0 0.30649038461538464 0.35096153846153844 0.06971153846153846 0.06971153846153846
0 0.25240384615384615 0.31009615384615385 0.055288461538461536 0.0625
0 0.19110576923076922 0.41947115384615385 0.04326923076923077 0.04807692307692308
0 0.171875 0.4411057692307692 0.052884615384615384 0.04326923076923077
0 0.1622596153846154 0.4735576923076923 0.06009615384615385 0.05048076923076923
0 0.15504807692307693 0.5733173076923077 0.052884615384615384 0.038461538461538464
0 0.05048076923076923 0.5745192307692307 0.057692307692307696 0.05048076923076923
0 0.0733173076923077 0.6334134615384616 0.0673076923076923 0.06009615384615385
0 0.12379807692307693 0.7271634615384616 0.06490384615384616 0.057692307692307696
0 0.37740384615384615 0.6478365384615384 0.06009615384615385 0.0625
0 0.4675480769230769 0.7463942307692307 0.0625 0.06490384615384616
0 0.5108173076923077 0.6911057692307693 0.07451923076923077 0.08173076923076923
0 0.5144230769230769 0.6358173076923077 0.06490384615384616 0.0625
0 0.4699519230769231 0.5745192307692307 0.057692307692307696 0.038461538461538464
0 0.4182692307692308 0.5853365384615384 0.08413461538461539 0.0985576923076923
0 0.47836538461538464 0.4795673076923077 0.052884615384615384 0.06009615384615385
0 0.5480769230769231 0.5132211538461539 0.04807692307692308 0.055288461538461536
0 0.6237980769230769 0.4495192307692308 0.05048076923076923 0.06009615384615385
0 0.6610576923076923 0.28125 0.052884615384615384 0.06009615384615385
0 0.8774038461538461 0.6165865384615384 0.08413461538461539 0.0625
0 0.5492788461538461 0.7728365384615384 0.055288461538461536 0.05048076923076923
0 0.15745192307692307 0.8858173076923077 0.0889423076923077 0.09134615384615384
0 0.03245192307692308 0.46875 0.06490384615384616 0.07692307692307693
0 0.16466346153846154 0.9711538461538461 0.03125 0.05048076923076923
0 0.49759615384615385 0.9543269230769231 0.07932692307692307 0.07692307692307693
0 0.6310096153846154 0.5817307692307693 0.06971153846153846 0.06490384615384616
0 0.7247596153846154 0.4170673076923077 0.052884615384615384 0.04567307692307692
0 0.6730769230769231 0.38100961538461536 0.0625 0.04326923076923077
0 0.016826923076923076 0.19591346153846154 0.03365384615384615 0.06971153846153846
0 0.9783653846153846 0.5637019230769231 0.04326923076923077 0.08413461538461539
0 0.3137019230769231 0.5853365384615384 0.0673076923076923 0.06009615384615385
0 0.6995192307692307 0.09254807692307693 0.040865384615384616 0.055288461538461536
0 0.5757211538461539 0.9867788461538461 0.055288461538461536 0.026442307692307692
0 0.7115384615384616 0.49278846153846156 0.04567307692307692 0.052884615384615384
0 0.5961538461538461 0.5 0.06009615384615385 0.07211538461538461
0 0.515625 0.3918269230769231 0.04567307692307692 0.04567307692307692
0 0.5084134615384616 0.4182692307692308 0.038461538461538464 0.04567307692307692