0 0.421875 0.3088942307692308 0.038461538461538464 0.07932692307692307
0 0.29927884615384615 0.21995192307692307 0.052884615384615384 0.040865384615384616
0 0.22235576923076922 0.20673076923076922 0.042067307692307696 0.06490384615384616
0 0.1141826923076923 0.3293269230769231 0.028846153846153848 0.07451923076923077
0 0.07451923076923077 0.23076923076923078 0.056490384615384616 0.052884615384615384
0 0.08173076923076923 0.08173076923076923 0.038461538461538464 0.052884615384615384
0 0.265625 0.6923076923076923 0.06129807692307692 0.03485576923076923
0 0.5204326923076923 0.8016826923076923 0.04567307692307692 0.052884615384615384
0 0.515625 0.671875 0.04567307692307692 0.06490384615384616
0 0.6466346153846154 0.5516826923076923 0.04807692307692308 0.08653846153846154
0 0.8870192307692307 0.38221153846153844 0.04807692307692308 0.06971153846153846
0 0.7091346153846154 0.5637019230769231 0.036057692307692304 0.05048076923076923
0 0.8894230769230769 0.6574519230769231 0.039663461538461536 0.07692307692307693
0 0.49399038461538464 0.25240384615384615 0.046875 0.06370192307692307
0 0.46033653846153844 0.08533653846153846 0.056490384615384616 0.054086538461538464
0 0.17548076923076922 0.734375 0.042067307692307696 0.054086538461538464
0 0.051682692307692304 0.7584134615384616 0.03485576923076923 0.06129807692307692
0 0.30408653846153844 0.8569711538461539 0.051682692307692304 0.051682692307692304
0 0.4423076923076923 0.9387019230769231 0.037259615384615384 0.05048076923076923
0 0.9459134615384616 0.5060096153846154 0.05048076923076923 0.037259615384615384
0 0.9387019230769231 0.45913461538461536 0.03125 0.04447115384615385
0 0.6802884615384616 0.18389423076923078 0.03245192307692308 0.04807692307692308
0 0.43990384615384615 0.7836538461538461 0.05048076923076923 0.05889423076923077
0 0.27524038461538464 0.8088942307692307 0.042067307692307696 0.07451923076923077
0 0.2512019230769231 0.7680288461538461 0.03365384615384615 0.04807692307692308
0 0.11658653846153846 0.6550480769230769 0.030048076923076924 0.05889423076923077
0 0.265625 0.41466346153846156 0.040865384615384616 0.052884615384615384
0 0.32572115384615385 0.33052884615384615 0.040865384615384616 0.09014423076923077
0 0.35697115384615385 0.3581730769230769 0.04567307692307692 0.04807692307692308
0 0.8245192307692307 0.4254807692307692 0.036057692307692304 0.10216346153846154
0 0.1622596153846154 0.8293269230769231 0.030048076923076924 0.10697115384615384
0 0.5721153846153846 0.7704326923076923 0.08173076923076923 0.12740384615384615
0 0.6358173076923077 0.7752403846153846 0.04927884615384615 0.12139423076923077
0 0.65625 0.6850961538461539 0.042067307692307696 0.07451923076923077
0 0.7548076923076923 0.1622596153846154 0.025240384615384616 0.06370192307692307
0 0.5120192307692307 0.3557692307692308 0.036057692307692304 0.054086538461538464