0 0.6081730769230769 0.359375 0.1201923076923077 0.1201923076923077
0 0.5048076923076923 0.11658653846153846 0.07692307692307693 0.07692307692307693
0 0.6033653846153846 0.04326923076923077 0.11538461538461539 0.08653846153846154
0 0.28725961538461536 0.08774038461538461 0.11057692307692307 0.11057692307692307
0 0.21033653846153846 0.2920673076923077 0.0985576923076923 0.0985576923076923
0 0.22115384615384615 0.46153846153846156 0.11057692307692307 0.11298076923076923
0 0.4014423076923077 0.6382211538461539 0.13221153846153846 0.13221153846153846
0 0.31850961538461536 0.5853365384615384 0.07932692307692307 0.08173076923076923
0 0.21153846153846154 0.7331730769230769 0.09615384615384616 0.0985576923076923
0 0.203125 0.8425480769230769 0.07211538461538461 0.07211538461538461
0 0.1346153846153846 0.7716346153846154 0.0985576923076923 0.0985576923076923
0 0.3701923076923077 0.8425480769230769 0.07932692307692307 0.08173076923076923
0 0.4026442307692308 0.7307692307692307 0.09615384615384616 0.09615384615384616
0 0.30528846153846156 0.6382211538461539 0.11298076923076923 0.11298076923076923
0 0.5372596153846154 0.71875 0.09134615384615384 0.09134615384615384
0 0.484375 0.6947115384615384 0.09615384615384616 0.09615384615384616
0 0.4543269230769231 0.8161057692307693 0.07451923076923077 0.07451923076923077
0 0.3786057692307692 0.9375 0.0985576923076923 0.0985576923076923
0 0.24639423076923078 0.9026442307692307 0.0889423076923077 0.08653846153846154
0 0.5564903846153846 0.9855769230769231 0.12259615384615384 0.028846153846153848
0 0.703125 0.9483173076923077 0.11778846153846154 0.10336538461538461
0 0.7427884615384616 0.8052884615384616 0.09134615384615384 0.09375
0 0.6346153846153846 0.8137019230769231 0.11298076923076923 0.11298076923076923
0 0.6766826923076923 0.6766826923076923 0.09615384615384616 0.09615384615384616
0 0.5625 0.6129807692307693 0.08173076923076923 0.08413461538461539
0 0.5637019230769231 0.5661057692307693 0.0889423076923077 0.08653846153846154
0 0.6117788461538461 0.5432692307692307 0.08173076923076923 0.08173076923076923
0 0.5540865384615384 0.4495192307692308 0.11778846153846154 0.11778846153846154
0 0.7776442307692307 0.2692307692307692 0.11057692307692307 0.11538461538461539
0 0.7379807692307693 0.22716346153846154 0.13221153846153846 0.1346153846153846
0 0.9423076923076923 0.28846153846153844 0.10817307692307693 0.10817307692307693
0 0.9326923076923077 0.4254807692307692 0.1346153846153846 0.13221153846153846
0 0.9411057692307693 0.5036057692307693 0.10576923076923077 0.10336538461538461
0 0.8954326923076923 0.5408653846153846 0.08413461538461539 0.08413461538461539
0 0.9338942307692307 0.5949519230769231 0.0985576923076923 0.0985576923076923
0 0.96875 0.671875 0.0625 0.08413461538461539
0 0.9158653846153846 0.6466346153846154 0.07692307692307693 0.07451923076923077
0 0.9002403846153846 0.6935096153846154 0.08653846153846154 0.08413461538461539
0 0.9110576923076923 0.7463942307692307 0.07932692307692307 0.07932692307692307
0 0.7932692307692307 0.6634615384615384 0.11778846153846154 0.11778846153846154
0 0.06971153846153846 0.49158653846153844 0.125 0.125
0 0.039663461538461536 0.4230769230769231 0.07932692307692307 0.09615384615384616
0 0.010817307692307692 0.4266826923076923 0.021634615384615384 0.10336538461538461
0 0.45913461538461536 0.7740384615384616 0.07692307692307693 0.07451923076923077