0 0.02283653846153846 0.4338942307692308 0.04567307692307692 0.0985576923076923
0 0.0673076923076923 0.6370192307692307 0.07211538461538461 0.07211538461538461
0 0.11658653846153846 0.6670673076923077 0.06971153846153846 0.06971153846153846
0 0.10576923076923077 0.7920673076923077 0.07211538461538461 0.07211538461538461
0 0.21153846153846154 0.8990384615384616 0.0625 0.0625
0 0.3293269230769231 0.9807692307692307 0.10096153846153846 0.038461538461538464
0 0.3076923076923077 0.8978365384615384 0.07211538461538461 0.07211538461538461
0 0.4338942307692308 0.9098557692307693 0.0673076923076923 0.0673076923076923
0 0.4639423076923077 0.8677884615384616 0.10096153846153846 0.10096153846153846
0 0.4879807692307692 0.9543269230769231 0.08653846153846154 0.08653846153846154
0 0.11298076923076923 0.4375 0.06009615384615385 0.06009615384615385
0 0.2644230769230769 0.5048076923076923 0.06490384615384616 0.06490384615384616
0 0.31490384615384615 0.5192307692307693 0.0673076923076923 0.0673076923076923
0 0.3942307692307692 0.6237980769230769 0.057692307692307696 0.057692307692307696
0 0.38221153846153844 0.6778846153846154 0.07932692307692307 0.07932692307692307
0 0.46033653846153844 0.6466346153846154 0.08653846153846154 0.08653846153846154
0 0.515625 0.6478365384615384 0.055288461538461536 0.055288461538461536
0 0.5793269230769231 0.6334134615384616 0.07932692307692307 0.07932692307692307
0 0.5420673076923077 0.484375 0.07211538461538461 0.07211538461538461
0 0.6141826923076923 0.4951923076923077 0.09375 0.09375
0 0.4699519230769231 0.3581730769230769 0.07932692307692307 0.07932692307692307
0 0.5360576923076923 0.23317307692307693 0.10576923076923077 0.10576923076923077
0 0.45913461538461536 0.13942307692307693 0.09134615384615384 0.09134615384615384
0 0.34615384615384615 0.12740384615384615 0.10336538461538461 0.10336538461538461
0 0.4338942307692308 0.03125 0.0985576923076923 0.0625
0 0.6622596153846154 0.15745192307692307 0.10817307692307693 0.10817307692307693
0 0.7019230769230769 0.2127403846153846 0.06971153846153846 0.06971153846153846
0 0.6971153846153846 0.28725961538461536 0.07211538461538461 0.07211538461538461
0 0.7512019230769231 0.21995192307692307 0.07692307692307693 0.07692307692307693
0 0.8088942307692307 0.15865384615384615 0.08413461538461539 0.08413461538461539
0 0.6286057692307693 0.3329326923076923 0.14423076923076922 0.14423076923076922
0 0.7079326923076923 0.4230769230769231 0.14423076923076922 0.14423076923076922
0 0.9074519230769231 0.4026442307692308 0.0985576923076923 0.0985576923076923
0 0.8389423076923077 0.5588942307692307 0.10817307692307693 0.10817307692307693
0 0.8930288461538461 0.5348557692307693 0.07451923076923077 0.07451923076923077
0 0.8725961538461539 0.7139423076923077 0.12259615384615384 0.12259615384615384
0 0.9254807692307693 0.6514423076923077 0.08173076923076923 0.08173076923076923
0 0.7391826923076923 0.5913461538461539 0.10817307692307693 0.10817307692307693
0 0.734375 0.8004807692307693 0.1346153846153846 0.1346153846153846