0 0.36658653846153844 0.46033653846153844 0.055288461538461536 0.07211538461538461
0 0.2644230769230769 0.4362980769230769 0.05048076923076923 0.06490384615384616
0 0.28365384615384615 0.11778846153846154 0.052884615384615384 0.06009615384615385
0 0.23317307692307693 0.0733173076923077 0.052884615384615384 0.0985576923076923
0 0.1045673076923077 0.2403846153846154 0.0673076923076923 0.0673076923076923
0 0.24759615384615385 0.18509615384615385 0.036057692307692304 0.057692307692307696
0 0.6201923076923077 0.16706730769230768 0.05048076923076923 0.057692307692307696
0 0.7620192307692307 0.15144230769230768 0.057692307692307696 0.057692307692307696
0 0.9290865384615384 0.1935096153846154 0.06009615384615385 0.052884615384615384
0 0.9026442307692307 0.3004807692307692 0.055288461538461536 0.052884615384615384
0 0.671875 0.4338942307692308 0.04807692307692308 0.07211538461538461
0 0.4807692307692308 0.40865384615384615 0.06009615384615385 0.07211538461538461
0 0.4963942307692308 0.6610576923076923 0.0625 0.08413461538461539
0 0.7608173076923077 0.8149038461538461 0.057692307692307696 0.07211538461538461
0 0.8882211538461539 0.5829326923076923 0.04807692307692308 0.07692307692307693
0 0.9423076923076923 0.6478365384615384 0.057692307692307696 0.08413461538461539
0 0.8737980769230769 0.6442307692307693 0.04567307692307692 0.057692307692307696
0 0.7920673076923077 0.6418269230769231 0.040865384615384616 0.06490384615384616
0 0.6838942307692307 0.6141826923076923 0.038461538461538464 0.0673076923076923
0 0.3233173076923077 0.6033653846153846 0.0673076923076923 0.0673076923076923
0 0.12980769230769232 0.6274038461538461 0.05048076923076923 0.05048076923076923
0 0.027644230769230768 0.5252403846153846 0.055288461538461536 0.07932692307692307
0 0.027644230769230768 0.28966346153846156 0.04326923076923077 0.057692307692307696
0 0.0673076923076923 0.3088942307692308 0.05048076923076923 0.06971153846153846
0 0.8569711538461539 0.47115384615384615 0.06009615384615385 0.07451923076923077
0 0.9507211538461539 0.45552884615384615 0.08173076923076923 0.05048076923076923
0 0.9579326923076923 0.3762019230769231 0.03125 0.052884615384615384
0 0.921875 0.39783653846153844 0.04567307692307692 0.06009615384615385
0 0.33774038461538464 0.9134615384615384 0.04326923076923077 0.06009615384615385
0 0.484375 0.8173076923076923 0.06009615384615385 0.06009615384615385
0 0.12620192307692307 0.7439903846153846 0.07211538461538461 0.07451923076923077
0 0.09495192307692307 0.8774038461538461 0.07451923076923077 0.07932692307692307
0 0.4074519230769231 0.9050480769230769 0.06490384615384616 0.038461538461538464
0 0.6021634615384616 0.9338942307692307 0.07451923076923077 0.06971153846153846
0 0.8052884615384616 0.734375 0.038461538461538464 0.07692307692307693
0 0.47596153846153844 0.7391826923076923 0.052884615384615384 0.07692307692307693
0 0.48197115384615385 0.7019230769230769 0.04326923076923077 0.038461538461538464