0 0.1466346153846154 0.3233173076923077 0.11538461538461539 0.12740384615384615
0 0.11778846153846154 0.390625 0.06971153846153846 0.07451923076923077
0 0.040865384615384616 0.3942307692307692 0.08173076923076923 0.09615384615384616
0 0.028846153846153848 0.3161057692307692 0.057692307692307696 0.06490384615384616
0 0.13942307692307693 0.5144230769230769 0.10336538461538461 0.125
0 0.13341346153846154 0.6935096153846154 0.11538461538461539 0.13701923076923078
0 0.20072115384615385 0.9182692307692307 0.06490384615384616 0.057692307692307696
0 0.23557692307692307 0.9555288461538461 0.09615384615384616 0.0889423076923077
0 0.27884615384615385 0.8028846153846154 0.08413461538461539 0.09375
0 0.24639423076923078 0.7019230769230769 0.11298076923076923 0.13221153846153846
0 0.5997596153846154 0.8677884615384616 0.13942307692307693 0.1466346153846154
0 0.6454326923076923 0.8149038461538461 0.07932692307692307 0.10576923076923077
0 0.7319711538461539 0.8629807692307693 0.09375 0.11057692307692307
0 0.828125 0.8713942307692307 0.04807692307692308 0.040865384615384616
0 0.8653846153846154 0.7271634615384616 0.0889423076923077 0.09134615384615384
0 0.9699519230769231 0.71875 0.06009615384615385 0.10576923076923077
0 0.38461538461538464 0.3870192307692308 0.11778846153846154 0.1346153846153846
0 0.30288461538461536 0.3233173076923077 0.09375 0.08413461538461539
0 0.4495192307692308 0.6490384615384616 0.09134615384615384 0.09615384615384616
0 0.46033653846153844 0.30288461538461536 0.10336538461538461 0.10336538461538461
0 0.3269230769230769 0.20192307692307693 0.0889423076923077 0.11057692307692307
0 0.25600961538461536 0.09134615384615384 0.0673076923076923 0.0673076923076923
0 0.6646634615384616 0.07211538461538461 0.09615384615384616 0.11778846153846154
0 0.7716346153846154 0.13581730769230768 0.08413461538461539 0.10096153846153846
0 0.7608173076923077 0.2764423076923077 0.09615384615384616 0.12259615384615384