0 0.5504807692307693 0.38341346153846156 0.0889423076923077 0.07572115384615384
0 0.3629807692307692 0.45072115384615385 0.0889423076923077 0.078125
0 0.21153846153846154 0.3737980769230769 0.06129807692307692 0.06009615384615385
0 0.3173076923076923 0.22235576923076922 0.051682692307692304 0.055288461538461536
0 0.5372596153846154 0.22956730769230768 0.051682692307692304 0.06610576923076923
0 0.5252403846153846 0.5504807692307693 0.0733173076923077 0.05889423076923077
0 0.36538461538461536 0.6538461538461539 0.09615384615384616 0.04447115384615385
0 0.22956730769230768 0.5961538461538461 0.06129807692307692 0.0733173076923077
0 0.06370192307692307 0.5048076923076923 0.0733173076923077 0.05889423076923077
0 0.17668269230769232 0.06129807692307692 0.08173076923076923 0.0733173076923077
0 0.4098557692307692 0.8677884615384616 0.042067307692307696 0.07932692307692307
0 0.9423076923076923 0.7403846153846154 0.1141826923076923 0.09495192307692307
0 0.8677884615384616 0.44711538461538464 0.10336538461538461 0.10216346153846154
0 0.24639423076923078 0.8449519230769231 0.06850961538461539 0.0829326923076923
0 0.26322115384615385 0.4206730769230769 0.055288461538461536 0.06610576923076923
0 0.30528846153846156 0.4567307692307692 0.04567307692307692 0.07572115384615384
0 0.23317307692307693 0.18870192307692307 0.06129807692307692 0.042067307692307696
0 0.24158653846153846 0.25841346153846156 0.04326923076923077 0.06490384615384616
0 0.16706730769230768 0.19471153846153846 0.03365384615384615 0.078125
0 0.12139423076923077 0.18870192307692307 0.07211538461538461 0.07211538461538461
0 0.6442307692307693 0.25 0.05048076923076923 0.08052884615384616
0 0.6983173076923077 0.15865384615384615 0.039663461538461536 0.0889423076923077
0 0.6370192307692307 0.4423076923076923 0.0625 0.0625
0 0.5673076923076923 0.4735576923076923 0.06370192307692307 0.0625
0 0.5564903846153846 0.7956730769230769 0.07692307692307693 0.07091346153846154
0 0.5096153846153846 0.890625 0.09134615384615384 0.09975961538461539
0 0.6201923076923077 0.8858173076923077 0.054086538461538464 0.06370192307692307
0 0.14903846153846154 0.9483173076923077 0.078125 0.08052884615384616