0 0.29086538461538464 0.6117788461538461 0.06971153846153846 0.07211538461538461
0 0.35336538461538464 0.5516826923076923 0.0673076923076923 0.07211538461538461
0 0.3605769230769231 0.3605769230769231 0.06490384615384616 0.07211538461538461
0 0.7680288461538461 0.8413461538461539 0.07692307692307693 0.0889423076923077
0 0.6887019230769231 0.7091346153846154 0.09615384615384616 0.12259615384615384
0 0.3954326923076923 0.5264423076923077 0.07932692307692307 0.10096153846153846
0 0.6382211538461539 0.9314903846153846 0.09134615384615384 0.10817307692307693
0 0.5973557692307693 0.9314903846153846 0.07451923076923077 0.08653846153846154
0 0.5372596153846154 0.8689903846153846 0.08653846153846154 0.10336538461538461
0 0.3245192307692308 0.7824519230769231 0.07692307692307693 0.0889423076923077
0 0.17548076923076922 0.6658653846153846 0.06009615384615385 0.06971153846153846
0 0.8581730769230769 0.7956730769230769 0.08173076923076923 0.08173076923076923
0 0.9915865384615384 0.7487980769230769 0.016826923076923076 0.0889423076923077
0 0.8737980769230769 0.36778846153846156 0.0889423076923077 0.11057692307692307
0 0.7764423076923077 0.26322115384615385 0.0673076923076923 0.08413461538461539