0 0.6225961538461539 0.5396634615384616 0.10817307692307693 0.10817307692307693
0 0.9266826923076923 0.27884615384615385 0.10576923076923077 0.10336538461538461
0 0.9807692307692307 0.35697115384615385 0.038461538461538464 0.13221153846153846
0 0.9759615384615384 0.5456730769230769 0.04807692307692308 0.08653846153846154
0 0.9639423076923077 0.4855769230769231 0.07211538461538461 0.09615384615384616
0 0.7668269230769231 0.7548076923076923 0.11298076923076923 0.11298076923076923
0 0.6754807692307693 0.7908653846153846 0.09134615384615384 0.0889423076923077
0 0.5252403846153846 0.78125 0.08413461538461539 0.08173076923076923
0 0.3317307692307692 0.6706730769230769 0.13701923076923078 0.13942307692307693
0 0.39663461538461536 0.8112980769230769 0.16826923076923078 0.16346153846153846
0 0.125 0.6971153846153846 0.125 0.12259615384615384
0 0.32211538461538464 0.1045673076923077 0.10576923076923077 0.10576923076923077
0 0.7644230769230769 0.5685096153846154 0.12980769230769232 0.13221153846153846
0 0.6935096153846154 0.5528846153846154 0.09615384615384616 0.0985576923076923
0 0.8653846153846154 0.27403846153846156 0.09375 0.0985576923076923
0 0.1875 0.8413461538461539 0.09375 0.09615384615384616