0 0.5264423076923077 0.2920673076923077 0.055288461538461536 0.09375
0 0.5108173076923077 0.4230769230769231 0.07451923076923077 0.10576923076923077
0 0.5492788461538461 0.5625 0.04326923076923077 0.10096153846153846
0 0.5084134615384616 0.7836538461538461 0.06490384615384616 0.08173076923076923
0 0.6430288461538461 0.5576923076923077 0.04326923076923077 0.09134615384615384
0 0.5889423076923077 0.4423076923076923 0.055288461538461536 0.08653846153846154
0 0.6322115384615384 0.3112980769230769 0.03125 0.14423076923076922
0 0.7055288461538461 0.3545673076923077 0.08413461538461539 0.09615384615384616
0 0.7091346153846154 0.5120192307692307 0.04567307692307692 0.09615384615384616
0 0.7716346153846154 0.5973557692307693 0.07692307692307693 0.09134615384615384
0 0.7908653846153846 0.7776442307692307 0.04326923076923077 0.08653846153846154
0 0.9086538461538461 0.5096153846153846 0.03125 0.10817307692307693
0 0.9663461538461539 0.31971153846153844 0.04807692307692308 0.10336538461538461
0 0.6862980769230769 0.038461538461538464 0.0625 0.06971153846153846
0 0.578125 0.02403846153846154 0.04807692307692308 0.036057692307692304
0 0.3870192307692308 0.06850961538461539 0.04807692307692308 0.10096153846153846
0 0.3329326923076923 0.4170673076923077 0.036057692307692304 0.07932692307692307
0 0.27524038461538464 0.5709134615384616 0.052884615384615384 0.06971153846153846
0 0.1814903846153846 0.43149038461538464 0.06490384615384616 0.10096153846153846
0 0.02403846153846154 0.5204326923076923 0.04326923076923077 0.0673076923076923
0 0.030048076923076924 0.8028846153846154 0.04807692307692308 0.0985576923076923