0 0.5096153846153846 0.35697115384615385 0.10336538461538461 0.0889423076923077
0 0.2980769230769231 0.42427884615384615 0.10096153846153846 0.09134615384615384
0 0.13221153846153846 0.3329326923076923 0.06971153846153846 0.06971153846153846
0 0.25600961538461536 0.16826923076923078 0.06009615384615385 0.0625
0 0.5012019230769231 0.18509615384615385 0.06009615384615385 0.07451923076923077
0 0.47596153846153844 0.5420673076923077 0.08413461538461539 0.06971153846153846
0 0.2920673076923077 0.6514423076923077 0.10817307692307693 0.055288461538461536
0 0.14182692307692307 0.5829326923076923 0.07211538461538461 0.08413461538461539
0 0.10216346153846154 0.01201923076923077 0.09375 0.02403846153846154
0 0.33413461538461536 0.8918269230769231 0.05048076923076923 0.09134615384615384
0 0.9302884615384616 0.7716346153846154 0.125 0.11057692307692307
0 0.8617788461538461 0.43990384615384615 0.1201923076923077 0.11778846153846154
0 0.15144230769230768 0.8605769230769231 0.07932692307692307 0.09615384615384616
0 0.1875 0.3870192307692308 0.06490384615384616 0.07451923076923077
0 0.23197115384615385 0.42908653846153844 0.052884615384615384 0.08653846153846154
0 0.1622596153846154 0.12740384615384615 0.06971153846153846 0.04807692307692308
0 0.16826923076923078 0.20432692307692307 0.05048076923076923 0.07451923076923077
0 0.0889423076923077 0.1310096153846154 0.040865384615384616 0.0889423076923077
0 0.04567307692307692 0.12259615384615384 0.0673076923076923 0.08413461538461539
0 0.6201923076923077 0.21153846153846154 0.06009615384615385 0.09134615384615384
0 0.6838942307692307 0.11177884615384616 0.04807692307692308 0.10096153846153846
0 0.6033653846153846 0.4254807692307692 0.07211538461538461 0.07211538461538461
0 0.5240384615384616 0.45913461538461536 0.07211538461538461 0.07211538461538461
0 0.5 0.8173076923076923 0.0889423076923077 0.08173076923076923
0 0.44471153846153844 0.9230769230769231 0.10576923076923077 0.11538461538461539
0 0.5685096153846154 0.921875 0.06490384615384616 0.07211538461538461
0 0.042067307692307696 0.9555288461538461 0.08413461538461539 0.06009615384615385