0 0.34975961538461536 0.3449519230769231 0.07692307692307693 0.09375
0 0.18990384615384615 0.328125 0.06971153846153846 0.06490384615384616
0 0.11057692307692307 0.35697115384615385 0.07211538461538461 0.08173076923076923
0 0.07692307692307693 0.5264423076923077 0.06490384615384616 0.08413461538461539
0 0.014423076923076924 0.4579326923076923 0.028846153846153848 0.07932692307692307
0 0.4098557692307692 0.7824519230769231 0.07451923076923077 0.0625
0 0.7043269230769231 0.7475961538461539 0.06971153846153846 0.07211538461538461
0 0.6298076923076923 0.6286057692307693 0.07692307692307693 0.08413461538461539
0 0.6875 0.4495192307692308 0.09134615384615384 0.10576923076923077
0 0.8197115384615384 0.16466346153846154 0.08173076923076923 0.09134615384615384
0 0.7524038461538461 0.4266826923076923 0.06009615384615385 0.06490384615384616
0 0.9651442307692307 0.41586538461538464 0.06971153846153846 0.09134615384615384
0 0.3858173076923077 0.2536057692307692 0.07692307692307693 0.08173076923076923
0 0.2668269230769231 0.11658653846153846 0.08173076923076923 0.07932692307692307
0 0.34975961538461536 0.8689903846153846 0.0673076923076923 0.07211538461538461
0 0.24759615384615385 0.9567307692307693 0.06490384615384616 0.07451923076923077
0 0.5336538461538461 0.9134615384615384 0.07451923076923077 0.07451923076923077
0 0.7055288461538461 0.9158653846153846 0.0625 0.0673076923076923
0 0.9230769230769231 0.25600961538461536 0.038461538461538464 0.04567307692307692
0 0.9014423076923077 0.21153846153846154 0.038461538461538464 0.05048076923076923
0 0.5216346153846154 0.09014423076923077 0.055288461538461536 0.06009615384615385
0 0.6201923076923077 0.7728365384615384 0.07692307692307693 0.08173076923076923
0 0.48197115384615385 0.8834134615384616 0.07932692307692307 0.09134615384615384
0 0.4375 0.8581730769230769 0.055288461538461536 0.06009615384615385
0 0.25240384615384615 0.8257211538461539 0.06009615384615385 0.07211538461538461
0 0.2620192307692308 0.5264423076923077 0.06490384615384616 0.06971153846153846
0 0.27403846153846156 0.41586538461538464 0.08653846153846154 0.10576923076923077
0 0.3173076923076923 0.42427884615384615 0.0673076923076923 0.0673076923076923
0 0.7848557692307693 0.23798076923076922 0.08653846153846154 0.11298076923076923
0 0.3858173076923077 0.953125 0.08413461538461539 0.09375
0 0.734375 0.6911057692307693 0.14182692307692307 0.16105769230769232
0 0.7956730769230769 0.6610576923076923 0.11057692307692307 0.13942307692307693
0 0.7668269230769231 0.5685096153846154 0.07932692307692307 0.09134615384615384
0 0.5793269230769231 0.03365384615384615 0.057692307692307696 0.0673076923076923
0 0.45913461538461536 0.3389423076923077 0.0625 0.06971153846153846