0 0.38822115384615385 0.20192307692307693 0.06490384615384616 0.04447115384615385
0 0.1935096153846154 0.078125 0.057692307692307696 0.051682692307692304
0 0.17067307692307693 0.15144230769230768 0.08173076923076923 0.054086538461538464
0 0.32211538461538464 0.33052884615384615 0.08173076923076923 0.10697115384615384
0 0.22716346153846154 0.5564903846153846 0.06009615384615385 0.04927884615384615
0 0.2091346153846154 0.6021634615384616 0.0733173076923077 0.030048076923076924
0 0.25600961538461536 0.6502403846153846 0.0673076923076923 0.05048076923076923
0 0.3173076923076923 0.7704326923076923 0.055288461538461536 0.07692307692307693
0 0.28966346153846156 0.9074519230769231 0.0673076923076923 0.09375
0 0.1346153846153846 0.7740384615384616 0.06490384615384616 0.10216346153846154
0 0.04927884615384615 0.7980769230769231 0.052884615384615384 0.09375
0 0.5432692307692307 0.3161057692307692 0.07091346153846154 0.12620192307692307
0 0.5192307692307693 0.17908653846153846 0.0625 0.06490384615384616
0 0.5372596153846154 0.1201923076923077 0.08533653846153846 0.06129807692307692
0 0.6201923076923077 0.0673076923076923 0.08413461538461539 0.0673076923076923
0 0.7019230769230769 0.140625 0.051682692307692304 0.07692307692307693
0 0.6334134615384616 0.31490384615384615 0.06129807692307692 0.0829326923076923
0 0.7019230769230769 0.45913461538461536 0.054086538461538464 0.06610576923076923
0 0.6706730769230769 0.5853365384615384 0.09615384615384616 0.08413461538461539
0 0.7487980769230769 0.6850961538461539 0.06370192307692307 0.08052884615384616
0 0.9098557692307693 0.5444711538461539 0.078125 0.125
0 0.5769230769230769 0.8233173076923077 0.09254807692307693 0.07091346153846154
0 0.578125 0.5853365384615384 0.0829326923076923 0.11778846153846154
0 0.15504807692307693 0.5348557692307693 0.06850961538461539 0.08533653846153846