0 0.3425480769230769 0.4951923076923077 0.0673076923076923 0.08173076923076923
0 0.3737980769230769 0.5673076923076923 0.07932692307692307 0.08413461538461539
0 0.4879807692307692 0.2932692307692308 0.11298076923076923 0.125
0 0.21153846153846154 0.4699519230769231 0.11057692307692307 0.12259615384615384
0 0.3425480769230769 0.9735576923076923 0.08413461538461539 0.052884615384615384
0 0.4987980769230769 0.6959134615384616 0.0985576923076923 0.11298076923076923
0 0.6826923076923077 0.8521634615384616 0.08173076923076923 0.09375
0 0.6262019230769231 0.9699519230769231 0.07451923076923077 0.06009615384615385
0 0.9807692307692307 0.7487980769230769 0.038461538461538464 0.08413461538461539
0 0.9603365384615384 0.453125 0.07932692307692307 0.09375
0 0.2548076923076923 0.25 0.19230769230769232 0.2283653846153846