0 0.21033653846153846 0.41586538461538464 0.027644230769230768 0.038461538461538464
0 0.21033653846153846 0.46274038461538464 0.015625 0.036057692307692304
0 0.23557692307692307 0.5300480769230769 0.02403846153846154 0.042067307692307696
0 0.24519230769230768 0.4855769230769231 0.03245192307692308 0.030048076923076924
0 0.16706730769230768 0.484375 0.037259615384615384 0.04447115384615385
0 0.18870192307692307 0.5264423076923077 0.03125 0.027644230769230768
0 0.1935096153846154 0.6310096153846154 0.027644230769230768 0.055288461538461536
0 0.13822115384615385 0.7007211538461539 0.020432692307692308 0.0625
0 0.1141826923076923 0.7091346153846154 0.026442307692307692 0.039663461538461536
0 0.17067307692307693 0.8329326923076923 0.02403846153846154 0.04447115384615385
0 0.1502403846153846 0.84375 0.03245192307692308 0.056490384615384616
0 0.18269230769230768 0.9110576923076923 0.028846153846153848 0.036057692307692304
0 0.10336538461538461 0.578125 0.025240384615384616 0.038461538461538464
0 0.10576923076923077 0.421875 0.025240384615384616 0.04807692307692308
0 0.16706730769230768 0.29086538461538464 0.01201923076923077 0.046875
0 0.21875 0.32211538461538464 0.037259615384615384 0.038461538461538464
0 0.17067307692307693 0.43990384615384615 0.02283653846153846 0.056490384615384616
0 0.09134615384615384 0.16105769230769232 0.027644230769230768 0.03485576923076923
0 0.09134615384615384 0.11298076923076923 0.039663461538461536 0.037259615384615384
0 0.18389423076923078 0.14903846153846154 0.026442307692307692 0.038461538461538464
0 0.2127403846153846 0.23798076923076922 0.027644230769230768 0.051682692307692304
0 0.3293269230769231 0.3557692307692308 0.040865384615384616 0.04567307692307692
0 0.3545673076923077 0.44471153846153844 0.018028846153846152 0.03125
0 0.35096153846153844 0.5084134615384616 0.03485576923076923 0.037259615384615384
0 0.3737980769230769 0.5853365384615384 0.026442307692307692 0.039663461538461536
0 0.3798076923076923 0.7007211538461539 0.02403846153846154 0.06490384615384616
0 0.31490384615384615 0.8088942307692307 0.03485576923076923 0.03245192307692308
0 0.26802884615384615 0.8377403846153846 0.025240384615384616 0.05889423076923077
0 0.21394230769230768 0.8052884615384616 0.025240384615384616 0.039663461538461536
0 0.3557692307692308 0.8689903846153846 0.028846153846153848 0.03245192307692308
0 0.3786057692307692 0.9098557692307693 0.028846153846153848 0.039663461538461536
0 0.44711538461538464 0.8894230769230769 0.018028846153846152 0.054086538461538464
0 0.45913461538461536 0.875 0.020432692307692308 0.039663461538461536
0 0.46153846153846156 0.8473557692307693 0.019230769230769232 0.038461538461538464
0 0.46033653846153844 0.7668269230769231 0.030048076923076924 0.038461538461538464
0 0.5120192307692307 0.8317307692307693 0.021634615384615384 0.046875
0 0.6442307692307693 0.8990384615384616 0.04567307692307692 0.051682692307692304
0 0.5913461538461539 0.6634615384615384 0.03485576923076923 0.04447115384615385
0 0.46153846153846156 0.6153846153846154 0.03125 0.042067307692307696
0 0.4266826923076923 0.5420673076923077 0.038461538461538464 0.040865384615384616
0 0.5108173076923077 0.5252403846153846 0.030048076923076924 0.052884615384615384
0 0.6105769230769231 0.5480769230769231 0.026442307692307692 0.07451923076923077
0 0.46153846153846156 0.45072115384615385 0.03125 0.03245192307692308
0 0.4651442307692308 0.39903846153846156 0.025240384615384616 0.04326923076923077
0 0.5024038461538461 0.33653846153846156 0.027644230769230768 0.04326923076923077
0 0.36538461538461536 0.296875 0.038461538461538464 0.03125
0 0.36658653846153844 0.25721153846153844 0.037259615384615384 0.051682692307692304
0 0.40024038461538464 0.2403846153846154 0.03245192307692308 0.040865384615384616
0 0.38461538461538464 0.20072115384615385 0.036057692307692304 0.038461538461538464
0 0.42908653846153844 0.15745192307692307 0.03365384615384615 0.042067307692307696
0 0.48677884615384615 0.13581730769230768 0.02403846153846154 0.04807692307692308
0 0.5733173076923077 0.2644230769230769 0.027644230769230768 0.037259615384615384
0 0.6466346153846154 0.22235576923076922 0.02403846153846154 0.042067307692307696
0 0.6225961538461539 0.21875 0.025240384615384616 0.04326923076923077
0 0.6658653846153846 0.15745192307692307 0.026442307692307692 0.04927884615384615
0 0.6983173076923077 0.3269230769230769 0.03245192307692308 0.055288461538461536
0 0.1658653846153846 0.5697115384615384 0.025240384615384616 0.051682692307692304
0 0.3329326923076923 0.8413461538461539 0.02403846153846154 0.038461538461538464
0 0.22596153846153846 0.7151442307692307 0.038461538461538464 0.055288461538461536
0 0.46274038461538464 0.28365384615384615 0.02283653846153846 0.04326923076923077
0 0.37740384615384615 0.11899038461538461 0.028846153846153848 0.038461538461538464
0 0.24879807692307693 0.6838942307692307 0.027644230769230768 0.04567307692307692
0 0.19110576923076922 0.7127403846153846 0.03365384615384615 0.03125
0 0.7271634615384616 0.21875 0.057692307692307696 0.05889423076923077