0 0.5985576923076923 0.21514423076923078 0.0889423076923077 0.06009615384615385
0 0.46634615384615385 0.07572115384615384 0.09134615384615384 0.0673076923076923
0 0.5709134615384616 0.04447115384615385 0.10096153846153846 0.08653846153846154
0 0.5324519230769231 0.203125 0.0673076923076923 0.07451923076923077
0 0.33052884615384615 0.4254807692307692 0.08413461538461539 0.08173076923076923
0 0.5661057692307693 0.5336538461538461 0.10336538461538461 0.09134615384615384
0 0.1971153846153846 0.5204326923076923 0.09134615384615384 0.07932692307692307
0 0.09615384615384616 0.5360576923076923 0.08173076923076923 0.07932692307692307
0 0.11778846153846154 0.7379807692307693 0.07211538461538461 0.04807692307692308
0 0.24639423076923078 0.7175480769230769 0.06490384615384616 0.052884615384615384
0 0.2536057692307692 0.8774038461538461 0.07692307692307693 0.07451923076923077
0 0.6370192307692307 0.8581730769230769 0.11057692307692307 0.0985576923076923
0 0.27403846153846156 0.2956730769230769 0.07932692307692307 0.06971153846153846
0 0.046875 0.4170673076923077 0.09375 0.17548076923076922
0 0.09254807692307693 0.24879807692307693 0.0889423076923077 0.11538461538461539
0 0.7560096153846154 0.9831730769230769 0.12259615384615384 0.03365384615384615
0 0.34615384615384615 0.6802884615384616 0.07451923076923077 0.08413461538461539
0 0.5769230769230769 0.6081730769230769 0.09375 0.10817307692307693
0 0.1201923076923077 0.8173076923076923 0.1658653846153846 0.15144230769230768