0 0.40865384615384615 0.7379807692307693 0.03485576923076923 0.052884615384615384
0 0.46634615384615385 0.7127403846153846 0.027644230769230768 0.0625
0 0.5588942307692307 0.7475961538461539 0.036057692307692304 0.055288461538461536
0 0.5420673076923077 0.22355769230769232 0.04447115384615385 0.06009615384615385
0 0.6153846153846154 0.052884615384615384 0.03365384615384615 0.06129807692307692
0 0.9242788461538461 0.7019230769230769 0.04447115384615385 0.078125
0 0.9639423076923077 0.5432692307692307 0.04807692307692308 0.09735576923076923
0 0.9194711538461539 0.7884615384615384 0.027644230769230768 0.0733173076923077
0 0.7788461538461539 0.7451923076923077 0.028846153846153848 0.08052884615384616
0 0.11298076923076923 0.7487980769230769 0.03485576923076923 0.057692307692307696
0 0.28365384615384615 0.6237980769230769 0.06009615384615385 0.04927884615384615
0 0.5865384615384616 0.6382211538461539 0.07211538461538461 0.078125
0 0.4423076923076923 0.6189903846153846 0.051682692307692304 0.09014423076923077
0 0.33653846153846156 0.7463942307692307 0.04447115384615385 0.06850961538461539
0 0.23677884615384615 0.7199519230769231 0.06610576923076923 0.07091346153846154
0 0.0829326923076923 0.6418269230769231 0.08173076923076923 0.09134615384615384
0 0.8401442307692307 0.6225961538461539 0.037259615384615384 0.0889423076923077
0 0.7271634615384616 0.5841346153846154 0.03485576923076923 0.0733173076923077
0 0.7367788461538461 0.6983173076923077 0.040865384615384616 0.10216346153846154
0 0.12139423076923077 0.052884615384615384 0.06850961538461539 0.07091346153846154
0 0.9699519230769231 0.8221153846153846 0.042067307692307696 0.0829326923076923