0 0.29927884615384615 0.24879807692307693 0.052884615384615384 0.06490384615384616
0 0.27884615384615385 0.3076923076923077 0.05048076923076923 0.05048076923076923
0 0.2644230769230769 0.24278846153846154 0.03365384615384615 0.036057692307692304
0 0.2127403846153846 0.18509615384615385 0.026442307692307692 0.055288461538461536
0 0.1310096153846154 0.27283653846153844 0.040865384615384616 0.07211538461538461
0 0.08052884615384616 0.17427884615384615 0.055288461538461536 0.0625
0 0.07572115384615384 0.5420673076923077 0.04567307692307692 0.08173076923076923
0 0.02403846153846154 0.796875 0.028846153846153848 0.06971153846153846
0 0.12980769230769232 0.6826923076923077 0.03365384615384615 0.05048076923076923
0 0.2668269230769231 0.5769230769230769 0.055288461538461536 0.04807692307692308
0 0.203125 0.4423076923076923 0.05048076923076923 0.0673076923076923
0 0.2932692307692308 0.48197115384615385 0.04326923076923077 0.057692307692307696
0 0.33413461538461536 0.4326923076923077 0.052884615384615384 0.04326923076923077
0 0.4963942307692308 0.5204326923076923 0.04326923076923077 0.0673076923076923
0 0.5348557692307693 0.5625 0.03365384615384615 0.0673076923076923
0 0.5757211538461539 0.47716346153846156 0.038461538461538464 0.07692307692307693
0 0.5300480769230769 0.036057692307692304 0.04326923076923077 0.0625
0 0.5745192307692307 0.03485576923076923 0.04807692307692308 0.052884615384615384
0 0.6442307692307693 0.29447115384615385 0.04807692307692308 0.052884615384615384
0 0.6682692307692307 0.2536057692307692 0.038461538461538464 0.05048076923076923
0 0.7247596153846154 0.21153846153846154 0.04567307692307692 0.06009615384615385
0 0.8076923076923077 0.4254807692307692 0.03125 0.06009615384615385
0 0.7632211538461539 0.4987980769230769 0.028846153846153848 0.0673076923076923
0 0.6923076923076923 0.390625 0.055288461538461536 0.0625
0 0.6850961538461539 0.4579326923076923 0.05048076923076923 0.057692307692307696
0 0.8341346153846154 0.6213942307692307 0.040865384615384616 0.06971153846153846
0 0.8305288461538461 0.7728365384615384 0.036057692307692304 0.07932692307692307
0 0.7740384615384616 0.8389423076923077 0.03365384615384615 0.07451923076923077
0 0.6983173076923077 0.7379807692307693 0.04567307692307692 0.07451923076923077
0 0.49158653846153844 0.8100961538461539 0.055288461538461536 0.055288461538461536
0 0.5228365384615384 0.8617788461538461 0.03365384615384615 0.05048076923076923
0 0.39663461538461536 0.671875 0.05048076923076923 0.057692307692307696
0 0.3449519230769231 0.7776442307692307 0.052884615384615384 0.0673076923076923
0 0.7524038461538461 0.9699519230769231 0.038461538461538464 0.052884615384615384
0 0.8293269230769231 0.9447115384615384 0.04326923076923077 0.08413461538461539
0 0.9507211538461539 0.8533653846153846 0.0625 0.09375
0 0.9338942307692307 0.7379807692307693 0.06009615384615385 0.08653846153846154