0 0.8966346153846154 0.5048076923076923 0.057692307692307696 0.057692307692307696
0 0.8617788461538461 0.38221153846153844 0.07211538461538461 0.07451923076923077
0 0.7932692307692307 0.26802884615384615 0.055288461538461536 0.057692307692307696
0 0.8665865384615384 0.1814903846153846 0.0673076923076923 0.07451923076923077
0 0.8341346153846154 0.12980769230769232 0.05048076923076923 0.055288461538461536
0 0.7524038461538461 0.025240384615384616 0.0625 0.05048076923076923
0 0.7259615384615384 0.9182692307692307 0.0889423076923077 0.08413461538461539
0 0.6598557692307693 0.9579326923076923 0.0889423076923077 0.08413461538461539
0 0.4026442307692308 0.7944711538461539 0.08173076923076923 0.0889423076923077
0 0.25240384615384615 0.6598557692307693 0.08413461538461539 0.0889423076923077
0 0.078125 0.5072115384615384 0.07692307692307693 0.07211538461538461
0 0.06490384615384616 0.5997596153846154 0.0625 0.06971153846153846
0 0.8677884615384616 0.7860576923076923 0.11778846153846154 0.12259615384615384
0 0.8112980769230769 0.8377403846153846 0.0985576923076923 0.10336538461538461
0 0.7536057692307693 0.34134615384615385 0.09134615384615384 0.10336538461538461
0 0.7524038461538461 0.17067307692307693 0.07932692307692307 0.08413461538461539
0 0.7680288461538461 0.21153846153846154 0.07451923076923077 0.07451923076923077
0 0.390625 0.18629807692307693 0.10096153846153846 0.10817307692307693
0 0.3076923076923077 0.11057692307692307 0.08653846153846154 0.09615384615384616
0 0.22956730769230768 0.1466346153846154 0.07692307692307693 0.07451923076923077
0 0.010817307692307692 0.36899038461538464 0.021634615384615384 0.08413461538461539
0 0.8846153846153846 0.26802884615384615 0.0889423076923077 0.10336538461538461
0 0.8137019230769231 0.5649038461538461 0.14182692307692307 0.15625