0 0.39302884615384615 0.5432692307692307 0.09134615384615384 0.09134615384615384
0 0.5600961538461539 0.4855769230769231 0.0673076923076923 0.07451923076923077
0 0.4987980769230769 0.5192307692307693 0.07451923076923077 0.07692307692307693
0 0.40625 0.4074519230769231 0.0673076923076923 0.06971153846153846
0 0.6814903846153846 0.24879807692307693 0.06971153846153846 0.07211538461538461
0 0.32572115384615385 0.2608173076923077 0.0625 0.06009615384615385
0 0.1875 0.2776442307692308 0.07932692307692307 0.08173076923076923
0 0.17307692307692307 0.41947115384615385 0.0673076923076923 0.06971153846153846
0 0.27403846153846156 0.5264423076923077 0.07211538461538461 0.07211538461538461
0 0.22235576923076922 0.7151442307692307 0.08653846153846154 0.08653846153846154
0 0.27283653846153844 0.7295673076923077 0.06009615384615385 0.0673076923076923
0 0.0829326923076923 0.5528846153846154 0.07932692307692307 0.08413461538461539
0 0.040865384615384616 0.43509615384615385 0.06971153846153846 0.0673076923076923
0 0.4543269230769231 0.8353365384615384 0.07932692307692307 0.08173076923076923
0 0.5384615384615384 0.8786057692307693 0.09134615384615384 0.09375
0 0.7860576923076923 0.5985576923076923 0.06490384615384616 0.06490384615384616
0 0.9735576923076923 0.4807692307692308 0.052884615384615384 0.10096153846153846
0 0.4206730769230769 0.3173076923076923 0.08653846153846154 0.08653846153846154
0 0.3389423076923077 0.1310096153846154 0.08413461538461539 0.08653846153846154
0 0.12379807692307693 0.6826923076923077 0.1201923076923077 0.12740384615384615
0 0.34975961538461536 0.8762019230769231 0.09134615384615384 0.0985576923076923
0 0.4807692307692308 0.7692307692307693 0.10817307692307693 0.11298076923076923
0 0.7283653846153846 0.7668269230769231 0.10817307692307693 0.11298076923076923
0 0.6850961538461539 0.8353365384615384 0.07692307692307693 0.08413461538461539
0 0.8786057692307693 0.7836538461538461 0.12740384615384615 0.13942307692307693
0 0.8413461538461539 0.7764423076923077 0.09375 0.09615384615384616
0 0.8557692307692307 0.6766826923076923 0.09375 0.10096153846153846
0 0.9615384615384616 0.2932692307692308 0.07692307692307693 0.10576923076923077
0 0.8497596153846154 0.28966346153846156 0.07692307692307693 0.08173076923076923
0 0.7403846153846154 0.19831730769230768 0.10336538461538461 0.10336538461538461
0 0.4206730769230769 0.984375 0.08173076923076923 0.03125
0 0.5805288461538461 0.5108173076923077 0.07692307692307693 0.08413461538461539
0 0.6310096153846154 0.4423076923076923 0.10817307692307693 0.11298076923076923