0 0.6778846153846154 0.06971153846153846 0.09134615384615384 0.08653846153846154
0 0.7908653846153846 0.23918269230769232 0.08173076923076923 0.08413461538461539
0 0.7259615384615384 0.265625 0.09134615384615384 0.08653846153846154
0 0.5 0.18509615384615385 0.11057692307692307 0.11538461538461539
0 0.4495192307692308 0.09615384615384616 0.11778846153846154 0.1201923076923077
0 0.2644230769230769 0.036057692307692304 0.09134615384615384 0.07211538461538461
0 0.18389423076923078 0.14783653846153846 0.10096153846153846 0.10336538461538461
0 0.28846153846153844 0.27403846153846156 0.07692307692307693 0.07932692307692307
0 0.29447115384615385 0.3401442307692308 0.0673076923076923 0.06490384615384616
0 0.46153846153846156 0.4879807692307692 0.06009615384615385 0.0625
0 0.4879807692307692 0.5396634615384616 0.07211538461538461 0.07211538461538461
0 0.453125 0.5528846153846154 0.057692307692307696 0.052884615384615384
0 0.44591346153846156 0.6105769230769231 0.0889423076923077 0.08653846153846154
0 0.41346153846153844 0.6983173076923077 0.07211538461538461 0.07692307692307693
0 0.296875 0.7764423076923077 0.06490384615384616 0.06490384615384616
0 0.2800480769230769 0.609375 0.0985576923076923 0.09615384615384616
0 0.21033653846153846 0.5540865384615384 0.0985576923076923 0.10576923076923077
0 0.08774038461538461 0.5769230769230769 0.0889423076923077 0.09375
0 0.028846153846153848 0.6838942307692307 0.057692307692307696 0.11298076923076923
0 0.12620192307692307 0.7848557692307693 0.0889423076923077 0.09375
0 0.22115384615384615 0.8930288461538461 0.07451923076923077 0.06971153846153846
0 0.36658653846153844 0.9627403846153846 0.11298076923076923 0.07451923076923077
0 0.47596153846153844 0.9338942307692307 0.0985576923076923 0.10336538461538461
0 0.5276442307692307 0.8990384615384616 0.09615384615384616 0.09615384615384616
0 0.7403846153846154 0.8245192307692307 0.0985576923076923 0.09615384615384616
0 0.7319711538461539 0.9314903846153846 0.0889423076923077 0.09375
0 0.8461538461538461 0.7884615384615384 0.09134615384615384 0.09375
0 0.8966346153846154 0.6586538461538461 0.09375 0.09615384615384616
0 0.8605769230769231 0.5925480769230769 0.10336538461538461 0.10336538461538461
0 0.8329326923076923 0.4423076923076923 0.07692307692307693 0.07692307692307693
0 0.7055288461538461 0.4639423076923077 0.08173076923076923 0.08413461538461539
0 0.9543269230769231 0.24519230769230768 0.06971153846153846 0.06490384615384616
0 0.9555288461538461 0.4963942307692308 0.0889423076923077 0.11298076923076923
0 0.9230769230769231 0.5216346153846154 0.08653846153846154 0.08413461538461539
0 0.6959134615384616 0.7752403846153846 0.09375 0.09375
0 0.8413461538461539 0.21153846153846154 0.0985576923076923 0.0985576923076923
0 0.44471153846153844 0.2668269230769231 0.0985576923076923 0.09615384615384616