0 0.5384615384615384 0.5108173076923077 0.06490384615384616 0.07211538461538461
0 0.3329326923076923 0.6009615384615384 0.0625 0.0625
0 0.22956730769230768 0.33653846153846156 0.0673076923076923 0.0673076923076923
0 0.17307692307692307 0.5060096153846154 0.07932692307692307 0.06490384615384616
0 0.22355769230769232 0.7451923076923077 0.07451923076923077 0.07211538461538461
0 0.2800480769230769 0.8233173076923077 0.06971153846153846 0.04567307692307692
0 0.06129807692307692 0.5949519230769231 0.07692307692307693 0.07211538461538461
0 0.9375 0.3954326923076923 0.09615384615384616 0.09615384615384616
0 0.5769230769230769 0.2920673076923077 0.0625 0.07692307692307693
0 0.390625 0.5048076923076923 0.07692307692307693 0.0889423076923077
0 0.27163461538461536 0.6057692307692307 0.07211538461538461 0.07451923076923077
0 0.22115384615384615 0.9567307692307693 0.09134615384615384 0.08653846153846154
0 0.042067307692307696 0.45552884615384615 0.08413461538461539 0.10817307692307693
0 0.45072115384615385 0.3425480769230769 0.057692307692307696 0.07932692307692307
0 0.47475961538461536 0.296875 0.09375 0.10576923076923077
0 0.49759615384615385 0.44591346153846156 0.07932692307692307 0.08413461538461539
0 0.8197115384615384 0.171875 0.0625 0.07932692307692307
0 0.7788461538461539 0.057692307692307696 0.08173076923076923 0.10336538461538461
0 0.9591346153846154 0.8004807692307693 0.07211538461538461 0.06490384615384616
0 0.5829326923076923 0.8846153846153846 0.08413461538461539 0.10576923076923077
0 0.41947115384615385 0.7247596153846154 0.07211538461538461 0.09134615384615384
0 0.3629807692307692 0.7175480769230769 0.06009615384615385 0.06971153846153846