0 0.2956730769230769 0.4182692307692308 0.10576923076923077 0.09615384615384616
0 0.7127403846153846 0.33052884615384615 0.0985576923076923 0.10096153846153846
0 0.5072115384615384 0.5997596153846154 0.09375 0.0889423076923077
0 0.21875 0.578125 0.09134615384615384 0.09615384615384616
0 0.01201923076923077 0.3269230769230769 0.02403846153846154 0.09134615384615384
0 0.06490384615384616 0.18870192307692307 0.09615384615384616 0.07211538461538461
0 0.2512019230769231 0.20432692307692307 0.08173076923076923 0.09375
0 0.21394230769230768 0.9627403846153846 0.07211538461538461 0.07451923076923077
0 0.8112980769230769 0.8882211538461539 0.09134615384615384 0.0625
0 0.9194711538461539 0.4375 0.11298076923076923 0.11538461538461539
0 0.24639423076923078 0.8978365384615384 0.13701923076923078 0.15384615384615385
0 0.3701923076923077 0.5841346153846154 0.11298076923076923 0.13701923076923078
0 0.34375 0.3125 0.14182692307692307 0.15625
0 0.7956730769230769 0.28725961538461536 0.11298076923076923 0.13221153846153846
0 0.5805288461538461 0.9495192307692307 0.13701923076923078 0.10096153846153846
0 0.5829326923076923 0.5480769230769231 0.125 0.1346153846153846
0 0.057692307692307696 0.5096153846153846 0.10096153846153846 0.11057692307692307
0 0.3137019230769231 0.0625 0.09134615384615384 0.08173076923076923
0 0.3557692307692308 0.9086538461538461 0.15144230769230768 0.16105769230769232
0 0.734375 0.8016826923076923 0.10817307692307693 0.13701923076923078