0 0.40865384615384615 0.3389423076923077 0.040865384615384616 0.04326923076923077
0 0.4699519230769231 0.3245192307692308 0.03365384615384615 0.04567307692307692
0 0.484375 0.18870192307692307 0.03365384615384615 0.03125
0 0.4951923076923077 0.0889423076923077 0.026442307692307692 0.03365384615384615
0 0.5084134615384616 0.06370192307692307 0.019230769230769232 0.04807692307692308
0 0.625 0.08052884615384616 0.03125 0.06490384615384616
0 0.703125 0.3485576923076923 0.04807692307692308 0.0673076923076923
0 0.7584134615384616 0.47475961538461536 0.03125 0.0673076923076923
0 0.8185096153846154 0.6875 0.040865384615384616 0.038461538461538464
0 0.7932692307692307 0.7548076923076923 0.03365384615384615 0.026442307692307692
0 0.7980769230769231 0.7896634615384616 0.04807692307692308 0.026442307692307692
0 0.796875 0.8161057692307693 0.019230769230769232 0.03365384615384615
0 0.7584134615384616 0.9038461538461539 0.02403846153846154 0.052884615384615384
0 0.7163461538461539 0.8978365384615384 0.03125 0.038461538461538464
0 0.6526442307692307 0.9002403846153846 0.021634615384615384 0.0673076923076923
0 0.640625 0.9723557692307693 0.036057692307692304 0.04567307692307692
0 0.5600961538461539 0.9915865384615384 0.052884615384615384 0.016826923076923076
0 0.4543269230769231 0.9350961538461539 0.03125 0.052884615384615384
0 0.3798076923076923 0.9086538461538461 0.036057692307692304 0.06009615384615385
0 0.34375 0.9855769230769231 0.055288461538461536 0.02403846153846154
0 0.3737980769230769 0.8653846153846154 0.028846153846153848 0.055288461538461536
0 0.33774038461538464 0.8545673076923077 0.036057692307692304 0.040865384615384616
0 0.3473557692307692 0.7824519230769231 0.036057692307692304 0.040865384615384616
0 0.4110576923076923 0.8040865384615384 0.04567307692307692 0.04807692307692308
0 0.3858173076923077 0.75 0.038461538461538464 0.04807692307692308
0 0.34975961538461536 0.7115384615384616 0.038461538461538464 0.028846153846153848
0 0.31850961538461536 0.7427884615384616 0.03365384615384615 0.036057692307692304
0 0.2932692307692308 0.8185096153846154 0.03125 0.055288461538461536
0 0.25 0.6778846153846154 0.03365384615384615 0.04567307692307692
0 0.18990384615384615 0.6201923076923077 0.03365384615384615 0.0625
0 0.1971153846153846 0.7151442307692307 0.036057692307692304 0.06971153846153846
0 0.10817307692307693 0.5913461538461539 0.03365384615384615 0.0673076923076923
0 0.08173076923076923 0.5877403846153846 0.02403846153846154 0.04567307692307692
0 0.038461538461538464 0.7019230769230769 0.028846153846153848 0.04807692307692308
0 0.01201923076923077 0.6742788461538461 0.02403846153846154 0.04567307692307692
0 0.3293269230769231 0.38822115384615385 0.03125 0.04807692307692308
0 0.28846153846153844 0.38461538461538464 0.03365384615384615 0.04567307692307692
0 0.29086538461538464 0.28966346153846156 0.040865384615384616 0.057692307692307696
0 0.3173076923076923 0.1935096153846154 0.04807692307692308 0.057692307692307696
0 0.31850961538461536 0.44591346153846156 0.038461538461538464 0.036057692307692304
0 0.3449519230769231 0.4891826923076923 0.026442307692307692 0.038461538461538464
0 0.3545673076923077 0.5661057692307693 0.03365384615384615 0.052884615384615384
0 0.44711538461538464 0.5985576923076923 0.026442307692307692 0.05048076923076923
0 0.48677884615384615 0.6490384615384616 0.052884615384615384 0.04567307692307692
0 0.5552884615384616 0.6802884615384616 0.03125 0.06009615384615385
0 0.6310096153846154 0.7572115384615384 0.026442307692307692 0.057692307692307696
0 0.6358173076923077 0.5901442307692307 0.038461538461538464 0.06971153846153846
0 0.5564903846153846 0.5745192307692307 0.03365384615384615 0.06009615384615385
0 0.6105769230769231 0.46875 0.038461538461538464 0.052884615384615384
0 0.5252403846153846 0.47475961538461536 0.038461538461538464 0.04567307692307692
0 0.4855769230769231 0.42788461538461536 0.03365384615384615 0.05048076923076923
0 0.7307692307692307 0.7019230769230769 0.04567307692307692 0.06971153846153846
0 0.9675480769230769 0.5769230769230769 0.036057692307692304 0.052884615384615384
0 0.5264423076923077 0.9411057692307693 0.04567307692307692 0.0673076923076923
0 0.23076923076923078 0.31850961538461536 0.038461538461538464 0.04326923076923077
0 0.6862980769230769 0.9050480769230769 0.026442307692307692 0.04326923076923077