0 0.29086538461538464 0.20072115384615385 0.07692307692307693 0.08173076923076923
0 0.21754807692307693 0.2439903846153846 0.04807692307692308 0.06009615384615385
0 0.14182692307692307 0.21754807692307693 0.0673076923076923 0.07692307692307693
0 0.025240384615384616 0.3425480769230769 0.05048076923076923 0.09375
0 0.025240384615384616 0.5324519230769231 0.05048076923076923 0.08413461538461539
0 0.06971153846153846 0.7512019230769231 0.03365384615384615 0.055288461538461536
0 0.4831730769230769 0.8365384615384616 0.0673076923076923 0.09375
0 0.5637019230769231 0.828125 0.05048076923076923 0.057692307692307696
0 0.6286057692307693 0.7740384615384616 0.052884615384615384 0.06971153846153846
0 0.7403846153846154 0.7439903846153846 0.052884615384615384 0.0625
0 0.3485576923076923 0.34615384615384615 0.04567307692307692 0.04326923076923077
0 0.38461538461538464 0.3161057692307692 0.03365384615384615 0.036057692307692304
0 0.4338942307692308 0.3329326923076923 0.04807692307692308 0.04326923076923077
0 0.46033653846153844 0.39783653846153844 0.04326923076923077 0.04326923076923077
0 0.4963942307692308 0.3858173076923077 0.04326923076923077 0.04807692307692308
0 0.3918269230769231 0.44711538461538464 0.04567307692307692 0.052884615384615384
0 0.3954326923076923 0.5685096153846154 0.05048076923076923 0.04326923076923077
0 0.35697115384615385 0.6165865384615384 0.04807692307692308 0.04326923076923077
0 0.3088942307692308 0.5588942307692307 0.07451923076923077 0.07451923076923077
0 0.18870192307692307 0.42908653846153844 0.05048076923076923 0.052884615384615384
0 0.24639423076923078 0.3401442307692308 0.04567307692307692 0.0625
0 0.09975961538461539 0.36538461538461536 0.052884615384615384 0.052884615384615384
0 0.3137019230769231 0.2536057692307692 0.04807692307692308 0.04567307692307692
0 0.27403846153846156 0.30528846153846156 0.04326923076923077 0.04567307692307692
0 0.4206730769230769 0.23076923076923078 0.06009615384615385 0.057692307692307696
0 0.38221153846153844 0.140625 0.052884615384615384 0.04326923076923077
0 0.5012019230769231 0.16947115384615385 0.04326923076923077 0.04326923076923077
0 0.5216346153846154 0.1141826923076923 0.052884615384615384 0.040865384615384616
0 0.515625 0.08173076923076923 0.04807692307692308 0.04326923076923077
0 0.6177884615384616 0.12980769230769232 0.040865384615384616 0.04567307692307692
0 0.5841346153846154 0.15384615384615385 0.038461538461538464 0.040865384615384616
0 0.6310096153846154 0.30528846153846156 0.04567307692307692 0.052884615384615384
0 0.5649038461538461 0.3112980769230769 0.040865384615384616 0.052884615384615384
0 0.6237980769230769 0.4074519230769231 0.040865384615384616 0.04807692307692308
0 0.6538461538461539 0.3737980769230769 0.04326923076923077 0.04326923076923077
0 0.65625 0.4579326923076923 0.040865384615384616 0.055288461538461536
0 0.6225961538461539 0.5168269230769231 0.040865384615384616 0.04326923076923077
0 0.7307692307692307 0.4879807692307692 0.057692307692307696 0.0625
0 0.7596153846153846 0.4230769230769231 0.04807692307692308 0.04807692307692308
0 0.6971153846153846 0.32211538461538464 0.055288461538461536 0.0625
0 0.7259615384615384 0.17548076923076922 0.04326923076923077 0.04326923076923077
0 0.6622596153846154 0.19591346153846154 0.052884615384615384 0.057692307692307696
0 0.7884615384615384 0.17307692307692307 0.055288461538461536 0.04807692307692308
0 0.7764423076923077 0.021634615384615384 0.04807692307692308 0.04326923076923077
0 0.7788461538461539 0.09134615384615384 0.03365384615384615 0.038461538461538464
0 0.7908653846153846 0.24759615384615385 0.04807692307692308 0.03365384615384615
0 0.8100961538461539 0.2692307692307692 0.026442307692307692 0.028846153846153848
0 0.8605769230769231 0.30649038461538464 0.07692307692307693 0.07451923076923077
0 0.84375 0.3737980769230769 0.057692307692307696 0.05048076923076923
0 0.8449519230769231 0.4423076923076923 0.04807692307692308 0.06971153846153846
0 0.9206730769230769 0.41225961538461536 0.04567307692307692 0.038461538461538464
0 0.9483173076923077 0.44350961538461536 0.06009615384615385 0.04326923076923077
0 0.9603365384615384 0.515625 0.055288461538461536 0.055288461538461536
0 0.9002403846153846 0.5949519230769231 0.052884615384615384 0.06971153846153846
0 0.8533653846153846 0.6862980769230769 0.04567307692307692 0.052884615384615384
0 0.8149038461538461 0.7211538461538461 0.057692307692307696 0.0673076923076923