0 0.37740384615384615 0.39663461538461536 0.06009615384615385 0.08413461538461539
0 0.27163461538461536 0.47475961538461536 0.06971153846153846 0.0889423076923077
0 0.23076923076923078 0.3161057692307692 0.06490384615384616 0.09375
0 0.17427884615384615 0.10216346153846154 0.057692307692307696 0.057692307692307696
0 0.28125 0.08052884615384616 0.07451923076923077 0.07211538461538461
0 0.027644230769230768 0.234375 0.055288461538461536 0.09375
0 0.12259615384615384 0.49759615384615385 0.05048076923076923 0.07932692307692307
0 0.15625 0.47716346153846156 0.040865384615384616 0.07932692307692307
0 0.2704326923076923 0.7007211538461539 0.057692307692307696 0.04567307692307692
0 0.2403846153846154 0.7439903846153846 0.07692307692307693 0.08653846153846154
0 0.23677884615384615 0.8689903846153846 0.06971153846153846 0.07211538461538461
0 0.3173076923076923 0.8629807692307693 0.057692307692307696 0.04326923076923077
0 0.34975961538461536 0.8341346153846154 0.04807692307692308 0.07211538461538461
0 0.3473557692307692 0.6358173076923077 0.057692307692307696 0.0889423076923077
0 0.4795673076923077 0.7067307692307693 0.057692307692307696 0.09134615384615384
0 0.5516826923076923 0.6346153846153846 0.057692307692307696 0.07451923076923077
0 0.6502403846153846 0.7307692307692307 0.04807692307692308 0.0673076923076923
0 0.6971153846153846 0.8016826923076923 0.04567307692307692 0.06009615384615385
0 0.6346153846153846 0.40865384615384615 0.04567307692307692 0.06009615384615385
0 0.5721153846153846 0.1814903846153846 0.057692307692307696 0.06971153846153846
0 0.5060096153846154 0.038461538461538464 0.06490384615384616 0.07211538461538461
0 0.6838942307692307 0.0673076923076923 0.06490384615384616 0.08413461538461539
0 0.7680288461538461 0.18990384615384615 0.06490384615384616 0.08173076923076923
0 0.8341346153846154 0.014423076923076924 0.0625 0.028846153846153848
0 0.984375 0.5625 0.03125 0.0625
0 0.9627403846153846 0.6213942307692307 0.052884615384615384 0.07932692307692307
0 0.859375 0.6670673076923077 0.03365384615384615 0.0625
0 0.8557692307692307 0.7055288461538461 0.05048076923076923 0.057692307692307696
0 0.8329326923076923 0.7524038461538461 0.052884615384615384 0.06490384615384616
0 0.8137019230769231 0.5288461538461539 0.08413461538461539 0.0889423076923077
0 0.34134615384615385 0.4807692307692308 0.10096153846153846 0.1346153846153846
0 0.1502403846153846 0.171875 0.057692307692307696 0.07692307692307693
0 0.6081730769230769 0.6850961538461539 0.06971153846153846 0.0889423076923077