0 0.5264423076923077 0.3173076923076923 0.1201923076923077 0.12259615384615384
0 0.8425480769230769 0.6298076923076923 0.11298076923076923 0.11298076923076923
0 0.46274038461538464 0.7355769230769231 0.09375 0.09375
0 0.4831730769230769 0.6778846153846154 0.07451923076923077 0.07451923076923077
0 0.2800480769230769 0.7403846153846154 0.125 0.12740384615384615
0 0.33052884615384615 0.9158653846153846 0.07451923076923077 0.07451923076923077
0 0.2127403846153846 0.2247596153846154 0.14423076923076922 0.1466346153846154
0 0.17067307692307693 0.4387019230769231 0.13701923076923078 0.14182692307692307
0 0.04447115384615385 0.37740384615384615 0.0889423076923077 0.11057692307692307
0 0.49759615384615385 0.07451923076923077 0.17307692307692307 0.14903846153846154
0 0.35096153846153844 0.8269230769230769 0.06971153846153846 0.06971153846153846
0 0.3605769230769231 0.8713942307692307 0.06971153846153846 0.06971153846153846