0 0.27403846153846156 0.4230769230769231 0.03245192307692308 0.04567307692307692
0 0.25841346153846156 0.33052884615384615 0.046875 0.038461538461538464
0 0.2956730769230769 0.21153846153846154 0.037259615384615384 0.0625
0 0.4182692307692308 0.19951923076923078 0.036057692307692304 0.054086538461538464
0 0.3233173076923077 0.09375 0.04447115384615385 0.06850961538461539
0 0.4362980769230769 0.4579326923076923 0.038461538461538464 0.040865384615384616
0 0.3137019230769231 0.5324519230769231 0.03365384615384615 0.0625
0 0.11778846153846154 0.7247596153846154 0.04447115384615385 0.05889423076923077
0 0.042067307692307696 0.8112980769230769 0.04927884615384615 0.04567307692307692
0 0.07211538461538461 0.42427884615384615 0.030048076923076924 0.04567307692307692
0 0.38100961538461536 0.6045673076923077 0.03125 0.06129807692307692
0 0.44350961538461536 0.6165865384615384 0.040865384615384616 0.06490384615384616
0 0.484375 0.39903846153846156 0.028846153846153848 0.06850961538461539
0 0.47836538461538464 0.4723557692307692 0.028846153846153848 0.06009615384615385
0 0.5841346153846154 0.3293269230769231 0.04447115384615385 0.042067307692307696
0 0.6574519230769231 0.2644230769230769 0.030048076923076924 0.055288461538461536
0 0.8173076923076923 0.234375 0.03485576923076923 0.057692307692307696
0 0.859375 0.18870192307692307 0.039663461538461536 0.042067307692307696
0 0.8173076923076923 0.3954326923076923 0.038461538461538464 0.0625
0 0.8930288461538461 0.46153846153846156 0.037259615384615384 0.06971153846153846
0 0.9278846153846154 0.6069711538461539 0.04567307692307692 0.09375
0 0.5829326923076923 0.22956730769230768 0.04326923076923077 0.0733173076923077
0 0.484375 0.18269230769230768 0.037259615384615384 0.055288461538461536
0 0.0829326923076923 0.19951923076923078 0.04447115384615385 0.042067307692307696
0 0.7079326923076923 0.6526442307692307 0.02403846153846154 0.055288461538461536
0 0.6850961538461539 0.7524038461538461 0.03365384615384615 0.05048076923076923
0 0.6454326923076923 0.6971153846153846 0.028846153846153848 0.04326923076923077
0 0.6153846153846154 0.7632211538461539 0.039663461538461536 0.055288461538461536
0 0.29927884615384615 0.7932692307692307 0.05048076923076923 0.06370192307692307
0 0.030048076923076924 0.41947115384615385 0.040865384615384616 0.04326923076923077
0 0.22115384615384615 0.6322115384615384 0.056490384615384616 0.0625
0 0.11057692307692307 0.5360576923076923 0.0733173076923077 0.05048076923076923
0 0.06610576923076923 0.33413461538461536 0.046875 0.04927884615384615
0 0.056490384615384616 0.3798076923076923 0.037259615384615384 0.054086538461538464
0 0.21394230769230768 0.3557692307692308 0.039663461538461536 0.037259615384615384
0 0.171875 0.3016826923076923 0.037259615384615384 0.056490384615384616
0 0.34134615384615385 0.6899038461538461 0.04447115384615385 0.08052884615384616
0 0.5685096153846154 0.515625 0.046875 0.06971153846153846
0 0.5444711538461539 0.4170673076923077 0.04807692307692308 0.07451923076923077
0 0.5793269230769231 0.4026442307692308 0.026442307692307692 0.07451923076923077
0 0.6394230769230769 0.026442307692307692 0.03245192307692308 0.039663461538461536
0 0.5288461538461539 0.1466346153846154 0.03365384615384615 0.056490384615384616
0 0.45913461538461536 0.0889423076923077 0.030048076923076924 0.0625
0 0.36899038461538464 0.16947115384615385 0.039663461538461536 0.04927884615384615
0 0.640625 0.8834134615384616 0.04567307692307692 0.0625
0 0.7319711538461539 0.8088942307692307 0.056490384615384616 0.057692307692307696
0 0.6959134615384616 0.8137019230769231 0.02283653846153846 0.054086538461538464
0 0.8641826923076923 0.7163461538461539 0.07211538461538461 0.1045673076923077
0 0.9002403846153846 0.3870192307692308 0.054086538461538464 0.06610576923076923
0 0.9338942307692307 0.34134615384615385 0.04326923076923077 0.1045673076923077
0 0.8894230769230769 0.2776442307692308 0.03125 0.04927884615384615
0 0.15865384615384615 0.6490384615384616 0.04447115384615385 0.0889423076923077
0 0.18870192307692307 0.9278846153846154 0.030048076923076924 0.0673076923076923
0 0.45552884615384615 0.2439903846153846 0.027644230769230768 0.05889423076923077
0 0.9783653846153846 0.056490384615384616 0.042067307692307696 0.0733173076923077
0 0.8377403846153846 0.019230769230769232 0.03245192307692308 0.036057692307692304
0 0.31009615384615385 0.021634615384615384 0.054086538461538464 0.040865384615384616
0 0.014423076923076924 0.06129807692307692 0.028846153846153848 0.07932692307692307
0 0.7752403846153846 0.6899038461538461 0.018028846153846152 0.055288461538461536
0 0.8100961538461539 0.6887019230769231 0.038461538461538464 0.06129807692307692
0 0.7475961538461539 0.6983173076923077 0.03485576923076923 0.05889423076923077