0 0.4519230769230769 0.6189903846153846 0.09615384615384616 0.0985576923076923
0 0.5576923076923077 0.5252403846153846 0.07692307692307693 0.08173076923076923
0 0.5829326923076923 0.41346153846153844 0.07692307692307693 0.08173076923076923
0 0.24519230769230768 0.21153846153846154 0.09375 0.09375
0 0.34975961538461536 0.19471153846153846 0.08413461538461539 0.09134615384615384
0 0.40384615384615385 0.025240384615384616 0.08653846153846154 0.05048076923076923
0 0.5084134615384616 0.09254807692307693 0.09375 0.0985576923076923
0 0.5817307692307693 0.24639423076923078 0.10817307692307693 0.1201923076923077
0 0.9242788461538461 0.6298076923076923 0.0985576923076923 0.0985576923076923
0 0.9759615384615384 0.6850961538461539 0.04807692307692308 0.09615384615384616
0 0.7740384615384616 0.8521634615384616 0.0985576923076923 0.10576923076923077
0 0.34975961538461536 0.7175480769230769 0.10817307692307693 0.11538461538461539
0 0.1466346153846154 0.4423076923076923 0.09615384615384616 0.09615384615384616
0 0.8918269230769231 0.2668269230769231 0.09375 0.09615384615384616
0 0.7668269230769231 0.234375 0.08653846153846154 0.09134615384615384
0 0.6201923076923077 0.03245192307692308 0.08173076923076923 0.06490384615384616
0 0.2548076923076923 0.4891826923076923 0.07451923076923077 0.07692307692307693
0 0.33653846153846156 0.796875 0.08173076923076923 0.08653846153846154
0 0.3004807692307692 0.5733173076923077 0.07932692307692307 0.08173076923076923
0 0.53125 0.8485576923076923 0.11298076923076923 0.1201923076923077
0 0.12980769230769232 0.5697115384615384 0.0889423076923077 0.09134615384615384
0 0.1141826923076923 0.6057692307692307 0.09375 0.10096153846153846
0 0.1201923076923077 0.7043269230769231 0.09615384615384616 0.0985576923076923
0 0.052884615384615384 0.4254807692307692 0.0985576923076923 0.10096153846153846
0 0.6947115384615384 0.6502403846153846 0.10096153846153846 0.10336538461538461
0 0.6334134615384616 0.5372596153846154 0.09134615384615384 0.09375
0 0.9314903846153846 0.45913461538461536 0.12259615384615384 0.12740384615384615
0 0.9266826923076923 0.7151442307692307 0.09134615384615384 0.0985576923076923
0 0.8858173076923077 0.7427884615384616 0.10336538461538461 0.11057692307692307
0 0.7151442307692307 0.03125 0.10336538461538461 0.0625
0 0.2800480769230769 0.11778846153846154 0.07932692307692307 0.08653846153846154
0 0.16346153846153846 0.13822115384615385 0.05048076923076923 0.04567307692307692
0 0.021634615384615384 0.28365384615384615 0.04326923076923077 0.0673076923076923