0 0.31009615384615385 0.027644230769230768 0.09134615384615384 0.055288461538461536
0 0.15865384615384615 0.18028846153846154 0.09615384615384616 0.09615384615384616
0 0.2536057692307692 0.1502403846153846 0.0673076923076923 0.06490384615384616
0 0.07211538461538461 0.24278846153846154 0.07932692307692307 0.08173076923076923
0 0.11298076923076923 0.4230769230769231 0.08653846153846154 0.08653846153846154
0 0.008413461538461538 0.49399038461538464 0.016826923076923076 0.08413461538461539
0 0.10336538461538461 0.6370192307692307 0.08413461538461539 0.08413461538461539
0 0.08533653846153846 0.7151442307692307 0.07932692307692307 0.07932692307692307
0 0.35216346153846156 0.3557692307692308 0.09134615384615384 0.09375
0 0.35336538461538464 0.4254807692307692 0.07211538461538461 0.07211538461538461
0 0.46634615384615385 0.3701923076923077 0.07692307692307693 0.07932692307692307
0 0.6646634615384616 0.265625 0.08413461538461539 0.08413461538461539
0 0.7223557692307693 0.24158653846153846 0.057692307692307696 0.057692307692307696
0 0.8088942307692307 0.24759615384615385 0.08653846153846154 0.08653846153846154
0 0.6370192307692307 0.38341346153846156 0.09375 0.09375
0 0.5961538461538461 0.4375 0.07932692307692307 0.07932692307692307
0 0.7331730769230769 0.49759615384615385 0.07692307692307693 0.07692307692307693
0 0.9086538461538461 0.7512019230769231 0.08173076923076923 0.08413461538461539
0 0.5360576923076923 0.9795673076923077 0.12980769230769232 0.040865384615384616
0 0.4879807692307692 0.8389423076923077 0.10576923076923077 0.10576923076923077
0 0.3786057692307692 0.8677884615384616 0.10336538461538461 0.10336538461538461
0 0.3641826923076923 0.7247596153846154 0.07692307692307693 0.07692307692307693
0 0.6045673076923077 0.7127403846153846 0.11057692307692307 0.11057692307692307
0 0.36658653846153844 0.9807692307692307 0.08413461538461539 0.038461538461538464