0 0.34134615384615385 0.055288461538461536 0.057692307692307696 0.0625
0 0.24879807692307693 0.057692307692307696 0.04326923076923077 0.052884615384615384
0 0.2848557692307692 0.13341346153846154 0.038461538461538464 0.040865384615384616
0 0.2439903846153846 0.15625 0.057692307692307696 0.04326923076923077
0 0.30649038461538464 0.26802884615384615 0.04326923076923077 0.0625
0 0.37259615384615385 0.2848557692307692 0.0625 0.04567307692307692
0 0.47475961538461536 0.2956730769230769 0.057692307692307696 0.06971153846153846
0 0.49278846153846156 0.21634615384615385 0.06009615384615385 0.06971153846153846
0 0.42788461538461536 0.14423076923076922 0.052884615384615384 0.07692307692307693
0 0.4651442307692308 0.109375 0.055288461538461536 0.08413461538461539
0 0.43509615384615385 0.030048076923076924 0.055288461538461536 0.057692307692307696
0 0.5745192307692307 0.05889423076923077 0.03365384615384615 0.057692307692307696
0 0.6045673076923077 0.07932692307692307 0.038461538461538464 0.06971153846153846
0 0.5997596153846154 0.007211538461538462 0.04567307692307692 0.014423076923076924
0 0.7487980769230769 0.02283653846153846 0.06009615384615385 0.04567307692307692
0 0.7632211538461539 0.1622596153846154 0.06971153846153846 0.0673076923076923
0 0.9302884615384616 0.20673076923076922 0.04326923076923077 0.05048076923076923
0 0.8353365384615384 0.29447115384615385 0.057692307692307696 0.057692307692307696
0 0.8389423076923077 0.4362980769230769 0.06009615384615385 0.06971153846153846
0 0.7740384615384616 0.4519230769230769 0.04807692307692308 0.06490384615384616
0 0.6262019230769231 0.30528846153846156 0.0673076923076923 0.06971153846153846
0 0.6490384615384616 0.2776442307692308 0.04326923076923077 0.052884615384615384
0 0.6394230769230769 0.34615384615384615 0.040865384615384616 0.06971153846153846
0 0.5745192307692307 0.38822115384615385 0.06490384615384616 0.07932692307692307
0 0.5348557692307693 0.5637019230769231 0.0625 0.052884615384615384
0 0.6754807692307693 0.5997596153846154 0.07451923076923077 0.07211538461538461
0 0.5661057692307693 0.7439903846153846 0.0673076923076923 0.0673076923076923
0 0.44350961538461536 0.6899038461538461 0.07932692307692307 0.07451923076923077
0 0.34375 0.6153846153846154 0.057692307692307696 0.07692307692307693
0 0.23557692307692307 0.5264423076923077 0.06009615384615385 0.0673076923076923
0 0.26802884615384615 0.5552884615384616 0.06009615384615385 0.06009615384615385
0 0.7872596153846154 0.875 0.07451923076923077 0.1201923076923077
0 0.6478365384615384 0.9447115384615384 0.08653846153846154 0.08653846153846154
0 0.9122596153846154 0.8245192307692307 0.07692307692307693 0.08413461538461539
0 0.9783653846153846 0.8125 0.04326923076923077 0.09134615384615384
0 0.9783653846153846 0.7163461538461539 0.04326923076923077 0.052884615384615384
0 0.10817307692307693 0.78125 0.06971153846153846 0.09375
0 0.06850961538461539 0.5805288461538461 0.057692307692307696 0.08653846153846154
0 0.015625 0.1875 0.03125 0.04326923076923077
0 0.028846153846153848 0.28966346153846156 0.04326923076923077 0.04807692307692308
0 0.21033653846153846 0.609375 0.057692307692307696 0.08653846153846154