0 0.234375 0.375 0.055288461538461536 0.06009615384615385
0 0.09134615384615384 0.40384615384615385 0.057692307692307696 0.0829326923076923
0 0.30528846153846156 0.6935096153846154 0.06129807692307692 0.07211538461538461
0 0.47596153846153844 0.45072115384615385 0.038461538461538464 0.07451923076923077
0 0.49158653846153844 0.27283653846153844 0.04326923076923077 0.06610576923076923
0 0.5420673076923077 0.23557692307692307 0.04447115384615385 0.09375
0 0.671875 0.03365384615384615 0.03245192307692308 0.04326923076923077
0 0.7608173076923077 0.1201923076923077 0.07211538461538461 0.03485576923076923
0 0.6875 0.38221153846153844 0.042067307692307696 0.10697115384615384
0 0.7271634615384616 0.7668269230769231 0.03485576923076923 0.09134615384615384
0 0.8004807692307693 0.9435096153846154 0.04807692307692308 0.08774038461538461
0 0.5949519230769231 0.7788461538461539 0.040865384615384616 0.027644230769230768
0 0.5865384615384616 0.8040865384615384 0.026442307692307692 0.06490384615384616
0 0.5144230769230769 0.6538461538461539 0.057692307692307696 0.07211538461538461