0 0.4326923076923077 0.32211538461538464 0.0889423076923077 0.10096153846153846
0 0.5625 0.26802884615384615 0.07211538461538461 0.06971153846153846
0 0.7175480769230769 0.36538461538461536 0.06490384615384616 0.07211538461538461
0 0.7848557692307693 0.3713942307692308 0.06490384615384616 0.08173076923076923
0 0.6814903846153846 0.4891826923076923 0.07451923076923077 0.07692307692307693
0 0.6177884615384616 0.6670673076923077 0.05048076923076923 0.06009615384615385
0 0.6298076923076923 0.7415865384615384 0.055288461538461536 0.06490384615384616
0 0.22115384615384615 0.5913461538461539 0.055288461538461536 0.0625
0 0.33052884615384615 0.3605769230769231 0.06009615384615385 0.06009615384615385
0 0.47836538461538464 0.16947115384615385 0.08653846153846154 0.0889423076923077
0 0.29927884615384615 0.23076923076923078 0.06009615384615385 0.055288461538461536
0 0.43990384615384615 0.05048076923076923 0.0625 0.057692307692307696
0 0.390625 0.10096153846153846 0.04807692307692308 0.04567307692307692
0 0.40865384615384615 0.14302884615384615 0.04326923076923077 0.04807692307692308
0 0.34615384615384615 0.4951923076923077 0.06971153846153846 0.08173076923076923
0 0.27884615384615385 0.6129807692307693 0.06490384615384616 0.0673076923076923
0 0.5528846153846154 0.140625 0.06490384615384616 0.07451923076923077
0 0.5360576923076923 0.20432692307692307 0.038461538461538464 0.04326923076923077
0 0.59375 0.5612980769230769 0.0625 0.06009615384615385
0 0.27403846153846156 0.28725961538461536 0.06009615384615385 0.057692307692307696
0 0.3581730769230769 0.84375 0.06009615384615385 0.0673076923076923
0 0.19951923076923078 0.8353365384615384 0.055288461538461536 0.057692307692307696
0 0.13822115384615385 0.22716346153846154 0.0673076923076923 0.07451923076923077
0 0.4651442307692308 0.4567307692307692 0.06971153846153846 0.07211538461538461
0 0.5396634615384616 0.8233173076923077 0.08653846153846154 0.09375
0 0.06370192307692307 0.7824519230769231 0.06490384615384616 0.06971153846153846
0 0.037259615384615384 0.5504807692307693 0.07451923076923077 0.09615384615384616
0 0.5540865384615384 0.41466346153846156 0.07692307692307693 0.08653846153846154
0 0.5600961538461539 0.5240384615384616 0.057692307692307696 0.06490384615384616
0 0.2692307692307692 0.8305288461538461 0.052884615384615384 0.055288461538461536
0 0.11538461538461539 0.7680288461538461 0.057692307692307696 0.06490384615384616
0 0.6754807692307693 0.8088942307692307 0.0625 0.06971153846153846
0 0.640625 0.8245192307692307 0.06971153846153846 0.07692307692307693
0 0.8064903846153846 0.5793269230769231 0.07451923076923077 0.08173076923076923
0 0.8461538461538461 0.7487980769230769 0.0625 0.0673076923076923
0 0.14423076923076922 0.16826923076923078 0.052884615384615384 0.05048076923076923
0 0.23918269230769232 0.2548076923076923 0.052884615384615384 0.06009615384615385
0 0.18990384615384615 0.31490384615384615 0.0625 0.06490384615384616
0 0.10817307692307693 0.38461538461538464 0.05048076923076923 0.06009615384615385
0 0.1466346153846154 0.3605769230769231 0.06009615384615385 0.06971153846153846
0 0.3269230769230769 0.1814903846153846 0.06009615384615385 0.06490384615384616
0 0.375 0.34615384615384615 0.0625 0.06971153846153846
0 0.6274038461538461 0.18269230769230768 0.052884615384615384 0.0673076923076923