0 0.3629807692307692 0.4170673076923077 0.03245192307692308 0.07451923076923077
0 0.3545673076923077 0.49278846153846156 0.051682692307692304 0.06490384615384616
0 0.5865384615384616 0.3161057692307692 0.06850961538461539 0.10216346153846154
0 0.2668269230769231 0.3317307692307692 0.06850961538461539 0.09735576923076923
0 0.12139423076923077 0.8389423076923077 0.05889423076923077 0.06370192307692307
0 0.39903846153846156 0.6646634615384616 0.057692307692307696 0.09495192307692307
0 0.47836538461538464 0.8870192307692307 0.04927884615384615 0.078125
0 0.36899038461538464 0.9651442307692307 0.05889423076923077 0.04326923076923077
0 0.7980769230769231 0.9555288461538461 0.046875 0.06850961538461539
0 0.9146634615384616 0.6887019230769231 0.0673076923076923 0.06850961538461539
0 0.4098557692307692 0.16706730769230768 0.10336538461538461 0.19831730769230768