0 0.35216346153846156 0.037259615384615384 0.0673076923076923 0.0625
0 0.12860576923076922 0.23918269230769232 0.07211538461538461 0.08413461538461539
0 0.07692307692307693 0.2512019230769231 0.040865384615384616 0.052884615384615384
0 0.4735576923076923 0.10336538461538461 0.06490384615384616 0.07211538461538461
0 0.4807692307692308 0.15865384615384615 0.04807692307692308 0.052884615384615384
0 0.6646634615384616 0.11298076923076923 0.05048076923076923 0.057692307692307696
0 0.7055288461538461 0.1971153846153846 0.06490384615384616 0.07692307692307693
0 0.7788461538461539 0.16706730769230768 0.052884615384615384 0.06490384615384616
0 0.8762019230769231 0.17548076923076922 0.07211538461538461 0.07932692307692307
0 0.8509615384615384 0.27524038461538464 0.07692307692307693 0.08173076923076923
0 0.7151442307692307 0.33653846153846156 0.09615384615384616 0.1201923076923077
0 0.6418269230769231 0.3269230769230769 0.06490384615384616 0.07932692307692307
0 0.5480769230769231 0.3641826923076923 0.06490384615384616 0.07451923076923077
0 0.5108173076923077 0.3918269230769231 0.057692307692307696 0.06971153846153846
0 0.48197115384615385 0.30408653846153844 0.06009615384615385 0.07932692307692307
0 0.4579326923076923 0.30288461538461536 0.052884615384615384 0.06971153846153846
0 0.2668269230769231 0.31009615384615385 0.0673076923076923 0.08413461538461539
0 0.25600961538461536 0.29927884615384615 0.05048076923076923 0.0673076923076923
0 0.20432692307692307 0.3004807692307692 0.055288461538461536 0.04807692307692308
0 0.19110576923076922 0.3629807692307692 0.0625 0.06490384615384616
0 0.01201923076923077 0.515625 0.02403846153846154 0.05048076923076923
0 0.010817307692307692 0.5673076923076923 0.021634615384615384 0.0673076923076923
0 0.09615384615384616 0.7391826923076923 0.06971153846153846 0.0673076923076923
0 0.027644230769230768 0.7836538461538461 0.055288461538461536 0.07692307692307693
0 0.051682692307692304 0.7860576923076923 0.04567307692307692 0.055288461538461536
0 0.18389423076923078 0.8329326923076923 0.06971153846153846 0.06971153846153846
0 0.4170673076923077 0.8125 0.06009615384615385 0.06490384615384616
0 0.3329326923076923 0.9483173076923077 0.057692307692307696 0.06009615384615385
0 0.3701923076923077 0.9759615384615384 0.038461538461538464 0.040865384615384616
0 0.48677884615384615 0.7391826923076923 0.08413461538461539 0.08653846153846154
0 0.5276442307692307 0.6466346153846154 0.08173076923076923 0.0889423076923077
0 0.4519230769230769 0.6021634615384616 0.07692307692307693 0.07451923076923077
0 0.5540865384615384 0.49278846153846156 0.06490384615384616 0.08173076923076923
0 0.328125 0.47596153846153844 0.07451923076923077 0.0889423076923077
0 0.8064903846153846 0.48677884615384615 0.0625 0.0625
0 0.7716346153846154 0.5180288461538461 0.06490384615384616 0.06490384615384616
0 0.734375 0.5600961538461539 0.057692307692307696 0.0625
0 0.6959134615384616 0.5528846153846154 0.05048076923076923 0.04326923076923077
0 0.8798076923076923 0.5865384615384616 0.07932692307692307 0.07211538461538461
0 0.7704326923076923 0.5841346153846154 0.057692307692307696 0.06971153846153846
0 0.1310096153846154 0.38221153846153844 0.0985576923076923 0.11778846153846154