0 0.39663461538461536 0.34615384615384615 0.026442307692307692 0.039663461538461536
0 0.41947115384615385 0.3389423076923077 0.01201923076923077 0.03365384615384615
0 0.45552884615384615 0.28725961538461536 0.019230769230769232 0.020432692307692308
0 0.49158653846153844 0.296875 0.025240384615384616 0.038461538461538464
0 0.5024038461538461 0.2127403846153846 0.016826923076923076 0.025240384615384616
0 0.42908653846153844 0.19471153846153846 0.04807692307692308 0.028846153846153848
0 0.3293269230769231 0.125 0.040865384615384616 0.03245192307692308
0 0.31009615384615385 0.22716346153846154 0.028846153846153848 0.039663461538461536
0 0.21394230769230768 0.16466346153846154 0.040865384615384616 0.04447115384615385
0 0.22956730769230768 0.07211538461538461 0.03485576923076923 0.037259615384615384
0 0.2668269230769231 0.0985576923076923 0.02403846153846154 0.03245192307692308
0 0.3088942307692308 0.07692307692307693 0.04927884615384615 0.055288461538461536
0 0.38100961538461536 0.07692307692307693 0.03365384615384615 0.03245192307692308
0 0.4831730769230769 0.07091346153846154 0.03485576923076923 0.03245192307692308
0 0.5132211538461539 0.06009615384615385 0.014423076923076924 0.054086538461538464
0 0.5348557692307693 0.13341346153846154 0.026442307692307692 0.03245192307692308
0 0.5228365384615384 0.15985576923076922 0.02403846153846154 0.027644230769230768
0 0.5649038461538461 0.21153846153846154 0.025240384615384616 0.03245192307692308
0 0.5925480769230769 0.23076923076923078 0.020432692307692308 0.025240384615384616
0 0.5649038461538461 0.23918269230769232 0.026442307692307692 0.019230769230769232
0 0.5697115384615384 0.09375 0.025240384615384616 0.03485576923076923
0 0.6526442307692307 0.0733173076923077 0.039663461538461536 0.039663461538461536
0 0.7079326923076923 0.06850961538461539 0.010817307692307692 0.046875
0 0.6887019230769231 0.11057692307692307 0.015625 0.021634615384615384
0 0.6790865384615384 0.15384615384615385 0.02283653846153846 0.028846153846153848
0 0.640625 0.15865384615384615 0.03125 0.02403846153846154
0 0.6009615384615384 0.12740384615384615 0.03125 0.020432692307692308
0 0.8245192307692307 0.23798076923076922 0.03125 0.04326923076923077
0 0.7403846153846154 0.2692307692307692 0.02403846153846154 0.03245192307692308
0 0.7019230769230769 0.24639423076923078 0.013221153846153846 0.026442307692307692
0 0.6310096153846154 0.24158653846153846 0.027644230769230768 0.040865384615384616
0 0.6201923076923077 0.2704326923076923 0.037259615384615384 0.036057692307692304
0 0.6189903846153846 0.31009615384615385 0.02283653846153846 0.030048076923076924
0 0.5625 0.375 0.02283653846153846 0.03365384615384615
0 0.484375 0.4074519230769231 0.038461538461538464 0.028846153846153848
0 0.2956730769230769 0.3317307692307692 0.038461538461538464 0.042067307692307696
0 0.21634615384615385 0.2512019230769231 0.04807692307692308 0.04927884615384615
0 0.20072115384615385 0.45552884615384615 0.055288461538461536 0.06009615384615385
0 0.171875 0.49399038461538464 0.039663461538461536 0.028846153846153848
0 0.23317307692307693 0.5492788461538461 0.021634615384615384 0.036057692307692304
0 0.36538461538461536 0.5408653846153846 0.027644230769230768 0.03365384615384615
0 0.40384615384615385 0.5384615384615384 0.02403846153846154 0.039663461538461536
0 0.4411057692307692 0.5588942307692307 0.015625 0.02283653846153846
0 0.4795673076923077 0.5721153846153846 0.019230769230769232 0.03365384615384615
0 0.47716346153846156 0.6298076923076923 0.036057692307692304 0.042067307692307696
0 0.5420673076923077 0.6466346153846154 0.04447115384615385 0.038461538461538464
0 0.5492788461538461 0.5865384615384616 0.025240384615384616 0.042067307692307696
0 0.5540865384615384 0.5084134615384616 0.037259615384615384 0.052884615384615384
0 0.5841346153846154 0.49278846153846156 0.026442307692307692 0.04447115384615385
0 0.5913461538461539 0.43149038461538464 0.04326923076923077 0.05048076923076923
0 0.640625 0.39302884615384615 0.036057692307692304 0.04326923076923077
0 0.6911057692307693 0.44591346153846156 0.03245192307692308 0.03245192307692308
0 0.6754807692307693 0.4735576923076923 0.036057692307692304 0.028846153846153848
0 0.640625 0.5600961538461539 0.02283653846153846 0.05048076923076923
0 0.5901442307692307 0.5853365384615384 0.037259615384615384 0.052884615384615384
0 0.5961538461538461 0.625 0.038461538461538464 0.042067307692307696
0 0.6670673076923077 0.6105769230769231 0.03365384615384615 0.03125
0 0.7475961538461539 0.6923076923076923 0.05048076923076923 0.052884615384615384
0 0.7331730769230769 0.7235576923076923 0.039663461538461536 0.036057692307692304
0 0.7932692307692307 0.5697115384615384 0.03125 0.040865384615384616
0 0.7776442307692307 0.35336538461538464 0.019230769230769232 0.0625
0 0.7908653846153846 0.3125 0.025240384615384616 0.021634615384615384
0 0.8365384615384616 0.3389423076923077 0.020432692307692308 0.036057692307692304
0 0.6838942307692307 0.3473557692307692 0.03485576923076923 0.03485576923076923
0 0.6586538461538461 0.26322115384615385 0.018028846153846152 0.028846153846153848
0 0.3125 0.4014423076923077 0.03245192307692308 0.037259615384615384
0 0.30288461538461536 0.46274038461538464 0.03245192307692308 0.03485576923076923
0 0.3713942307692308 0.22716346153846154 0.02403846153846154 0.036057692307692304
0 0.1935096153846154 0.6466346153846154 0.04567307692307692 0.04447115384615385
0 0.25 0.6117788461538461 0.038461538461538464 0.037259615384615384
0 0.2127403846153846 0.8197115384615384 0.037259615384615384 0.03485576923076923
0 0.3245192307692308 0.5973557692307693 0.026442307692307692 0.03365384615384615
0 0.34615384615384615 0.6177884615384616 0.021634615384615384 0.03125
0 0.36538461538461536 0.6358173076923077 0.027644230769230768 0.037259615384615384
0 0.4170673076923077 0.8822115384615384 0.03365384615384615 0.04447115384615385
0 0.3629807692307692 0.8341346153846154 0.03485576923076923 0.027644230769230768
0 0.25961538461538464 0.9086538461538461 0.030048076923076924 0.039663461538461536
0 0.8197115384615384 0.6899038461538461 0.03245192307692308 0.06490384615384616
0 0.8197115384615384 0.7956730769230769 0.03245192307692308 0.03485576923076923
0 0.7620192307692307 0.8521634615384616 0.021634615384615384 0.015625
0 0.7139423076923077 0.8870192307692307 0.04326923076923077 0.013221153846153846
0 0.7475961538461539 0.9290865384615384 0.019230769230769232 0.025240384615384616
0 0.7572115384615384 0.9795673076923077 0.028846153846153848 0.020432692307692308
0 0.7151442307692307 0.9723557692307693 0.03245192307692308 0.02283653846153846
0 0.6826923076923077 0.9014423076923077 0.038461538461538464 0.04807692307692308
0 0.7079326923076923 0.20673076923076922 0.025240384615384616 0.046875
0 0.22115384615384615 0.6838942307692307 0.016826923076923076 0.030048076923076924
0 0.19230769230769232 0.8677884615384616 0.04326923076923077 0.02403846153846154
0 0.4519230769230769 0.42788461538461536 0.026442307692307692 0.02403846153846154
0 0.44711538461538464 0.3870192307692308 0.02403846153846154 0.03245192307692308
0 0.4879807692307692 0.35216346153846156 0.026442307692307692 0.03485576923076923
0 0.3870192307692308 0.16706730769230768 0.030048076923076924 0.04567307692307692
0 0.38221153846153844 0.12860576923076922 0.03365384615384615 0.03125
0 0.359375 0.11057692307692307 0.02403846153846154 0.020432692307692308
0 0.5805288461538461 0.3112980769230769 0.025240384615384616 0.037259615384615384
0 0.5612980769230769 0.28966346153846156 0.026442307692307692 0.02403846153846154
0 0.546875 0.390625 0.018028846153846152 0.036057692307692304
0 0.5372596153846154 0.40865384615384615 0.01201923076923077 0.06850961538461539
0 0.5012019230769231 0.44471153846153844 0.025240384615384616 0.04807692307692308
0 0.4795673076923077 0.44350961538461536 0.02283653846153846 0.042067307692307696
0 0.35697115384615385 0.42908653846153844 0.015625 0.04807692307692308