0 0.5192307692307693 0.26802884615384615 0.06610576923076923 0.04927884615384615
0 0.6346153846153846 0.20072115384615385 0.07572115384615384 0.052884615384615384
0 0.6298076923076923 0.24519230769230768 0.054086538461538464 0.05889423076923077
0 0.7007211538461539 0.14423076923076922 0.06370192307692307 0.06850961538461539
0 0.7776442307692307 0.20793269230769232 0.046875 0.04807692307692308
0 0.7259615384615384 0.35216346153846156 0.055288461538461536 0.06971153846153846
0 0.6538461538461539 0.3545673076923077 0.0733173076923077 0.08052884615384616
0 0.3016826923076923 0.21875 0.07932692307692307 0.07091346153846154
0 0.3245192307692308 0.14302884615384615 0.054086538461538464 0.037259615384615384
0 0.1141826923076923 0.09735576923076923 0.0829326923076923 0.06129807692307692
0 0.09495192307692307 0.3004807692307692 0.04567307692307692 0.0673076923076923
0 0.11899038461538461 0.4110576923076923 0.06370192307692307 0.06490384615384616
0 0.09375 0.578125 0.07932692307692307 0.056490384615384616
0 0.3173076923076923 0.5552884615384616 0.04567307692307692 0.0673076923076923
0 0.38221153846153844 0.5805288461538461 0.06009615384615385 0.04326923076923077
0 0.36899038461538464 0.6201923076923077 0.0733173076923077 0.030048076923076924
0 0.4170673076923077 0.6514423076923077 0.06610576923076923 0.04326923076923077
0 0.4699519230769231 0.7548076923076923 0.040865384615384616 0.06971153846153846
0 0.46033653846153844 0.890625 0.06009615384615385 0.078125
0 0.3125 0.7896634615384616 0.0829326923076923 0.08052884615384616
0 0.7019230769230769 0.7920673076923077 0.0733173076923077 0.05048076923076923
0 0.6923076923076923 0.8509615384615384 0.038461538461538464 0.05889423076923077
0 0.6838942307692307 0.9579326923076923 0.07572115384615384 0.06129807692307692
0 0.8545673076923077 0.6706730769230769 0.04807692307692308 0.06971153846153846
0 0.7764423076923077 0.5985576923076923 0.0733173076923077 0.06971153846153846
0 0.7992788461538461 0.4855769230769231 0.04927884615384615 0.06370192307692307
0 0.96875 0.5420673076923077 0.06129807692307692 0.09495192307692307
0 0.703125 0.5961538461538461 0.08052884615384616 0.08533653846153846
0 0.46033653846153844 0.3713942307692308 0.055288461538461536 0.09254807692307693
0 0.027644230769230768 0.5384615384615384 0.04567307692307692 0.08173076923076923
0 0.03245192307692308 0.9447115384615384 0.06490384615384616 0.04927884615384615
0 0.16105769230769232 0.9182692307692307 0.04326923076923077 0.0889423076923077
0 0.22235576923076922 0.8197115384615384 0.051682692307692304 0.09615384615384616
0 0.6766826923076923 0.5168269230769231 0.11177884615384616 0.0889423076923077