0 0.36177884615384615 0.09134615384615384 0.0625 0.10096153846153846
0 0.2548076923076923 0.21514423076923078 0.038461538461538464 0.055288461538461536
0 0.2764423076923077 0.2403846153846154 0.028846153846153848 0.0625
0 0.27524038461538464 0.32211538461538464 0.02403846153846154 0.0673076923076923
0 0.23076923076923078 0.36778846153846156 0.036057692307692304 0.07932692307692307
0 0.10576923076923077 0.26322115384615385 0.06971153846153846 0.08653846153846154
0 0.11899038461538461 0.19591346153846154 0.06009615384615385 0.04326923076923077
0 0.09495192307692307 0.13221153846153846 0.06009615384615385 0.0625
0 0.05048076923076923 0.15504807692307693 0.057692307692307696 0.04807692307692308
0 0.055288461538461536 0.0733173076923077 0.036057692307692304 0.0889423076923077
0 0.06370192307692307 0.35216346153846156 0.052884615384615384 0.06971153846153846
0 0.12860576923076922 0.5 0.06009615384615385 0.057692307692307696
0 0.08774038461538461 0.5288461538461539 0.04807692307692308 0.052884615384615384
0 0.10336538461538461 0.6862980769230769 0.04326923076923077 0.07932692307692307
0 0.16346153846153846 0.6694711538461539 0.057692307692307696 0.038461538461538464
0 0.025240384615384616 0.8064903846153846 0.05048076923076923 0.07932692307692307
0 0.2127403846153846 0.8605769230769231 0.08653846153846154 0.09615384615384616
0 0.28365384615384615 0.8677884615384616 0.03365384615384615 0.07692307692307693
0 0.2776442307692308 0.7163461538461539 0.055288461538461536 0.08173076923076923
0 0.3762019230769231 0.8064903846153846 0.06971153846153846 0.07211538461538461
0 0.43990384615384615 0.7019230769230769 0.03365384615384615 0.05048076923076923
0 0.5 0.6418269230769231 0.06009615384615385 0.07932692307692307
0 0.3942307692307692 0.3786057692307692 0.0673076923076923 0.04567307692307692
0 0.2764423076923077 0.4951923076923077 0.04807692307692308 0.055288461538461536
0 0.6658653846153846 0.2247596153846154 0.07211538461538461 0.06490384615384616
0 0.49278846153846156 0.19471153846153846 0.04567307692307692 0.07692307692307693
0 0.46274038461538464 0.27403846153846156 0.06490384615384616 0.06009615384615385
0 0.6742788461538461 0.5564903846153846 0.0673076923076923 0.057692307692307696
0 0.7463942307692307 0.6117788461538461 0.04567307692307692 0.08413461538461539
0 0.5949519230769231 0.5805288461538461 0.04326923076923077 0.06971153846153846
0 0.5685096153846154 0.5420673076923077 0.03365384615384615 0.052884615384615384
0 0.5757211538461539 0.7800480769230769 0.03125 0.0673076923076923
0 0.5336538461538461 0.8966346153846154 0.036057692307692304 0.07932692307692307
0 0.4795673076923077 0.7175480769230769 0.052884615384615384 0.05048076923076923
0 0.7584134615384616 0.7884615384615384 0.04807692307692308 0.07932692307692307
0 0.8173076923076923 0.7463942307692307 0.06009615384615385 0.0625
0 0.6286057692307693 0.765625 0.07451923076923077 0.06490384615384616
0 0.625 0.9747596153846154 0.07211538461538461 0.05048076923076923
0 0.765625 0.18629807692307693 0.06009615384615385 0.07451923076923077
0 0.6730769230769231 0.3473557692307692 0.08173076923076923 0.0889423076923077
0 0.3629807692307692 0.4230769230769231 0.038461538461538464 0.038461538461538464
0 0.32572115384615385 0.46274038461538464 0.04807692307692308 0.08653846153846154
0 0.31490384615384615 0.5300480769230769 0.040865384615384616 0.04567307692307692