0 0.5408653846153846 0.2704326923076923 0.055288461538461536 0.06009615384615385
0 0.46875 0.09014423076923077 0.036057692307692304 0.0673076923076923
0 0.33653846153846156 0.6730769230769231 0.04567307692307692 0.04326923076923077
0 0.27283653846153844 0.7319711538461539 0.036057692307692304 0.038461538461538464
0 0.17067307692307693 0.8978365384615384 0.03125 0.057692307692307696
0 0.3245192307692308 0.8016826923076923 0.036057692307692304 0.04567307692307692
0 0.38822115384615385 0.038461538461538464 0.04567307692307692 0.036057692307692304
0 0.0985576923076923 0.20673076923076922 0.036057692307692304 0.04326923076923077
0 0.7560096153846154 0.6646634615384616 0.06009615384615385 0.0673076923076923
0 0.9615384615384616 0.33413461538461536 0.040865384615384616 0.06009615384615385
0 0.9278846153846154 0.7199519230769231 0.040865384615384616 0.06490384615384616
0 0.9002403846153846 0.8713942307692307 0.028846153846153848 0.08413461538461539
0 0.11538461538461539 0.39663461538461536 0.04326923076923077 0.0673076923076923
0 0.12740384615384615 0.4795673076923077 0.052884615384615384 0.057692307692307696
0 0.008413461538461538 0.27403846153846156 0.016826923076923076 0.057692307692307696
0 0.03125 0.27524038461538464 0.021634615384615384 0.0673076923076923
0 0.008413461538461538 0.05889423076923077 0.016826923076923076 0.036057692307692304
0 0.038461538461538464 0.09495192307692307 0.040865384615384616 0.04807692307692308
0 0.3798076923076923 0.6634615384615384 0.03365384615384615 0.055288461538461536
0 0.4519230769230769 0.7415865384615384 0.04567307692307692 0.06490384615384616
0 0.3942307692307692 0.7271634615384616 0.05048076923076923 0.05048076923076923
0 0.2247596153846154 0.8954326923076923 0.04567307692307692 0.07692307692307693
0 0.15144230769230768 0.9495192307692307 0.04326923076923077 0.07692307692307693
0 0.040865384615384616 0.8882211538461539 0.02403846153846154 0.08653846153846154
0 0.6213942307692307 0.35697115384615385 0.0625 0.055288461538461536
0 0.6298076923076923 0.18629807692307693 0.038461538461538464 0.04807692307692308
0 0.6177884615384616 0.15504807692307693 0.05048076923076923 0.055288461538461536
0 0.20673076923076922 0.22235576923076922 0.04326923076923077 0.052884615384615384
0 0.23197115384615385 0.2764423076923077 0.036057692307692304 0.05048076923076923
0 0.23677884615384615 0.3798076923076923 0.036057692307692304 0.06009615384615385
0 0.31850961538461536 0.43509615384615385 0.04326923076923077 0.06490384615384616
0 0.9807692307692307 0.8473557692307693 0.038461538461538464 0.07932692307692307
0 0.2932692307692308 0.9110576923076923 0.057692307692307696 0.06971153846153846