0 0.28365384615384615 0.23798076923076922 0.057692307692307696 0.04326923076923077
0 0.2764423076923077 0.3004807692307692 0.06009615384615385 0.07932692307692307
0 0.06490384615384616 0.2644230769230769 0.0625 0.0673076923076923
0 0.014423076923076924 0.2536057692307692 0.028846153846153848 0.08413461538461539
0 0.14182692307692307 0.7211538461538461 0.0673076923076923 0.08413461538461539
0 0.11177884615384616 0.9002403846153846 0.057692307692307696 0.10336538461538461
0 0.3233173076923077 0.15865384615384615 0.06971153846153846 0.08173076923076923
0 0.4831730769230769 0.22115384615384615 0.0673076923076923 0.06490384615384616
0 0.4675480769230769 0.2920673076923077 0.057692307692307696 0.0673076923076923
0 0.4254807692307692 0.27884615384615385 0.04326923076923077 0.06971153846153846
0 0.6814903846153846 0.35697115384615385 0.06490384615384616 0.07932692307692307
0 0.6237980769230769 0.5552884615384616 0.0625 0.06009615384615385
0 0.4987980769230769 0.49038461538461536 0.057692307692307696 0.07211538461538461
0 0.4879807692307692 0.5600961538461539 0.06490384615384616 0.06009615384615385
0 0.4675480769230769 0.6105769230769231 0.09615384615384616 0.08653846153846154
0 0.6622596153846154 0.640625 0.10817307692307693 0.07932692307692307
0 0.7800480769230769 0.49158653846153844 0.057692307692307696 0.04326923076923077
0 0.7776442307692307 0.3629807692307692 0.057692307692307696 0.08653846153846154
0 0.8569711538461539 0.30408653846153844 0.07451923076923077 0.09375
0 0.5985576923076923 0.0829326923076923 0.07211538461538461 0.0889423076923077
0 0.5276442307692307 0.07451923076923077 0.0625 0.0673076923076923
0 0.8798076923076923 0.08173076923076923 0.04807692307692308 0.05048076923076923
0 0.9326923076923077 0.4879807692307692 0.0673076923076923 0.07692307692307693
0 0.9326923076923077 0.5540865384615384 0.057692307692307696 0.06971153846153846
0 0.9675480769230769 0.6237980769230769 0.04567307692307692 0.06009615384615385
0 0.8810096153846154 0.734375 0.057692307692307696 0.08653846153846154
0 0.6598557692307693 0.7824519230769231 0.09375 0.08413461538461539
0 0.6730769230769231 0.9110576923076923 0.07932692307692307 0.08173076923076923
0 0.5853365384615384 0.921875 0.07932692307692307 0.11538461538461539
0 0.9302884615384616 0.8377403846153846 0.052884615384615384 0.07451923076923077
0 0.875 0.8389423076923077 0.04807692307692308 0.0625
0 0.8930288461538461 0.8894230769230769 0.052884615384615384 0.04567307692307692