0 0.6478365384615384 0.38100961538461536 0.06009615384615385 0.07211538461538461
0 0.6274038461538461 0.4675480769230769 0.04807692307692308 0.04567307692307692
0 0.578125 0.53125 0.036057692307692304 0.055288461538461536
0 0.46153846153846156 0.6959134615384616 0.038461538461538464 0.07451923076923077
0 0.38341346153846156 0.65625 0.028846153846153848 0.05048076923076923
0 0.2644230769230769 0.1346153846153846 0.040865384615384616 0.08413461538461539
0 0.44471153846153844 0.20552884615384615 0.026442307692307692 0.05048076923076923
0 0.18269230769230768 0.3137019230769231 0.03125 0.040865384615384616
0 0.21514423076923078 0.6646634615384616 0.04567307692307692 0.036057692307692304
0 0.30528846153846156 0.6850961538461539 0.055288461538461536 0.052884615384615384
0 0.24759615384615385 0.7788461538461539 0.055288461538461536 0.06490384615384616
0 0.15985576923076922 0.71875 0.036057692307692304 0.052884615384615384
0 0.5661057692307693 0.328125 0.06490384615384616 0.04567307692307692
0 0.6514423076923077 0.2283653846153846 0.06009615384615385 0.07451923076923077
0 0.7091346153846154 0.038461538461538464 0.028846153846153848 0.057692307692307696
0 0.30528846153846156 0.046875 0.04807692307692308 0.038461538461538464
0 0.17307692307692307 0.2644230769230769 0.036057692307692304 0.026442307692307692
0 0.3629807692307692 0.7415865384615384 0.04326923076923077 0.0625
0 0.5228365384615384 0.6730769230769231 0.036057692307692304 0.07451923076923077
0 0.5612980769230769 0.6899038461538461 0.036057692307692304 0.0625
0 0.5504807692307693 0.7716346153846154 0.038461538461538464 0.0673076923076923
0 0.4951923076923077 0.7379807692307693 0.04567307692307692 0.08173076923076923
0 0.5889423076923077 0.8040865384615384 0.028846153846153848 0.06490384615384616
0 0.22355769230769232 0.9002403846153846 0.05048076923076923 0.06009615384615385
0 0.38100961538461536 0.5444711538461539 0.057692307692307696 0.06490384615384616
0 0.28966346153846156 0.46033653846153844 0.057692307692307696 0.07211538461538461
0 0.26802884615384615 0.5024038461538461 0.03125 0.055288461538461536
0 0.2403846153846154 0.5048076923076923 0.03125 0.07451923076923077
0 0.040865384615384616 0.32211538461538464 0.057692307692307696 0.04567307692307692
0 0.8389423076923077 0.2800480769230769 0.04567307692307692 0.057692307692307696
0 0.8689903846153846 0.23918269230769232 0.04326923076923077 0.07932692307692307
0 0.8774038461538461 0.30288461538461536 0.055288461538461536 0.05048076923076923
0 0.8966346153846154 0.1935096153846154 0.036057692307692304 0.055288461538461536
0 0.9759615384615384 0.296875 0.04567307692307692 0.08653846153846154
0 0.7704326923076923 0.04927884615384615 0.06009615384615385 0.06971153846153846
0 0.31009615384615385 0.11177884615384616 0.040865384615384616 0.07932692307692307
0 0.5540865384615384 0.027644230769230768 0.026442307692307692 0.040865384615384616
0 0.5252403846153846 0.03245192307692308 0.028846153846153848 0.06009615384615385
0 0.37740384615384615 0.038461538461538464 0.03365384615384615 0.057692307692307696
0 0.36177884615384615 0.04807692307692308 0.02403846153846154 0.06490384615384616
0 0.34615384615384615 0.037259615384615384 0.021634615384615384 0.052884615384615384