0 0.6129807692307693 0.22956730769230768 0.04567307692307692 0.055288461538461536
0 0.6862980769230769 0.20432692307692307 0.06490384615384616 0.04567307692307692
0 0.3918269230769231 0.1466346153846154 0.05048076923076923 0.052884615384615384
0 0.1141826923076923 0.3016826923076923 0.06490384615384616 0.0625
0 0.7463942307692307 0.3233173076923077 0.06490384615384616 0.06490384615384616
0 0.9651442307692307 0.2127403846153846 0.06490384615384616 0.04567307692307692
0 0.9615384615384616 0.16947115384615385 0.038461538461538464 0.057692307692307696
0 0.8834134615384616 0.3942307692307692 0.06009615384615385 0.07211538461538461
0 0.9182692307692307 0.5168269230769231 0.0673076923076923 0.07451923076923077
0 0.6995192307692307 0.5072115384615384 0.06490384615384616 0.0673076923076923
0 0.4963942307692308 0.5769230769230769 0.04807692307692308 0.0625
0 0.4579326923076923 0.5793269230769231 0.052884615384615384 0.04807692307692308
0 0.5637019230769231 0.6754807692307693 0.07932692307692307 0.0625
0 0.47596153846153844 0.6983173076923077 0.0625 0.08173076923076923
0 0.7884615384615384 0.1778846153846154 0.0625 0.06971153846153846
0 0.6370192307692307 0.40384615384615385 0.07692307692307693 0.11298076923076923
0 0.453125 0.3389423076923077 0.0889423076923077 0.07692307692307693
0 0.8545673076923077 0.5024038461538461 0.06490384615384616 0.0985576923076923