0 0.421875 0.4182692307692308 0.057692307692307696 0.06971153846153846
0 0.3798076923076923 0.33052884615384615 0.09615384615384616 0.10096153846153846
0 0.40384615384615385 0.19230769230769232 0.05048076923076923 0.06971153846153846
0 0.4879807692307692 0.28966346153846156 0.08173076923076923 0.09375
0 0.46153846153846156 0.17067307692307693 0.07451923076923077 0.06009615384615385
0 0.5588942307692307 0.2403846153846154 0.07692307692307693 0.08653846153846154
0 0.6225961538461539 0.31850961538461536 0.06971153846153846 0.0625
0 0.5877403846153846 0.38341346153846156 0.0625 0.055288461538461536
0 0.703125 0.31490384615384615 0.03365384615384615 0.036057692307692304
0 0.7283653846153846 0.3641826923076923 0.052884615384615384 0.040865384615384616
0 0.6875 0.4254807692307692 0.040865384615384616 0.036057692307692304
0 0.5757211538461539 0.4675480769230769 0.055288461538461536 0.04807692307692308
0 0.39663461538461536 0.47716346153846156 0.04807692307692308 0.03125
0 0.3317307692307692 0.5168269230769231 0.055288461538461536 0.05048076923076923
0 0.3641826923076923 0.12139423076923077 0.040865384615384616 0.055288461538461536
0 0.40024038461538464 0.07692307692307693 0.07932692307692307 0.07451923076923077
0 0.3954326923076923 0.010817307692307692 0.06009615384615385 0.021634615384615384
0 0.2644230769230769 0.06850961538461539 0.04326923076923077 0.038461538461538464
0 0.2091346153846154 0.08413461538461539 0.06490384615384616 0.04807692307692308
0 0.16706730769230768 0.013221153846153846 0.04567307692307692 0.026442307692307692
0 0.3076923076923077 0.3786057692307692 0.08173076923076923 0.07451923076923077
0 0.7776442307692307 0.6370192307692307 0.06009615384615385 0.06009615384615385
0 0.12980769230769232 0.3713942307692308 0.07692307692307693 0.0985576923076923
0 0.2824519230769231 0.27403846153846156 0.04567307692307692 0.055288461538461536
0 0.6514423076923077 0.09375 0.057692307692307696 0.0625
0 0.7115384615384616 0.08052884615384616 0.08413461538461539 0.08653846153846154
0 0.7776442307692307 0.10096153846153846 0.04326923076923077 0.06009615384615385
0 0.390625 0.33653846153846156 0.04807692307692308 0.0625
0 0.23798076923076922 0.6322115384615384 0.038461538461538464 0.04807692307692308
0 0.2980769230769231 0.8040865384615384 0.06971153846153846 0.05048076923076923
0 0.21514423076923078 0.7560096153846154 0.0673076923076923 0.07211538461538461
0 0.3918269230769231 0.5877403846153846 0.057692307692307696 0.07451923076923077
0 0.8942307692307693 0.6742788461538461 0.06009615384615385 0.08173076923076923
0 0.9182692307692307 0.6610576923076923 0.06490384615384616 0.06009615384615385
0 0.7439903846153846 0.21153846153846154 0.07451923076923077 0.07211538461538461
0 0.052884615384615384 0.2848557692307692 0.026442307692307692 0.05048076923076923