0 0.45913461538461536 0.27884615384615385 0.037259615384615384 0.055288461538461536
0 0.45072115384615385 0.18990384615384615 0.016826923076923076 0.038461538461538464
0 0.4543269230769231 0.15865384615384615 0.016826923076923076 0.04927884615384615
0 0.3894230769230769 0.20192307692307693 0.036057692307692304 0.052884615384615384
0 0.3641826923076923 0.22355769230769232 0.025240384615384616 0.055288461538461536
0 0.2127403846153846 0.109375 0.04807692307692308 0.04447115384615385
0 0.27163461538461536 0.40865384615384615 0.042067307692307696 0.08052884615384616
0 0.23076923076923078 0.5492788461538461 0.039663461538461536 0.07211538461538461
0 0.3701923076923077 0.5901442307692307 0.03485576923076923 0.04807692307692308
0 0.4411057692307692 0.4795673076923077 0.03485576923076923 0.07451923076923077
0 0.5408653846153846 0.5108173076923077 0.051682692307692304 0.07211538461538461
0 0.5432692307692307 0.3713942307692308 0.038461538461538464 0.054086538461538464
0 0.6069711538461539 0.20432692307692307 0.028846153846153848 0.054086538461538464
0 0.6310096153846154 0.24158653846153846 0.03365384615384615 0.037259615384615384
0 0.5865384615384616 0.17668269230769232 0.03245192307692308 0.036057692307692304
0 0.5612980769230769 0.11057692307692307 0.036057692307692304 0.06370192307692307
0 0.7596153846153846 0.2704326923076923 0.03365384615384615 0.06850961538461539
0 0.6875 0.21514423076923078 0.036057692307692304 0.06009615384615385
0 0.8076923076923077 0.12860576923076922 0.040865384615384616 0.06129807692307692
0 0.7848557692307693 0.14543269230769232 0.025240384615384616 0.051682692307692304
0 0.8605769230769231 0.14423076923076922 0.03485576923076923 0.057692307692307696
0 0.8425480769230769 0.21153846153846154 0.027644230769230768 0.04447115384615385
0 0.8221153846153846 0.2283653846153846 0.036057692307692304 0.039663461538461536
0 0.8581730769230769 0.39783653846153844 0.02403846153846154 0.040865384615384616
0 0.8834134615384616 0.38822115384615385 0.026442307692307692 0.06009615384615385
0 0.7788461538461539 0.3786057692307692 0.030048076923076924 0.04447115384615385
0 0.7055288461538461 0.4098557692307692 0.028846153846153848 0.054086538461538464
0 0.7860576923076923 0.46634615384615385 0.03365384615384615 0.04447115384615385
0 0.9002403846153846 0.5625 0.030048076923076924 0.04326923076923077
0 0.8161057692307693 0.5685096153846154 0.027644230769230768 0.055288461538461536
0 0.7848557692307693 0.6153846153846154 0.04567307692307692 0.040865384615384616
0 0.7259615384615384 0.609375 0.03125 0.04807692307692308
0 0.7043269230769231 0.6670673076923077 0.04447115384615385 0.056490384615384616
0 0.7512019230769231 0.7043269230769231 0.028846153846153848 0.04807692307692308
0 0.7475961538461539 0.7620192307692307 0.028846153846153848 0.05048076923076923
0 0.8076923076923077 0.7367788461538461 0.038461538461538464 0.051682692307692304
0 0.8040865384615384 0.6706730769230769 0.036057692307692304 0.054086538461538464
0 0.8918269230769231 0.7680288461538461 0.019230769230769232 0.046875
0 0.6959134615384616 0.7367788461538461 0.030048076923076924 0.04447115384615385
0 0.5817307692307693 0.6069711538461539 0.04927884615384615 0.06490384615384616
0 0.5685096153846154 0.6959134615384616 0.025240384615384616 0.046875
0 0.4723557692307692 0.5757211538461539 0.039663461538461536 0.03245192307692308
0 0.43509615384615385 0.6875 0.030048076923076924 0.054086538461538464
0 0.42427884615384615 0.7548076923076923 0.037259615384615384 0.055288461538461536
0 0.37259615384615385 0.8449519230769231 0.02403846153846154 0.052884615384615384
0 0.4170673076923077 0.9026442307692307 0.037259615384615384 0.06009615384615385
0 0.2692307692307692 0.9290865384615384 0.037259615384615384 0.040865384615384616
0 0.203125 0.9699519230769231 0.036057692307692304 0.039663461538461536
0 0.17548076923076922 0.9699519230769231 0.03125 0.03125
0 0.109375 0.8365384615384616 0.05889423076923077 0.06971153846153846
0 0.5877403846153846 0.8305288461538461 0.051682692307692304 0.04807692307692308
0 0.5480769230769231 0.890625 0.04567307692307692 0.04326923076923077
0 0.546875 0.9519230769230769 0.037259615384615384 0.03125
0 0.4951923076923077 0.9723557692307693 0.04447115384615385 0.03125
0 0.7415865384615384 0.8858173076923077 0.04326923076923077 0.0673076923076923
0 0.7391826923076923 0.9771634615384616 0.04567307692307692 0.039663461538461536
0 0.8040865384615384 0.9338942307692307 0.027644230769230768 0.05048076923076923
0 0.7379807692307693 0.3641826923076923 0.051682692307692304 0.05048076923076923