0 0.7151442307692307 0.39903846153846156 0.08413461538461539 0.0889423076923077
0 0.6646634615384616 0.4543269230769231 0.07932692307692307 0.08413461538461539
0 0.5865384615384616 0.30649038461538464 0.10576923076923077 0.10817307692307693
0 0.44350961538461536 0.171875 0.07692307692307693 0.07692307692307693
0 0.26802884615384615 0.1622596153846154 0.0889423076923077 0.08653846153846154
0 0.2091346153846154 0.3076923076923077 0.09615384615384616 0.08173076923076923
0 0.04567307692307692 0.3473557692307692 0.09134615384615384 0.11778846153846154
0 0.5216346153846154 0.5576923076923077 0.08653846153846154 0.07211538461538461
0 0.7680288461538461 0.7235576923076923 0.09375 0.08173076923076923
0 0.6682692307692307 0.8100961538461539 0.08653846153846154 0.06009615384615385
0 0.7067307692307693 0.8473557692307693 0.07692307692307693 0.057692307692307696
0 0.5733173076923077 0.9699519230769231 0.0985576923076923 0.06009615384615385
0 0.3125 0.8341346153846154 0.10576923076923077 0.10576923076923077
0 0.8882211538461539 0.6165865384615384 0.08173076923076923 0.0673076923076923
0 0.8677884615384616 0.14302884615384615 0.057692307692307696 0.08173076923076923
0 0.35336538461538464 0.1310096153846154 0.08653846153846154 0.0889423076923077
0 0.3942307692307692 0.030048076923076924 0.08173076923076923 0.06009615384615385
0 0.41586538461538464 0.08774038461538461 0.07932692307692307 0.07211538461538461
0 0.4026442307692308 0.25961538461538464 0.10817307692307693 0.11538461538461539
0 0.3161057692307692 0.40384615384615385 0.09134615384615384 0.12259615384615384
0 0.34375 0.6057692307692307 0.10817307692307693 0.11538461538461539
0 0.2692307692307692 0.6394230769230769 0.0985576923076923 0.10576923076923077
0 0.23317307692307693 0.8605769230769231 0.125 0.1466346153846154
0 0.6634615384615384 0.9110576923076923 0.10096153846153846 0.09615384615384616
0 0.4639423076923077 0.8822115384615384 0.12259615384615384 0.12980769230769232
0 0.8112980769230769 0.8737980769230769 0.06490384615384616 0.06971153846153846
0 0.7884615384615384 0.8257211538461539 0.06971153846153846 0.07692307692307693
0 0.859375 0.8353365384615384 0.08653846153846154 0.0985576923076923
0 0.8894230769230769 0.7463942307692307 0.09375 0.12259615384615384
0 0.7524038461538461 0.036057692307692304 0.08173076923076923 0.07211538461538461
0 0.09375 0.7524038461538461 0.08413461538461539 0.10576923076923077
0 0.5745192307692307 0.5985576923076923 0.11538461538461539 0.11778846153846154
0 0.5300480769230769 0.3713942307692308 0.06490384615384616 0.08413461538461539
0 0.8185096153846154 0.22716346153846154 0.10096153846153846 0.08653846153846154
0 0.5661057692307693 0.1778846153846154 0.09375 0.08413461538461539
0 0.625 0.20793269230769232 0.0673076923076923 0.06971153846153846