0 0.49759615384615385 0.5264423076923077 0.040865384615384616 0.055288461538461536
0 0.29086538461538464 0.5336538461538461 0.04567307692307692 0.04447115384615385
0 0.2920673076923077 0.2704326923076923 0.04927884615384615 0.04807692307692308
0 0.18629807692307693 0.39663461538461536 0.0625 0.039663461538461536
0 0.14543269230769232 0.6201923076923077 0.052884615384615384 0.05048076923076923
0 0.16706730769230768 0.7067307692307693 0.06129807692307692 0.021634615384615384
0 0.057692307692307696 0.4326923076923077 0.055288461538461536 0.05048076923076923
0 0.8810096153846154 0.5673076923076923 0.0673076923076923 0.06971153846153846
0 0.9555288461538461 0.46033653846153844 0.06370192307692307 0.040865384615384616
0 0.6069711538461539 0.35216346153846156 0.038461538461538464 0.0625
0 0.9495192307692307 0.6778846153846154 0.052884615384615384 0.04807692307692308
0 0.37259615384615385 0.47115384615384615 0.04927884615384615 0.06850961538461539
0 0.23557692307692307 0.5168269230769231 0.05048076923076923 0.052884615384615384
0 0.06850961538461539 0.8064903846153846 0.0625 0.07211538461538461
0 0.0889423076923077 0.3088942307692308 0.051682692307692304 0.0889423076923077
0 0.06971153846153846 0.15264423076923078 0.051682692307692304 0.051682692307692304
0 0.02403846153846154 0.14182692307692307 0.039663461538461536 0.0625
0 0.027644230769230768 0.03245192307692308 0.04567307692307692 0.04927884615384615
0 0.4807692307692308 0.35096153846153844 0.03125 0.06610576923076923
0 0.5168269230769231 0.32091346153846156 0.06129807692307692 0.08052884615384616
0 0.4855769230769231 0.4567307692307692 0.052884615384615384 0.0625
0 0.8569711538461539 0.33413461538461536 0.036057692307692304 0.06370192307692307
0 0.8617788461538461 0.22115384615384615 0.04927884615384615 0.0829326923076923
0 0.7584134615384616 0.9230769230769231 0.054086538461538464 0.04326923076923077
0 0.9314903846153846 0.7319711538461539 0.037259615384615384 0.051682692307692304
0 0.40625 0.8641826923076923 0.04927884615384615 0.08774038461538461
0 0.32211538461538464 0.6694711538461539 0.042067307692307696 0.07451923076923077
0 0.27524038461538464 0.6430288461538461 0.039663461538461536 0.052884615384615384