0 0.31971153846153844 0.29086538461538464 0.06370192307692307 0.06490384615384616
0 0.328125 0.38221153846153844 0.03485576923076923 0.06370192307692307
0 0.09134615384615384 0.7632211538461539 0.04927884615384615 0.057692307692307696
0 0.17548076923076922 0.859375 0.04807692307692308 0.07211538461538461
0 0.2608173076923077 0.921875 0.05048076923076923 0.04447115384615385
0 0.32211538461538464 0.9459134615384616 0.05889423076923077 0.056490384615384616
0 0.4675480769230769 0.9399038461538461 0.04807692307692308 0.056490384615384616
0 0.5865384615384616 0.9290865384615384 0.03245192307692308 0.04807692307692308
0 0.6129807692307693 0.953125 0.03125 0.04807692307692308
0 0.7572115384615384 0.8689903846153846 0.052884615384615384 0.036057692307692304
0 0.7295673076923077 0.8990384615384616 0.019230769230769232 0.056490384615384616
0 0.6947115384615384 0.8076923076923077 0.036057692307692304 0.04447115384615385
0 0.6983173076923077 0.7115384615384616 0.027644230769230768 0.037259615384615384
0 0.5973557692307693 0.6971153846153846 0.056490384615384616 0.03485576923076923
0 0.5036057692307693 0.6081730769230769 0.057692307692307696 0.038461538461538464
0 0.5408653846153846 0.32572115384615385 0.037259615384615384 0.056490384615384616
0 0.5144230769230769 0.078125 0.038461538461538464 0.07451923076923077
0 0.6646634615384616 0.10096153846153846 0.051682692307692304 0.057692307692307696
0 0.7439903846153846 0.109375 0.027644230769230768 0.07211538461538461
0 0.8293269230769231 0.12980769230769232 0.036057692307692304 0.040865384615384616
0 0.9362980769230769 0.1658653846153846 0.056490384615384616 0.039663461538461536
0 0.9375 0.109375 0.04447115384615385 0.042067307692307696
0 0.9194711538461539 0.19831730769230768 0.038461538461538464 0.03125
0 0.8918269230769231 0.24158653846153846 0.04567307692307692 0.04326923076923077
0 0.7524038461538461 0.23798076923076922 0.028846153846153848 0.04567307692307692
0 0.6935096153846154 0.21754807692307693 0.04807692307692308 0.04807692307692308
0 0.7259615384615384 0.3088942307692308 0.04447115384615385 0.04447115384615385
0 0.6454326923076923 0.36538461538461536 0.04447115384615385 0.0625
0 0.6706730769230769 0.4014423076923077 0.036057692307692304 0.037259615384615384
0 0.6081730769230769 0.6081730769230769 0.027644230769230768 0.05889423076923077
0 0.6778846153846154 0.5540865384615384 0.027644230769230768 0.040865384615384616
0 0.7379807692307693 0.5564903846153846 0.037259615384615384 0.04807692307692308
0 0.8161057692307693 0.42788461538461536 0.03125 0.03125
0 0.8425480769230769 0.4567307692307692 0.028846153846153848 0.025240384615384616
0 0.8269230769230769 0.47115384615384615 0.03365384615384615 0.03485576923076923
0 0.8449519230769231 0.5060096153846154 0.052884615384615384 0.042067307692307696
0 0.84375 0.5673076923076923 0.025240384615384616 0.039663461538461536
0 0.8040865384615384 0.6478365384615384 0.042067307692307696 0.046875
0 0.7884615384615384 0.765625 0.04927884615384615 0.07572115384615384
0 0.9038461538461539 0.7379807692307693 0.05048076923076923 0.054086538461538464
0 0.9459134615384616 0.671875 0.03245192307692308 0.056490384615384616
0 0.9699519230769231 0.6358173076923077 0.03245192307692308 0.040865384615384616
0 0.9483173076923077 0.34615384615384615 0.03245192307692308 0.05048076923076923
0 0.25 0.3798076923076923 0.03365384615384615 0.04326923076923077
0 0.5745192307692307 0.24158653846153846 0.04807692307692308 0.07572115384615384
0 0.4855769230769231 0.11298076923076923 0.054086538461538464 0.07091346153846154