0 0.21394230769230768 0.24759615384615385 0.08413461538461539 0.08413461538461539
0 0.28125 0.4026442307692308 0.08413461538461539 0.08653846153846154
0 0.16105769230769232 0.36778846153846156 0.0673076923076923 0.09615384615384616
0 0.28125 0.6442307692307693 0.07211538461538461 0.07211538461538461
0 0.32572115384615385 0.7379807692307693 0.0673076923076923 0.06971153846153846
0 0.38100961538461536 0.7932692307692307 0.0625 0.0625
0 0.4651442307692308 0.9699519230769231 0.06490384615384616 0.06009615384615385
0 0.2620192307692308 0.9302884615384616 0.06490384615384616 0.06971153846153846
0 0.15144230769230768 0.6598557692307693 0.052884615384615384 0.07451923076923077
0 0.4254807692307692 0.5576923076923077 0.0673076923076923 0.06971153846153846
0 0.3473557692307692 0.5745192307692307 0.08173076923076923 0.09615384615384616
0 0.375 0.6634615384615384 0.052884615384615384 0.06971153846153846
0 0.4639423076923077 0.7548076923076923 0.07451923076923077 0.10817307692307693
0 0.46033653846153844 0.6586538461538461 0.07692307692307693 0.09615384615384616
0 0.6322115384615384 0.5372596153846154 0.06971153846153846 0.08173076923076923
0 0.6550480769230769 0.6586538461538461 0.08653846153846154 0.0985576923076923
0 0.7475961538461539 0.7764423076923077 0.0625 0.07932692307692307
0 0.5180288461538461 0.36658653846153844 0.08413461538461539 0.07692307692307693
0 0.5264423076923077 0.2512019230769231 0.057692307692307696 0.07451923076923077
0 0.5012019230769231 0.15985576923076922 0.08413461538461539 0.10576923076923077
0 0.4987980769230769 0.04326923076923077 0.06009615384615385 0.06490384615384616
0 0.546875 0.09975961538461539 0.057692307692307696 0.0625
0 0.8197115384615384 0.1971153846153846 0.0673076923076923 0.07932692307692307
0 0.7848557692307693 0.35336538461538464 0.057692307692307696 0.07692307692307693
0 0.8173076923076923 0.453125 0.055288461538461536 0.08173076923076923
0 0.9699519230769231 0.5612980769230769 0.06009615384615385 0.0889423076923077
0 0.8305288461538461 0.6466346153846154 0.05048076923076923 0.0673076923076923
0 0.9338942307692307 0.7560096153846154 0.06971153846153846 0.08653846153846154
0 0.3701923076923077 0.8786057692307693 0.07451923076923077 0.09134615384615384
0 0.7127403846153846 0.14423076923076922 0.10576923076923077 0.13221153846153846