0 0.46033653846153844 0.028846153846153848 0.06490384615384616 0.057692307692307696
0 0.35697115384615385 0.0673076923076923 0.055288461538461536 0.06490384615384616
0 0.3137019230769231 0.037259615384615384 0.06490384615384616 0.0625
0 0.18990384615384615 0.09495192307692307 0.04807692307692308 0.04807692307692308
0 0.17548076923076922 0.16105769230769232 0.07211538461538461 0.0625
0 0.20072115384615385 0.25 0.0673076923076923 0.07211538461538461
0 0.09975961538461539 0.33533653846153844 0.06009615384615385 0.057692307692307696
0 0.18990384615384615 0.33774038461538464 0.052884615384615384 0.052884615384615384
0 0.22956730769230768 0.36778846153846156 0.055288461538461536 0.06009615384615385
0 0.2668269230769231 0.38461538461538464 0.052884615384615384 0.055288461538461536
0 0.19230769230769232 0.3894230769230769 0.055288461538461536 0.057692307692307696
0 0.09254807692307693 0.5084134615384616 0.06009615384615385 0.0673076923076923
0 0.12620192307692307 0.5600961538461539 0.055288461538461536 0.057692307692307696
0 0.28125 0.5372596153846154 0.04567307692307692 0.05048076923076923
0 0.4170673076923077 0.4639423076923077 0.0673076923076923 0.06490384615384616
0 0.4807692307692308 0.33052884615384615 0.057692307692307696 0.06009615384615385
0 0.4987980769230769 0.3004807692307692 0.05048076923076923 0.04567307692307692
0 0.5096153846153846 0.1875 0.07211538461538461 0.07932692307692307
0 0.4795673076923077 0.11057692307692307 0.06009615384615385 0.057692307692307696
0 0.4170673076923077 0.21514423076923078 0.0625 0.06490384615384616
0 0.3701923076923077 0.1971153846153846 0.06009615384615385 0.06971153846153846
0 0.3016826923076923 0.25240384615384615 0.06009615384615385 0.0673076923076923
0 0.6165865384615384 0.08173076923076923 0.07211538461538461 0.06971153846153846
0 0.6310096153846154 0.17307692307692307 0.06009615384615385 0.055288461538461536
0 0.5853365384615384 0.3173076923076923 0.057692307692307696 0.06971153846153846
0 0.7271634615384616 0.27884615384615385 0.0625 0.0673076923076923
0 0.7295673076923077 0.34975961538461536 0.055288461538461536 0.05048076923076923
0 0.7199519230769231 0.3762019230769231 0.055288461538461536 0.04567307692307692
0 0.6358173076923077 0.4230769230769231 0.057692307692307696 0.057692307692307696
0 0.5769230769230769 0.43509615384615385 0.055288461538461536 0.06490384615384616
0 0.40024038461538464 0.5961538461538461 0.06009615384615385 0.06009615384615385
0 0.6298076923076923 0.5901442307692307 0.0625 0.0673076923076923
0 0.6706730769230769 0.6153846153846154 0.0625 0.0673076923076923
0 0.7043269230769231 0.6153846153846154 0.05048076923076923 0.06009615384615385
0 0.7788461538461539 0.59375 0.0625 0.06971153846153846
0 0.7668269230769231 0.703125 0.052884615384615384 0.055288461538461536
0 0.6911057692307693 0.7163461538461539 0.038461538461538464 0.04567307692307692
0 0.8137019230769231 0.41466346153846156 0.0673076923076923 0.0673076923076923
0 0.7512019230769231 0.8173076923076923 0.04567307692307692 0.05048076923076923