0 0.4951923076923077 0.15985576923076922 0.03365384615384615 0.052884615384615384
0 0.5588942307692307 0.29086538461538464 0.040865384615384616 0.07932692307692307
0 0.4675480769230769 0.33413461538461536 0.04326923076923077 0.06490384615384616
0 0.38822115384615385 0.3088942307692308 0.04326923076923077 0.06971153846153846
0 0.3737980769230769 0.10096153846153846 0.04567307692307692 0.06009615384615385
0 0.30649038461538464 0.08533653846153846 0.052884615384615384 0.057692307692307696
0 0.4723557692307692 0.008413461538461538 0.04567307692307692 0.014423076923076924
0 0.5817307692307693 0.09375 0.04567307692307692 0.0673076923076923
0 0.7007211538461539 0.26802884615384615 0.03125 0.06009615384615385
0 0.7716346153846154 0.10336538461538461 0.052884615384615384 0.07211538461538461
0 0.8569711538461539 0.08413461538461539 0.03365384615384615 0.0625
0 0.890625 0.10096153846153846 0.036057692307692304 0.05048076923076923
0 0.9086538461538461 0.12259615384615384 0.03365384615384615 0.04326923076923077
0 0.9362980769230769 0.27524038461538464 0.014423076923076924 0.04807692307692308
0 0.8990384615384616 0.3016826923076923 0.04326923076923077 0.052884615384615384
0 0.8605769230769231 0.34975961538461536 0.03365384615384615 0.04326923076923077
0 0.828125 0.3870192307692308 0.06009615384615385 0.038461538461538464
0 0.8677884615384616 0.4807692307692308 0.04326923076923077 0.05048076923076923
0 0.8173076923076923 0.6033653846153846 0.04807692307692308 0.07211538461538461
0 0.8641826923076923 0.7127403846153846 0.036057692307692304 0.07692307692307693
0 0.8822115384615384 0.7415865384615384 0.028846153846153848 0.06971153846153846
0 0.9579326923076923 0.6706730769230769 0.038461538461538464 0.04567307692307692
0 0.9543269230769231 0.7716346153846154 0.038461538461538464 0.08173076923076923
0 0.9362980769230769 0.640625 0.028846153846153848 0.04807692307692308
0 0.6394230769230769 0.6670673076923077 0.038461538461538464 0.04807692307692308
0 0.7199519230769231 0.6442307692307693 0.040865384615384616 0.0625
0 0.7247596153846154 0.5757211538461539 0.055288461538461536 0.08173076923076923
0 0.6766826923076923 0.5216346153846154 0.04326923076923077 0.07692307692307693
0 0.71875 0.7740384615384616 0.04807692307692308 0.07211538461538461
0 0.7283653846153846 0.8185096153846154 0.04567307692307692 0.04807692307692308
0 0.5673076923076923 0.8545673076923077 0.05048076923076923 0.06009615384615385
0 0.5444711538461539 0.7115384615384616 0.055288461538461536 0.055288461538461536
0 0.5048076923076923 0.6778846153846154 0.03365384615384615 0.06009615384615385
0 0.4963942307692308 0.5649038461538461 0.04326923076923077 0.07211538461538461
0 0.44350961538461536 0.5444711538461539 0.03365384615384615 0.08653846153846154
0 0.41225961538461536 0.6237980769230769 0.040865384615384616 0.036057692307692304
0 0.453125 0.7067307692307693 0.05048076923076923 0.07211538461538461
0 0.390625 0.7103365384615384 0.028846153846153848 0.06490384615384616
0 0.35336538461538464 0.6153846153846154 0.0625 0.04807692307692308
0 0.36778846153846156 0.5372596153846154 0.028846153846153848 0.06490384615384616
0 0.3713942307692308 0.8641826923076923 0.038461538461538464 0.08653846153846154
0 0.23076923076923078 0.6225961538461539 0.038461538461538464 0.0889423076923077
0 0.1971153846153846 0.7415865384615384 0.05048076923076923 0.055288461538461536
0 0.13341346153846154 0.6358173076923077 0.04807692307692308 0.08413461538461539
0 0.140625 0.32091346153846156 0.04807692307692308 0.052884615384615384
0 0.20192307692307693 0.31971153846153844 0.038461538461538464 0.07451923076923077
0 0.2692307692307692 0.38461538461538464 0.038461538461538464 0.08173076923076923
0 0.22355769230769232 0.02403846153846154 0.04567307692307692 0.021634615384615384
0 0.16706730769230768 0.07451923076923077 0.04807692307692308 0.09615384615384616
0 0.10576923076923077 0.24639423076923078 0.02403846153846154 0.07211538461538461
0 0.06850961538461539 0.26802884615384615 0.04567307692307692 0.05048076923076923
0 0.018028846153846152 0.19591346153846154 0.036057692307692304 0.06490384615384616
0 0.025240384615384616 0.7055288461538461 0.036057692307692304 0.07451923076923077
0 0.021634615384615384 0.7367788461538461 0.021634615384615384 0.0625
0 0.040865384615384616 0.9206730769230769 0.040865384615384616 0.09134615384615384