0 0.5685096153846154 0.48197115384615385 0.03365384615384615 0.04807692307692308
0 0.6742788461538461 0.5817307692307693 0.038461538461538464 0.0625
0 0.8713942307692307 0.5612980769230769 0.04567307692307692 0.057692307692307696
0 0.8834134615384616 0.4951923076923077 0.03365384615384615 0.038461538461538464
0 0.7475961538461539 0.5612980769230769 0.04326923076923077 0.052884615384615384
0 0.8209134615384616 0.3112980769230769 0.04326923076923077 0.05048076923076923
0 0.9134615384615384 0.25961538461538464 0.03125 0.040865384615384616
0 0.8365384615384616 0.1201923076923077 0.04326923076923077 0.05048076923076923
0 0.8810096153846154 0.06490384615384616 0.028846153846153848 0.038461538461538464
0 0.5805288461538461 0.06850961538461539 0.03125 0.04567307692307692
0 0.16346153846153846 0.6983173076923077 0.036057692307692304 0.06009615384615385
0 0.21754807692307693 0.6838942307692307 0.02403846153846154 0.052884615384615384
0 0.003605769230769231 0.5733173076923077 0.007211538461538462 0.055288461538461536
0 0.054086538461538464 0.8149038461538461 0.04326923076923077 0.052884615384615384
0 0.046875 0.8990384615384616 0.04326923076923077 0.04567307692307692
0 0.2704326923076923 0.30528846153846156 0.052884615384615384 0.04326923076923077
0 0.13822115384615385 0.36538461538461536 0.03125 0.057692307692307696
0 0.07932692307692307 0.6394230769230769 0.055288461538461536 0.040865384615384616
0 0.9915865384615384 0.30408653846153844 0.016826923076923076 0.06009615384615385
0 0.9675480769230769 0.14182692307692307 0.038461538461538464 0.040865384615384616
0 0.19591346153846154 0.5504807692307693 0.04326923076923077 0.11538461538461539
0 0.039663461538461536 0.4699519230769231 0.06009615384615385 0.07692307692307693
0 0.04326923076923077 0.3088942307692308 0.04567307692307692 0.0625
0 0.02283653846153846 0.2980769230769231 0.019230769230769232 0.05048076923076923
0 0.018028846153846152 0.8521634615384616 0.036057692307692304 0.06009615384615385
0 0.08533653846153846 0.7307692307692307 0.0625 0.0985576923076923
0 0.21634615384615385 0.859375 0.07692307692307693 0.07692307692307693
0 0.16105769230769232 0.8774038461538461 0.028846153846153848 0.07692307692307693
0 0.5480769230769231 0.0889423076923077 0.026442307692307692 0.06490384615384616
0 0.5168269230769231 0.042067307692307696 0.03125 0.055288461538461536
0 0.6742788461538461 0.22115384615384615 0.03365384615384615 0.06971153846153846
0 0.7451923076923077 0.2127403846153846 0.036057692307692304 0.04326923076923077
0 0.7896634615384616 0.2920673076923077 0.036057692307692304 0.057692307692307696
0 0.8413461538461539 0.2091346153846154 0.03125 0.07692307692307693
0 0.9399038461538461 0.15745192307692307 0.028846153846153848 0.04567307692307692
0 0.5336538461538461 0.6225961538461539 0.028846153846153848 0.0625
0 0.5120192307692307 0.609375 0.038461538461538464 0.0625