0 0.38100961538461536 0.2620192307692308 0.0625 0.0625
0 0.4423076923076923 0.17427884615384615 0.0673076923076923 0.0673076923076923
0 0.5649038461538461 0.10576923076923077 0.07932692307692307 0.07932692307692307
0 0.6742788461538461 0.19230769230769232 0.07211538461538461 0.07211538461538461
0 0.6790865384615384 0.038461538461538464 0.0889423076923077 0.07692307692307693
0 0.4855769230769231 0.41586538461538464 0.0625 0.06490384615384616
0 0.3269230769230769 0.38100961538461536 0.07692307692307693 0.07692307692307693
0 0.030048076923076924 0.38341346153846156 0.06009615384615385 0.08413461538461539
0 0.21634615384615385 0.10336538461538461 0.06009615384615385 0.06009615384615385
0 0.32572115384615385 0.49399038461538464 0.07211538461538461 0.07451923076923077
0 0.36778846153846156 0.5516826923076923 0.08413461538461539 0.08413461538461539
0 0.5721153846153846 0.4074519230769231 0.07932692307692307 0.07932692307692307
0 0.5096153846153846 0.46274038461538464 0.07211538461538461 0.07211538461538461
0 0.7091346153846154 0.42908653846153844 0.06971153846153846 0.06971153846153846
0 0.8185096153846154 0.4326923076923077 0.0673076923076923 0.0673076923076923
0 0.9675480769230769 0.5324519230769231 0.06490384615384616 0.07451923076923077
0 0.8461538461538461 0.6658653846153846 0.08173076923076923 0.08173076923076923
0 0.8557692307692307 0.7800480769230769 0.08653846153846154 0.08653846153846154
0 0.7644230769230769 0.9182692307692307 0.10096153846153846 0.10336538461538461
0 0.7860576923076923 0.34615384615384615 0.09375 0.09375
0 0.7439903846153846 0.23076923076923078 0.07451923076923077 0.07451923076923077
0 0.5540865384615384 0.7896634615384616 0.0625 0.06490384615384616
0 0.4567307692307692 0.8521634615384616 0.06490384615384616 0.0673076923076923
0 0.46875 0.7764423076923077 0.057692307692307696 0.057692307692307696
0 0.3918269230769231 0.8064903846153846 0.07692307692307693 0.07692307692307693
0 0.11057692307692307 0.5829326923076923 0.09134615384615384 0.09134615384615384
0 0.17548076923076922 0.390625 0.09615384615384616 0.09615384615384616
0 0.15985576923076922 0.2247596153846154 0.0985576923076923 0.0985576923076923
0 0.2860576923076923 0.03125 0.0673076923076923 0.0625
0 0.24519230769230768 0.06129807692307692 0.06009615384615385 0.06009615384615385
0 0.3858173076923077 0.15745192307692307 0.0625 0.0625
0 0.3942307692307692 0.08173076923076923 0.07692307692307693 0.07692307692307693
0 0.22716346153846154 0.5324519230769231 0.10096153846153846 0.10096153846153846
0 0.5492788461538461 0.5685096153846154 0.09375 0.09375
0 0.6069711538461539 0.46875 0.09615384615384616 0.0985576923076923
0 0.6466346153846154 0.484375 0.07932692307692307 0.08173076923076923
0 0.8064903846153846 0.23677884615384615 0.07211538461538461 0.07451923076923077
0 0.7944711538461539 0.13581730769230768 0.07211538461538461 0.07211538461538461
0 0.6574519230769231 0.12860576923076922 0.07211538461538461 0.07211538461538461
0 0.3173076923076923 0.9242788461538461 0.08653846153846154 0.08653846153846154
0 0.45072115384615385 0.9350961538461539 0.09134615384615384 0.09134615384615384
0 0.4182692307692308 0.9122596153846154 0.06009615384615385 0.0625
0 0.6298076923076923 0.9459134615384616 0.13942307692307693 0.10817307692307693
0 0.9206730769230769 0.7235576923076923 0.09615384615384616 0.09615384615384616
0 0.9615384615384616 0.7043269230769231 0.07692307692307693 0.10576923076923077
0 0.9819711538461539 0.6262019230769231 0.036057692307692304 0.06490384615384616
0 0.109375 0.35336538461538464 0.10576923076923077 0.10576923076923077
0 0.6706730769230769 0.25721153846153844 0.06971153846153846 0.06971153846153846
0 0.5805288461538461 0.8713942307692307 0.057692307692307696 0.06009615384615385
0 0.609375 0.8990384615384616 0.07932692307692307 0.07932692307692307
0 0.5516826923076923 0.8569711538461539 0.07451923076923077 0.07451923076923077