0 0.6081730769230769 0.5865384615384616 0.040865384615384616 0.04807692307692308
0 0.6730769230769231 0.6995192307692307 0.04807692307692308 0.06009615384615385
0 0.8461538461538461 0.7331730769230769 0.052884615384615384 0.06009615384615385
0 0.875 0.6802884615384616 0.036057692307692304 0.040865384615384616
0 0.7415865384615384 0.7007211538461539 0.04807692307692308 0.052884615384615384
0 0.8689903846153846 0.5072115384615384 0.04807692307692308 0.052884615384615384
0 0.9615384615384616 0.48677884615384615 0.036057692307692304 0.040865384615384616
0 0.9326923076923077 0.3473557692307692 0.04807692307692308 0.052884615384615384
0 0.9831730769230769 0.3125 0.03365384615384615 0.038461538461538464
0 0.7259615384615384 0.23798076923076922 0.036057692307692304 0.04567307692307692
0 0.20552884615384615 0.6658653846153846 0.04567307692307692 0.057692307692307696
0 0.25600961538461536 0.6682692307692307 0.03365384615384615 0.05048076923076923
0 0.09014423076923077 0.5132211538461539 0.04807692307692308 0.057692307692307696
0 0.03125 0.484375 0.057692307692307696 0.052884615384615384
0 0.08173076923076923 0.7355769230769231 0.04807692307692308 0.052884615384615384
0 0.054086538461538464 0.8076923076923077 0.04807692307692308 0.04807692307692308
0 0.40024038461538464 0.3581730769230769 0.052884615384615384 0.04807692307692308
0 0.27163461538461536 0.375 0.040865384615384616 0.055288461538461536
0 0.1502403846153846 0.59375 0.057692307692307696 0.04807692307692308
0 0.27283653846153844 0.5480769230769231 0.0673076923076923 0.10336538461538461
0 0.15985576923076922 0.4375 0.0673076923076923 0.07692307692307693
0 0.20552884615384615 0.3016826923076923 0.05048076923076923 0.06009615384615385
0 0.18269230769230768 0.28365384615384615 0.04567307692307692 0.052884615384615384
0 0.14783653846153846 0.2764423076923077 0.06490384615384616 0.06490384615384616
0 0.1658653846153846 0.23317307692307693 0.055288461538461536 0.06971153846153846
0 0.10336538461538461 0.4543269230769231 0.04326923076923077 0.04807692307692308
0 0.039663461538461536 0.7584134615384616 0.052884615384615384 0.0625
0 0.1310096153846154 0.671875 0.07692307692307693 0.09615384615384616
0 0.21033653846153846 0.8161057692307693 0.08173076923076923 0.08173076923076923
0 0.15865384615384615 0.8173076923076923 0.04326923076923077 0.06971153846153846
0 0.6947115384615384 0.24519230769230768 0.038461538461538464 0.06009615384615385
0 0.6802884615384616 0.19831730769230768 0.038461538461538464 0.052884615384615384
0 0.7259615384615384 0.12379807692307693 0.055288461538461536 0.06009615384615385
0 0.7668269230769231 0.3918269230769231 0.04807692307692308 0.06490384615384616
0 0.8305288461538461 0.4026442307692308 0.040865384615384616 0.04567307692307692
0 0.8485576923076923 0.48197115384615385 0.04567307692307692 0.057692307692307696
0 0.9134615384615384 0.4254807692307692 0.04567307692307692 0.06971153846153846
0 0.9963942307692307 0.4074519230769231 0.007211538461538462 0.04567307692307692
0 0.5420673076923077 0.6971153846153846 0.040865384615384616 0.057692307692307696
0 0.5276442307692307 0.6814903846153846 0.04807692307692308 0.06009615384615385