0 0.3954326923076923 0.16466346153846154 0.057692307692307696 0.12259615384615384
0 0.20192307692307693 0.46274038461538464 0.036057692307692304 0.10336538461538461
0 0.13581730769230768 0.49278846153846156 0.03365384615384615 0.10817307692307693
0 0.08052884615384616 0.3557692307692308 0.057692307692307696 0.0985576923076923
0 0.046875 0.14903846153846154 0.057692307692307696 0.10096153846153846
0 0.30528846153846156 0.6057692307692307 0.055288461538461536 0.0889423076923077
0 0.21875 0.5853365384615384 0.05048076923076923 0.0889423076923077
0 0.38822115384615385 0.7067307692307693 0.04326923076923077 0.11057692307692307
0 0.49278846153846156 0.9507211538461539 0.040865384615384616 0.07211538461538461
0 0.5913461538461539 0.9711538461538461 0.03365384615384615 0.057692307692307696
0 0.5721153846153846 0.6478365384615384 0.06009615384615385 0.1201923076923077
0 0.7932692307692307 0.6334134615384616 0.04567307692307692 0.07211538461538461
0 0.9026442307692307 0.9771634615384616 0.05048076923076923 0.04567307692307692
0 0.9663461538461539 0.6382211538461539 0.040865384615384616 0.09134615384615384
0 0.7211538461538461 0.45072115384615385 0.06490384615384616 0.07932692307692307
0 0.7235576923076923 0.21153846153846154 0.0673076923076923 0.0985576923076923
0 0.8377403846153846 0.3629807692307692 0.04807692307692308 0.12980769230769232
0 0.5793269230769231 0.3329326923076923 0.06009615384615385 0.09134615384615384
0 0.5 0.30528846153846156 0.055288461538461536 0.0673076923076923
0 0.2980769230769231 0.2764423076923077 0.06009615384615385 0.0889423076923077
0 0.6586538461538461 0.6850961538461539 0.055288461538461536 0.08413461538461539