0 0.18509615384615385 0.3858173076923077 0.04807692307692308 0.04807692307692308
0 0.14302884615384615 0.2620192307692308 0.03125 0.08413461538461539
0 0.11658653846153846 0.23918269230769232 0.04326923076923077 0.040865384615384616
0 0.018028846153846152 0.2127403846153846 0.03365384615384615 0.052884615384615384
0 0.016826923076923076 0.26802884615384615 0.03365384615384615 0.04567307692307692
0 0.12259615384615384 0.4579326923076923 0.019230769230769232 0.040865384615384616
0 0.19471153846153846 0.49399038461538464 0.040865384615384616 0.052884615384615384
0 0.19230769230769232 0.6382211538461539 0.038461538461538464 0.052884615384615384
0 0.18389423076923078 0.7043269230769231 0.04567307692307692 0.052884615384615384
0 0.12980769230769232 0.6682692307692307 0.04326923076923077 0.04807692307692308
0 0.1310096153846154 0.7475961538461539 0.04326923076923077 0.036057692307692304
0 0.03245192307692308 0.6466346153846154 0.038461538461538464 0.0673076923076923
0 0.030048076923076924 0.8485576923076923 0.028846153846153848 0.07932692307692307
0 0.12259615384615384 0.8389423076923077 0.03365384615384615 0.0625
0 0.15264423076923078 0.9435096153846154 0.036057692307692304 0.052884615384615384
0 0.15144230769230768 0.8088942307692307 0.04807692307692308 0.05048076923076923
0 0.21754807692307693 0.7932692307692307 0.04807692307692308 0.057692307692307696
0 0.24158653846153846 0.734375 0.038461538461538464 0.04807692307692308
0 0.24158653846153846 0.640625 0.04326923076923077 0.0625
0 0.3557692307692308 0.5288461538461539 0.057692307692307696 0.052884615384615384
0 0.40024038461538464 0.4723557692307692 0.03125 0.052884615384615384
0 0.40024038461538464 0.4014423076923077 0.04807692307692308 0.052884615384615384
0 0.4519230769230769 0.37259615384615385 0.028846153846153848 0.04326923076923077
0 0.4362980769230769 0.33052884615384615 0.04567307692307692 0.0625
0 0.4879807692307692 0.2644230769230769 0.04326923076923077 0.04807692307692308
0 0.5877403846153846 0.2247596153846154 0.052884615384615384 0.08653846153846154
0 0.5925480769230769 0.5 0.057692307692307696 0.04807692307692308
0 0.5456730769230769 0.6009615384615384 0.026442307692307692 0.06009615384615385
0 0.5360576923076923 0.6778846153846154 0.03365384615384615 0.052884615384615384
0 0.4963942307692308 0.8004807692307693 0.028846153846153848 0.0625
0 0.41466346153846156 0.8701923076923077 0.04807692307692308 0.07692307692307693
0 0.3762019230769231 0.7728365384615384 0.04567307692307692 0.0625
0 0.3918269230769231 0.6766826923076923 0.04326923076923077 0.040865384615384616
0 0.5348557692307693 0.8978365384615384 0.04326923076923077 0.05048076923076923
0 0.5973557692307693 0.7932692307692307 0.038461538461538464 0.08173076923076923
0 0.7115384615384616 0.41586538461538464 0.04567307692307692 0.057692307692307696
0 0.7836538461538461 0.3786057692307692 0.038461538461538464 0.0625
0 0.8137019230769231 0.37740384615384615 0.03365384615384615 0.052884615384615384
0 0.8473557692307693 0.2956730769230769 0.038461538461538464 0.07692307692307693
0 0.890625 0.5336538461538461 0.038461538461538464 0.06490384615384616
0 0.71875 0.9807692307692307 0.036057692307692304 0.028846153846153848
0 0.7572115384615384 0.8377403846153846 0.038461538461538464 0.08653846153846154
0 0.5456730769230769 0.4411057692307692 0.03365384615384615 0.04807692307692308
0 0.42788461538461536 0.20192307692307693 0.04326923076923077 0.04807692307692308
0 0.9290865384615384 0.3737980769230769 0.07211538461538461 0.08173076923076923