0 0.47475961538461536 0.5300480769230769 0.052884615384615384 0.08413461538461539
0 0.5757211538461539 0.41947115384615385 0.04567307692307692 0.07572115384615384
0 0.6009615384615384 0.7704326923076923 0.052884615384615384 0.078125
0 0.38341346153846156 0.5661057692307693 0.05889423076923077 0.06009615384615385
0 0.24278846153846154 0.6550480769230769 0.042067307692307696 0.06009615384615385
0 0.18269230769230768 0.546875 0.054086538461538464 0.08173076923076923
0 0.24879807692307693 0.2704326923076923 0.039663461538461536 0.09254807692307693
0 0.1310096153846154 0.3112980769230769 0.028846153846153848 0.078125
0 0.04447115384615385 0.375 0.0625 0.056490384615384616
0 0.07572115384615384 0.4362980769230769 0.06129807692307692 0.054086538461538464
0 0.1658653846153846 0.7680288461538461 0.046875 0.06850961538461539
0 0.15264423076923078 0.8617788461538461 0.040865384615384616 0.0985576923076923
0 0.04807692307692308 0.21394230769230768 0.0625 0.07091346153846154
0 0.6790865384615384 0.5733173076923077 0.11658653846153846 0.11658653846153846
0 0.5240384615384616 0.5396634615384616 0.04326923076923077 0.0625