0 0.5348557692307693 0.31490384615384615 0.06971153846153846 0.07451923076923077
0 0.5408653846153846 0.11057692307692307 0.052884615384615384 0.07451923076923077
0 0.17307692307692307 0.6213942307692307 0.055288461538461536 0.052884615384615384
0 0.08774038461538461 0.6526442307692307 0.04326923076923077 0.04567307692307692
0 0.109375 0.7403846153846154 0.04807692307692308 0.052884615384615384
0 0.484375 0.028846153846153848 0.052884615384615384 0.04807692307692308
0 0.1346153846153846 0.07211538461538461 0.04807692307692308 0.05048076923076923
0 0.5817307692307693 0.7860576923076923 0.07451923076923077 0.08173076923076923
0 0.953125 0.609375 0.06490384615384616 0.0673076923076923
0 0.9170673076923077 0.5492788461538461 0.055288461538461536 0.06971153846153846
0 0.7259615384615384 0.9098557692307693 0.055288461538461536 0.07211538461538461
0 0.0733173076923077 0.26322115384615385 0.057692307692307696 0.07692307692307693
0 0.05048076923076923 0.3473557692307692 0.06490384615384616 0.06971153846153846
0 0.21995192307692307 0.6298076923076923 0.04567307692307692 0.0625
0 0.25721153846153844 0.734375 0.06009615384615385 0.07451923076923077
0 0.20552884615384615 0.6971153846153846 0.0625 0.0625
0 0.5793269230769231 0.4326923076923077 0.07451923076923077 0.0673076923076923
0 0.65625 0.2704326923076923 0.04807692307692308 0.055288461538461536
0 0.6586538461538461 0.23677884615384615 0.0625 0.0673076923076923
0 0.23197115384615385 0.13221153846153846 0.057692307692307696 0.06490384615384616
0 0.234375 0.1935096153846154 0.04567307692307692 0.057692307692307696
0 0.1971153846153846 0.2956730769230769 0.04807692307692308 0.0673076923076923
0 0.25240384615384615 0.38341346153846156 0.055288461538461536 0.07211538461538461
0 0.8521634615384616 0.9543269230769231 0.0625 0.07692307692307693
0 0.03485576923076923 0.8341346153846154 0.06971153846153846 0.08173076923076923