0 0.7079326923076923 0.38341346153846156 0.06971153846153846 0.06971153846153846
0 0.7512019230769231 0.46274038461538464 0.07451923076923077 0.07451923076923077
0 0.6887019230769231 0.47836538461538464 0.06971153846153846 0.06971153846153846
0 0.6682692307692307 0.2512019230769231 0.06490384615384616 0.0673076923076923
0 0.38461538461538464 0.1502403846153846 0.07932692307692307 0.08173076923076923
0 0.2283653846153846 0.25600961538461536 0.055288461538461536 0.055288461538461536
0 0.19110576923076922 0.27283653846153844 0.05048076923076923 0.05048076923076923
0 0.10216346153846154 0.421875 0.06490384615384616 0.06490384615384616
0 0.04927884615384615 0.39302884615384615 0.057692307692307696 0.057692307692307696
0 0.16706730769230768 0.5264423076923077 0.06009615384615385 0.06009615384615385
0 0.4375 0.013221153846153846 0.052884615384615384 0.026442307692307692
0 0.5829326923076923 0.7403846153846154 0.08653846153846154 0.0889423076923077
0 0.71875 0.7836538461538461 0.08173076923076923 0.08413461538461539
0 0.7199519230769231 0.6875 0.07211538461538461 0.07451923076923077
0 0.8293269230769231 0.7331730769230769 0.08653846153846154 0.08653846153846154
0 0.203125 0.390625 0.0625 0.0625
0 0.20072115384615385 0.4266826923076923 0.052884615384615384 0.055288461538461536
0 0.6682692307692307 0.5168269230769231 0.07932692307692307 0.07932692307692307
0 0.6334134615384616 0.5625 0.06490384615384616 0.06490384615384616
0 0.96875 0.36177884615384615 0.0625 0.07932692307692307
0 0.8269230769230769 0.8665865384615384 0.07451923076923077 0.07692307692307693
0 0.31490384615384615 0.2860576923076923 0.0673076923076923 0.0673076923076923
0 0.33653846153846156 0.07572115384615384 0.06490384615384616 0.0673076923076923
0 0.3605769230769231 0.03245192307692308 0.0625 0.06009615384615385
0 0.016826923076923076 0.4411057692307692 0.03365384615384615 0.0985576923076923
0 0.2644230769230769 0.6502403846153846 0.0889423076923077 0.0889423076923077
0 0.35216346153846156 0.7319711538461539 0.06490384615384616 0.06490384615384616
0 0.3317307692307692 0.40384615384615385 0.0673076923076923 0.06971153846153846
0 0.765625 0.296875 0.0625 0.06490384615384616