0 0.5480769230769231 0.48677884615384615 0.039663461538461536 0.04567307692307692
0 0.5733173076923077 0.5360576923076923 0.04447115384615385 0.037259615384615384
0 0.6646634615384616 0.5120192307692307 0.042067307692307696 0.07692307692307693
0 0.6358173076923077 0.3870192307692308 0.052884615384615384 0.04326923076923077
0 0.5925480769230769 0.3557692307692308 0.03365384615384615 0.036057692307692304
0 0.5697115384615384 0.390625 0.046875 0.030048076923076924
0 0.41346153846153844 0.4254807692307692 0.046875 0.04326923076923077
0 0.3870192307692308 0.5276442307692307 0.037259615384615384 0.06129807692307692
0 0.35096153846153844 0.6442307692307693 0.038461538461538464 0.07091346153846154
0 0.4338942307692308 0.6682692307692307 0.04567307692307692 0.07091346153846154
0 0.46634615384615385 0.6442307692307693 0.036057692307692304 0.08774038461538461
0 0.5012019230769231 0.6286057692307693 0.04326923076923077 0.1045673076923077
0 0.3173076923076923 0.7139423076923077 0.051682692307692304 0.05048076923076923
0 0.27163461538461536 0.640625 0.046875 0.056490384615384616
0 0.2848557692307692 0.5625 0.042067307692307696 0.04927884615384615
0 0.2776442307692308 0.47716346153846156 0.04567307692307692 0.06490384615384616
0 0.10697115384615384 0.5817307692307693 0.037259615384615384 0.07572115384615384
0 0.040865384615384616 0.484375 0.051682692307692304 0.036057692307692304
0 0.06129807692307692 0.3629807692307692 0.057692307692307696 0.055288461538461536
0 0.13942307692307693 0.19591346153846154 0.04807692307692308 0.06129807692307692
0 0.23197115384615385 0.23798076923076922 0.06610576923076923 0.04326923076923077
0 0.34375 0.21514423076923078 0.0673076923076923 0.054086538461538464
0 0.2824519230769231 0.15504807692307693 0.046875 0.06971153846153846
0 0.3004807692307692 0.07451923076923077 0.02283653846153846 0.05048076923076923
0 0.27884615384615385 0.04326923076923077 0.04807692307692308 0.03365384615384615
0 0.21514423076923078 0.036057692307692304 0.05048076923076923 0.038461538461538464
0 0.1778846153846154 0.4230769230769231 0.056490384615384616 0.052884615384615384
0 0.3557692307692308 0.4050480769230769 0.038461538461538464 0.057692307692307696
0 0.10336538461538461 0.8100961538461539 0.04807692307692308 0.0625
0 0.04567307692307692 0.7872596153846154 0.04807692307692308 0.055288461538461536
0 0.171875 0.9014423076923077 0.057692307692307696 0.07692307692307693
0 0.24879807692307693 0.9651442307692307 0.0673076923076923 0.057692307692307696
0 0.43028846153846156 0.9146634615384616 0.06971153846153846 0.0673076923076923
0 0.49759615384615385 0.90625 0.05048076923076923 0.054086538461538464
0 0.5360576923076923 0.7644230769230769 0.06129807692307692 0.05889423076923077
0 0.9098557692307693 0.1935096153846154 0.030048076923076924 0.0625
0 0.8173076923076923 0.16466346153846154 0.06490384615384616 0.0625
0 0.7463942307692307 0.28846153846153844 0.05048076923076923 0.04567307692307692
0 0.6694711538461539 0.18870192307692307 0.0625 0.039663461538461536
0 0.53125 0.21514423076923078 0.054086538461538464 0.042067307692307696
0 0.5721153846153846 0.18269230769230768 0.04326923076923077 0.05048076923076923
0 0.4807692307692308 0.2800480769230769 0.03485576923076923 0.039663461538461536
0 0.5120192307692307 0.06370192307692307 0.03365384615384615 0.042067307692307696
0 0.5600961538461539 0.07692307692307693 0.03245192307692308 0.055288461538461536
0 0.4723557692307692 0.31971153846153844 0.038461538461538464 0.040865384615384616
0 0.7680288461538461 0.7163461538461539 0.05889423076923077 0.057692307692307696
0 0.9158653846153846 0.5793269230769231 0.04326923076923077 0.0625
0 0.8401442307692307 0.5144230769230769 0.04927884615384615 0.06490384615384616
0 0.9435096153846154 0.5264423076923077 0.0673076923076923 0.0733173076923077
0 0.8209134615384616 0.3233173076923077 0.036057692307692304 0.054086538461538464
0 0.6634615384615384 0.7776442307692307 0.039663461538461536 0.04326923076923077
0 0.7403846153846154 0.8990384615384616 0.06490384615384616 0.06490384615384616
0 0.671875 0.9338942307692307 0.06610576923076923 0.052884615384615384
0 0.8665865384615384 0.2692307692307692 0.037259615384615384 0.05889423076923077
0 0.9230769230769231 0.2860576923076923 0.037259615384615384 0.046875
0 0.7560096153846154 0.5108173076923077 0.056490384615384616 0.09615384615384616
0 0.7019230769230769 0.43028846153846156 0.037259615384615384 0.08774038461538461
0 0.6442307692307693 0.5709134615384616 0.04447115384615385 0.078125
0 0.2247596153846154 0.44711538461538464 0.019230769230769232 0.06490384615384616
0 0.2091346153846154 0.43149038461538464 0.026442307692307692 0.040865384615384616