0 0.08413461538461539 0.21153846153846154 0.042067307692307696 0.055288461538461536
0 0.04927884615384615 0.22355769230769232 0.038461538461538464 0.04807692307692308
0 0.28966346153846156 0.2512019230769231 0.0733173076923077 0.04807692307692308
0 0.28365384615384615 0.3737980769230769 0.04447115384615385 0.05048076923076923
0 0.35336538461538464 0.4387019230769231 0.04807692307692308 0.040865384615384616
0 0.2127403846153846 0.47475961538461536 0.051682692307692304 0.051682692307692304
0 0.30649038461538464 0.578125 0.039663461538461536 0.0625
0 0.36177884615384615 0.5745192307692307 0.054086538461538464 0.06370192307692307
0 0.27403846153846156 0.6694711538461539 0.026442307692307692 0.07211538461538461
0 0.18389423076923078 0.7199519230769231 0.056490384615384616 0.06850961538461539
0 0.0985576923076923 0.6826923076923077 0.06490384615384616 0.037259615384615384
0 0.0829326923076923 0.609375 0.040865384615384616 0.06971153846153846
0 0.13942307692307693 0.890625 0.04567307692307692 0.05048076923076923
0 0.21995192307692307 0.8185096153846154 0.039663461538461536 0.052884615384615384
0 0.26802884615384615 0.8221153846153846 0.039663461538461536 0.07211538461538461
0 0.3161057692307692 0.8209134615384616 0.039663461538461536 0.06129807692307692
0 0.25 0.8725961538461539 0.04927884615384615 0.055288461538461536
0 0.2283653846153846 0.9747596153846154 0.04326923076923077 0.02403846153846154
0 0.4987980769230769 0.828125 0.07572115384615384 0.08533653846153846
0 0.4807692307692308 0.6586538461538461 0.04567307692307692 0.056490384615384616
0 0.4795673076923077 0.6141826923076923 0.05048076923076923 0.037259615384615384
0 0.42788461538461536 0.4963942307692308 0.04447115384615385 0.05048076923076923
0 0.5324519230769231 0.4014423076923077 0.04927884615384615 0.05048076923076923
0 0.46875 0.32091346153846156 0.06129807692307692 0.0625
0 0.5360576923076923 0.2439903846153846 0.040865384615384616 0.052884615384615384
0 0.6959134615384616 0.44471153846153844 0.051682692307692304 0.06370192307692307
0 0.8161057692307693 0.2860576923076923 0.04447115384615385 0.056490384615384616
0 0.8137019230769231 0.45072115384615385 0.03245192307692308 0.036057692307692304
0 0.8617788461538461 0.5444711538461539 0.05048076923076923 0.051682692307692304
0 0.8185096153846154 0.5288461538461539 0.042067307692307696 0.05048076923076923
0 0.7463942307692307 0.5216346153846154 0.07091346153846154 0.03125
0 0.7463942307692307 0.5661057692307693 0.05048076923076923 0.054086538461538464
0 0.6947115384615384 0.6538461538461539 0.04326923076923077 0.052884615384615384
0 0.6370192307692307 0.6971153846153846 0.038461538461538464 0.07211538461538461
0 0.5661057692307693 0.9555288461538461 0.06370192307692307 0.042067307692307696
0 0.41225961538461536 0.9639423076923077 0.042067307692307696 0.05048076923076923
0 0.8473557692307693 0.8341346153846154 0.04807692307692308 0.06370192307692307
0 0.9411057692307693 0.7584134615384616 0.04326923076923077 0.09254807692307693
0 0.8822115384615384 0.8197115384615384 0.021634615384615384 0.054086538461538464
0 0.9242788461538461 0.9338942307692307 0.04567307692307692 0.06370192307692307