0 0.5108173076923077 0.35096153846153844 0.06009615384615385 0.07091346153846154
0 0.5324519230769231 0.2283653846153846 0.055288461538461536 0.057692307692307696
0 0.5144230769230769 0.15745192307692307 0.06610576923076923 0.03485576923076923
0 0.1502403846153846 0.3786057692307692 0.056490384615384616 0.052884615384615384
0 0.15264423076923078 0.5949519230769231 0.046875 0.039663461538461536
0 0.49399038461538464 0.5673076923076923 0.04447115384615385 0.051682692307692304
0 0.46634615384615385 0.4855769230769231 0.05048076923076923 0.04447115384615385
0 0.8149038461538461 0.5961538461538461 0.06490384615384616 0.051682692307692304
0 0.8485576923076923 0.7584134615384616 0.07091346153846154 0.08413461538461539
0 0.5877403846153846 0.6838942307692307 0.055288461538461536 0.07211538461538461
0 0.7211538461538461 0.7463942307692307 0.04567307692307692 0.07091346153846154
0 0.3317307692307692 0.24278846153846154 0.06370192307692307 0.04807692307692308
0 0.8581730769230769 0.2956730769230769 0.046875 0.057692307692307696
0 0.9014423076923077 0.6069711538461539 0.04326923076923077 0.07211538461538461
0 0.2704326923076923 0.8870192307692307 0.06370192307692307 0.05889423076923077
0 0.24158653846153846 0.6971153846153846 0.0829326923076923 0.051682692307692304
0 0.0829326923076923 0.5949519230769231 0.06610576923076923 0.04326923076923077
0 0.3954326923076923 0.5108173076923077 0.055288461538461536 0.036057692307692304
0 0.5973557692307693 0.9411057692307693 0.07211538461538461 0.039663461538461536
0 0.33413461538461536 0.8293269230769231 0.06971153846153846 0.09254807692307693
0 0.4387019230769231 0.7764423076923077 0.09975961538461539 0.06490384615384616
0 0.6622596153846154 0.8473557692307693 0.078125 0.11057692307692307
0 0.8858173076923077 0.5216346153846154 0.051682692307692304 0.0985576923076923
0 0.8713942307692307 0.4411057692307692 0.09375 0.078125
0 0.7379807692307693 0.3269230769230769 0.04927884615384615 0.0625
0 0.640625 0.2980769230769231 0.07692307692307693 0.06971153846153846
0 0.7403846153846154 0.08774038461538461 0.0625 0.08413461538461539
0 0.12980769230769232 0.5036057692307693 0.08052884615384616 0.078125
0 0.1201923076923077 0.5432692307692307 0.04447115384615385 0.054086538461538464
0 0.016826923076923076 0.4675480769230769 0.03365384615384615 0.11057692307692307
0 0.014423076923076924 0.25841346153846156 0.027644230769230768 0.1045673076923077
0 0.15865384615384615 0.953125 0.06610576923076923 0.09134615384615384
0 0.9435096153846154 0.2512019230769231 0.06370192307692307 0.08533653846153846
0 0.30649038461538464 0.4651442307692308 0.042067307692307696 0.0673076923076923