0 0.1502403846153846 0.13701923076923078 0.04807692307692308 0.08413461538461539
0 0.0889423076923077 0.24158653846153846 0.06370192307692307 0.0625
0 0.11899038461538461 0.3076923076923077 0.055288461538461536 0.05889423076923077
0 0.1201923076923077 0.5889423076923077 0.055288461538461536 0.1346153846153846
0 0.19591346153846154 0.7920673076923077 0.07572115384615384 0.09735576923076923
0 0.25 0.7884615384615384 0.03365384615384615 0.0889423076923077
0 0.3112980769230769 0.8509615384615384 0.03485576923076923 0.10336538461538461
0 0.3605769230769231 0.9182692307692307 0.051682692307692304 0.042067307692307696
0 0.3954326923076923 0.8605769230769231 0.03485576923076923 0.042067307692307696
0 0.46153846153846156 0.8774038461538461 0.04447115384615385 0.07932692307692307
0 0.4699519230769231 0.7223557692307693 0.0673076923076923 0.06850961538461539
0 0.5805288461538461 0.7608173076923077 0.06490384615384616 0.03485576923076923
0 0.625 0.8100961538461539 0.054086538461538464 0.06490384615384616
0 0.5889423076923077 0.8846153846153846 0.05889423076923077 0.04567307692307692
0 0.7487980769230769 0.5324519230769231 0.052884615384615384 0.10576923076923077
0 0.7055288461538461 0.3641826923076923 0.051682692307692304 0.056490384615384616
0 0.7908653846153846 0.25841346153846156 0.04447115384615385 0.07692307692307693
0 0.8088942307692307 0.17067307692307693 0.05048076923076923 0.07211538461538461
0 0.6814903846153846 0.14302884615384615 0.046875 0.0829326923076923
0 0.5637019230769231 0.16706730769230768 0.04447115384615385 0.09375
0 0.5168269230769231 0.2824519230769231 0.03365384615384615 0.078125
0 0.48197115384615385 0.078125 0.03365384615384615 0.0829326923076923
0 0.22355769230769232 0.2403846153846154 0.051682692307692304 0.08173076923076923