0 0.515625 0.4735576923076923 0.07451923076923077 0.12259615384615384
0 0.38221153846153844 0.3870192307692308 0.04807692307692308 0.08173076923076923
0 0.2247596153846154 0.29927884615384615 0.0889423076923077 0.07451923076923077
0 0.15264423076923078 0.5336538461538461 0.05048076923076923 0.07451923076923077
0 0.09134615384615384 0.5120192307692307 0.055288461538461536 0.08413461538461539
0 0.037259615384615384 0.47596153846153844 0.052884615384615384 0.07932692307692307
0 0.016826923076923076 0.3581730769230769 0.021634615384615384 0.06971153846153846
0 0.109375 0.15144230769230768 0.06971153846153846 0.052884615384615384
0 0.1875 0.10817307692307693 0.0673076923076923 0.057692307692307696
0 0.36658653846153844 0.21995192307692307 0.052884615384615384 0.0889423076923077
0 0.765625 0.3245192307692308 0.06971153846153846 0.0673076923076923
0 0.6466346153846154 0.7115384615384616 0.03365384615384615 0.06490384615384616
0 0.4675480769230769 0.5913461538461539 0.07451923076923077 0.07692307692307693
0 0.04447115384615385 0.7728365384615384 0.07692307692307693 0.09375
0 0.051682692307692304 0.13701923076923078 0.038461538461538464 0.04807692307692308
0 0.38341346153846156 0.8786057692307693 0.07932692307692307 0.052884615384615384
0 0.22716346153846154 0.4495192307692308 0.052884615384615384 0.06490384615384616
0 0.1141826923076923 0.019230769230769232 0.055288461538461536 0.038461538461538464
0 0.22115384615384615 0.7668269230769231 0.07451923076923077 0.1201923076923077
0 0.0625 0.24278846153846154 0.07932692307692307 0.09134615384615384
0 0.15865384615384615 0.6838942307692307 0.05048076923076923 0.08653846153846154
0 0.13942307692307693 0.6346153846153846 0.057692307692307696 0.06490384615384616
0 0.10336538461538461 0.609375 0.057692307692307696 0.07451923076923077
0 0.24639423076923078 0.36778846153846156 0.07211538461538461 0.06490384615384616
0 0.3329326923076923 0.08774038461538461 0.07932692307692307 0.0985576923076923
0 0.46033653846153844 0.0625 0.07211538461538461 0.09615384615384616
0 0.5036057692307693 0.016826923076923076 0.055288461538461536 0.03365384615384615
0 0.7355769230769231 0.5757211538461539 0.07451923076923077 0.10817307692307693
0 0.6574519230769231 0.8064903846153846 0.057692307692307696 0.10336538461538461
0 0.7379807692307693 0.8665865384615384 0.057692307692307696 0.0889423076923077
0 0.8413461538461539 0.7680288461538461 0.057692307692307696 0.11057692307692307
0 0.8016826923076923 0.9675480769230769 0.06009615384615385 0.06490384615384616
0 0.7644230769230769 0.04567307692307692 0.04807692307692308 0.052884615384615384