0 0.18269230769230768 0.4987980769230769 0.057692307692307696 0.10336538461538461
0 0.45913461538461536 0.5889423076923077 0.04567307692307692 0.08173076923076923
0 0.4651442307692308 0.7632211538461539 0.06009615384615385 0.04567307692307692
0 0.515625 0.25721153846153844 0.05048076923076923 0.036057692307692304
0 0.6382211538461539 0.28365384615384615 0.052884615384615384 0.04567307692307692
0 0.5084134615384616 0.30528846153846156 0.06009615384615385 0.05048076923076923
0 0.7295673076923077 0.27884615384615385 0.04807692307692308 0.057692307692307696
0 0.8725961538461539 0.22716346153846154 0.04567307692307692 0.07692307692307693
0 0.84375 0.026442307692307692 0.0625 0.052884615384615384
0 0.9747596153846154 0.24879807692307693 0.03125 0.0889423076923077
0 0.6430288461538461 0.6153846153846154 0.06009615384615385 0.07692307692307693
0 0.44591346153846156 0.9819711538461539 0.036057692307692304 0.036057692307692304
0 0.8581730769230769 0.3894230769230769 0.08173076923076923 0.0625
0 0.7151442307692307 0.09615384615384616 0.04807692307692308 0.057692307692307696
0 0.3245192307692308 0.6382211538461539 0.052884615384615384 0.05048076923076923
0 0.2439903846153846 0.6598557692307693 0.052884615384615384 0.038461538461538464
0 0.578125 0.5913461538461539 0.06009615384615385 0.07692307692307693
0 0.09495192307692307 0.359375 0.05048076923076923 0.07692307692307693
0 0.09735576923076923 0.46274038461538464 0.0673076923076923 0.09615384615384616
0 0.21875 0.8629807692307693 0.07451923076923077 0.10096153846153846
0 0.1971153846153846 0.6838942307692307 0.040865384615384616 0.07451923076923077
0 0.3918269230769231 0.8473557692307693 0.0889423076923077 0.1346153846153846
0 0.5120192307692307 0.9507211538461539 0.07692307692307693 0.09615384615384616
0 0.6237980769230769 0.9254807692307693 0.04567307692307692 0.07932692307692307
0 0.7307692307692307 0.7283653846153846 0.052884615384615384 0.11057692307692307
0 0.7836538461538461 0.7548076923076923 0.057692307692307696 0.0673076923076923
0 0.6646634615384616 0.055288461538461536 0.05048076923076923 0.06009615384615385
0 0.5973557692307693 0.125 0.038461538461538464 0.08173076923076923
0 0.9158653846153846 0.5853365384615384 0.052884615384615384 0.11298076923076923
0 0.8677884615384616 0.5492788461538461 0.057692307692307696 0.10576923076923077
0 0.5132211538461539 0.5901442307692307 0.05048076923076923 0.07692307692307693
0 0.53125 0.7584134615384616 0.04807692307692308 0.08413461538461539
0 0.7824519230769231 0.21514423076923078 0.04807692307692308 0.0889423076923077
0 0.7331730769230769 0.22956730769230768 0.055288461538461536 0.0625
0 0.46634615384615385 0.10216346153846154 0.057692307692307696 0.0889423076923077