0 0.24879807692307693 0.390625 0.0889423076923077 0.08653846153846154
0 0.13822115384615385 0.28125 0.08413461538461539 0.0985576923076923
0 0.04326923076923077 0.32211538461538464 0.08653846153846154 0.09615384615384616
0 0.3557692307692308 0.078125 0.07211538461538461 0.07451923076923077
0 0.4387019230769231 0.07932692307692307 0.06971153846153846 0.0673076923076923
0 0.5144230769230769 0.26802884615384615 0.0625 0.0673076923076923
0 0.4879807692307692 0.375 0.0625 0.0889423076923077
0 0.5769230769230769 0.44591346153846156 0.08173076923076923 0.0889423076923077
0 0.7127403846153846 0.5168269230769231 0.07451923076923077 0.07932692307692307
0 0.6418269230769231 0.3713942307692308 0.08653846153846154 0.055288461538461536
0 0.6598557692307693 0.31009615384615385 0.055288461538461536 0.07451923076923077
0 0.7788461538461539 0.4362980769230769 0.08173076923076923 0.0985576923076923
0 0.859375 0.6009615384615384 0.07692307692307693 0.08413461538461539
0 0.8605769230769231 0.7259615384615384 0.07211538461538461 0.06971153846153846
0 0.6658653846153846 0.7632211538461539 0.07692307692307693 0.052884615384615384
0 0.5841346153846154 0.6430288461538461 0.08653846153846154 0.0985576923076923
0 0.4182692307692308 0.6165865384615384 0.07211538461538461 0.0889423076923077
0 0.19230769230769232 0.5600961538461539 0.10817307692307693 0.10576923076923077
0 0.04447115384615385 0.5997596153846154 0.08653846153846154 0.0985576923076923
0 0.0889423076923077 0.7824519230769231 0.08173076923076923 0.10576923076923077
0 0.22716346153846154 0.828125 0.0625 0.0673076923076923
0 0.48677884615384615 0.7451923076923077 0.07451923076923077 0.0985576923076923
0 0.5673076923076923 0.9290865384615384 0.09615384615384616 0.07692307692307693
0 0.10817307692307693 0.13822115384615385 0.08173076923076923 0.07692307692307693
0 0.8377403846153846 0.03365384615384615 0.08413461538461539 0.0673076923076923
0 0.8774038461538461 0.17908653846153846 0.11057692307692307 0.11778846153846154
0 0.9399038461538461 0.36177884615384615 0.08173076923076923 0.08413461538461539
0 0.9771634615384616 0.46033653846153844 0.04567307692307692 0.06971153846153846
0 0.9086538461538461 0.5144230769230769 0.09615384615384616 0.08653846153846154
0 0.9951923076923077 0.5264423076923077 0.009615384615384616 0.057692307692307696
0 0.2608173076923077 0.24158653846153846 0.07692307692307693 0.08173076923076923
0 0.037259615384615384 0.4963942307692308 0.07451923076923077 0.06490384615384616
0 0.31850961538461536 0.3173076923076923 0.07211538461538461 0.06971153846153846
0 0.484375 0.15504807692307693 0.07932692307692307 0.07211538461538461
0 0.6418269230769231 0.8401442307692307 0.07692307692307693 0.0625
0 0.7872596153846154 0.5829326923076923 0.07451923076923077 0.09375
0 0.6502403846153846 0.6418269230769231 0.07932692307692307 0.09375
0 0.28125 0.3425480769230769 0.055288461538461536 0.052884615384615384