0 0.265625 0.020432692307692308 0.06009615384615385 0.040865384615384616
0 0.25721153846153844 0.10336538461538461 0.040865384615384616 0.07211538461538461
0 0.1875 0.1971153846153846 0.036057692307692304 0.057692307692307696
0 0.13341346153846154 0.18990384615384615 0.05048076923076923 0.04807692307692308
0 0.04807692307692308 0.3016826923076923 0.036057692307692304 0.038461538461538464
0 0.0673076923076923 0.36899038461538464 0.0673076923076923 0.036057692307692304
0 0.13221153846153846 0.4375 0.04807692307692308 0.06009615384615385
0 0.0829326923076923 0.5649038461538461 0.05048076923076923 0.04326923076923077
0 0.16466346153846154 0.5216346153846154 0.040865384615384616 0.04326923076923077
0 0.21634615384615385 0.53125 0.036057692307692304 0.052884615384615384
0 0.25841346153846156 0.5288461538461539 0.040865384615384616 0.04326923076923077
0 0.1935096153846154 0.5685096153846154 0.040865384615384616 0.04567307692307692
0 0.15865384615384615 0.7235576923076923 0.038461538461538464 0.06009615384615385
0 0.21514423076923078 0.7560096153846154 0.038461538461538464 0.05048076923076923
0 0.3449519230769231 0.6598557692307693 0.03125 0.04326923076923077
0 0.4326923076923077 0.5276442307692307 0.057692307692307696 0.04807692307692308
0 0.42788461538461536 0.3762019230769231 0.04326923076923077 0.05048076923076923
0 0.42908653846153844 0.3401442307692308 0.04326923076923077 0.03125
0 0.38341346153846156 0.23197115384615385 0.04807692307692308 0.07211538461538461
0 0.31850961538461536 0.17668269230769232 0.04807692307692308 0.04567307692307692
0 0.3137019230769231 0.3016826923076923 0.04807692307692308 0.05048076923076923
0 0.2620192307692308 0.3076923076923077 0.036057692307692304 0.0625
0 0.22596153846153846 0.390625 0.040865384615384616 0.06009615384615385
0 0.42908653846153844 0.08413461538461539 0.057692307692307696 0.052884615384615384
0 0.48677884615384615 0.15985576923076922 0.05048076923076923 0.040865384615384616
0 0.515625 0.3137019230769231 0.03125 0.06490384615384616
0 0.625 0.2091346153846154 0.04326923076923077 0.057692307692307696
0 0.6622596153846154 0.27283653846153844 0.04807692307692308 0.03365384615384615
0 0.6658653846153846 0.3016826923076923 0.05048076923076923 0.028846153846153848
0 0.6117788461538461 0.38461538461538464 0.04567307692307692 0.04567307692307692
0 0.5637019230769231 0.42427884615384615 0.036057692307692304 0.057692307692307696
0 0.4807692307692308 0.65625 0.04807692307692308 0.04567307692307692
0 0.6875 0.5396634615384616 0.04326923076923077 0.057692307692307696
0 0.7367788461538461 0.5432692307692307 0.04326923076923077 0.057692307692307696
0 0.7668269230769231 0.5276442307692307 0.028846153846153848 0.055288461538461536
0 0.8233173076923077 0.46875 0.04326923076923077 0.06009615384615385
0 0.8665865384615384 0.5757211538461539 0.038461538461538464 0.04567307692307692
0 0.8052884615384616 0.625 0.02403846153846154 0.040865384615384616
0 0.7692307692307693 0.29086538461538464 0.05048076923076923 0.055288461538461536
0 0.8221153846153846 0.9879807692307693 0.057692307692307696 0.02403846153846154
0 0.9074519230769231 0.6875 0.03125 0.04326923076923077