0 0.7007211538461539 0.5685096153846154 0.057692307692307696 0.06971153846153846
0 0.7512019230769231 0.49399038461538464 0.036057692307692304 0.0625
0 0.8233173076923077 0.65625 0.055288461538461536 0.055288461538461536
0 0.8725961538461539 0.6129807692307693 0.038461538461538464 0.057692307692307696
0 0.9146634615384616 0.6838942307692307 0.06490384615384616 0.052884615384615384
0 0.9278846153846154 0.828125 0.052884615384615384 0.057692307692307696
0 0.8774038461538461 0.4519230769230769 0.0673076923076923 0.06009615384615385
0 0.8076923076923077 0.19230769230769232 0.057692307692307696 0.057692307692307696
0 0.39302884615384615 0.7872596153846154 0.055288461538461536 0.055288461538461536
0 0.48677884615384615 0.8521634615384616 0.052884615384615384 0.0673076923076923
0 0.40625 0.9158653846153846 0.057692307692307696 0.03365384615384615
0 0.027644230769230768 0.171875 0.055288461538461536 0.06009615384615385
0 0.27884615384615385 0.6802884615384616 0.04326923076923077 0.04326923076923077
0 0.6802884615384616 0.41466346153846156 0.055288461538461536 0.038461538461538464
0 0.6237980769230769 0.3425480769230769 0.04567307692307692 0.052884615384615384
0 0.9483173076923077 0.921875 0.04326923076923077 0.055288461538461536
0 0.41947115384615385 0.6923076923076923 0.05048076923076923 0.0673076923076923
0 0.3112980769230769 0.7884615384615384 0.04807692307692308 0.0889423076923077
0 0.4723557692307692 0.765625 0.08653846153846154 0.0889423076923077
0 0.4050480769230769 0.8834134615384616 0.04567307692307692 0.057692307692307696
0 0.37259615384615385 0.9603365384615384 0.052884615384615384 0.07692307692307693
0 0.9927884615384616 0.8485576923076923 0.014423076923076924 0.08173076923076923
0 0.9795673076923077 0.6983173076923077 0.040865384615384616 0.06009615384615385
0 0.7271634615384616 0.7355769230769231 0.036057692307692304 0.07451923076923077
0 0.03365384615384615 0.6225961538461539 0.052884615384615384 0.07451923076923077
0 0.04326923076923077 0.3473557692307692 0.06009615384615385 0.07932692307692307
0 0.11298076923076923 0.15144230769230768 0.08653846153846154 0.10096153846153846
0 0.5480769230769231 0.18028846153846154 0.052884615384615384 0.0985576923076923
0 0.7644230769230769 0.078125 0.04567307692307692 0.07932692307692307
0 0.8329326923076923 0.3233173076923077 0.05048076923076923 0.09134615384615384
0 0.8497596153846154 0.22355769230769232 0.06490384615384616 0.09134615384615384
0 0.9795673076923077 0.25 0.026442307692307692 0.07692307692307693
0 0.9927884615384616 0.453125 0.014423076923076924 0.06490384615384616
0 0.9759615384615384 0.055288461538461536 0.019230769230769232 0.08173076923076923
0 0.008413461538461538 0.2668269230769231 0.016826923076923076 0.057692307692307696
0 0.8533653846153846 0.7475961538461539 0.0673076923076923 0.055288461538461536
0 0.8413461538461539 0.7944711538461539 0.05048076923076923 0.06490384615384616