0 0.4699519230769231 0.8401442307692307 0.052884615384615384 0.0673076923076923
0 0.5252403846153846 0.7956730769230769 0.04807692307692308 0.07692307692307693
0 0.6382211538461539 0.8088942307692307 0.055288461538461536 0.07211538461538461
0 0.47475961538461536 0.234375 0.06490384615384616 0.07932692307692307
0 0.5084134615384616 0.03125 0.055288461538461536 0.0625
0 0.8798076923076923 0.7463942307692307 0.052884615384615384 0.0985576923076923
0 0.14423076923076922 0.9326923076923077 0.055288461538461536 0.07451923076923077
0 0.29927884615384615 0.7487980769230769 0.07932692307692307 0.06971153846153846
0 0.6382211538461539 0.6802884615384616 0.10096153846153846 0.10576923076923077
0 0.4723557692307692 0.6983173076923077 0.08173076923076923 0.11298076923076923
0 0.390625 0.8689903846153846 0.0673076923076923 0.0889423076923077
0 0.27283653846153844 0.8665865384615384 0.09375 0.0985576923076923
0 0.09615384615384616 0.8185096153846154 0.08653846153846154 0.11538461538461539
0 0.9146634615384616 0.5925480769230769 0.0673076923076923 0.10817307692307693
0 0.7776442307692307 0.5805288461538461 0.057692307692307696 0.09134615384615384
0 0.8197115384615384 0.7055288461538461 0.07211538461538461 0.125