0 0.3701923076923077 0.22115384615384615 0.07211538461538461 0.07692307692307693
0 0.43509615384615385 0.2800480769230769 0.07692307692307693 0.08413461538461539
0 0.40024038461538464 0.06610576923076923 0.057692307692307696 0.0673076923076923
0 0.3557692307692308 0.0829326923076923 0.06490384615384616 0.0625
0 0.038461538461538464 0.4254807692307692 0.07211538461538461 0.08413461538461539
0 0.19110576923076922 0.47475961538461536 0.0673076923076923 0.07932692307692307
0 0.21033653846153846 0.5192307692307693 0.0625 0.07211538461538461
0 0.1466346153846154 0.5504807692307693 0.07932692307692307 0.07211538461538461
0 0.328125 0.7572115384615384 0.07932692307692307 0.08173076923076923
0 0.4375 0.8677884615384616 0.08173076923076923 0.08653846153846154
0 0.4831730769230769 0.6694711538461539 0.07451923076923077 0.08413461538461539
0 0.609375 0.7692307692307693 0.09134615384615384 0.09375
0 0.7692307692307693 0.6694711538461539 0.08413461538461539 0.08653846153846154
0 0.8497596153846154 0.6802884615384616 0.07211538461538461 0.06971153846153846
0 0.9122596153846154 0.5276442307692307 0.0625 0.07451923076923077
0 0.8774038461538461 0.34615384615384615 0.08413461538461539 0.09375
0 0.71875 0.46274038461538464 0.06490384615384616 0.057692307692307696
0 0.7079326923076923 0.40384615384615385 0.06009615384615385 0.0625
0 0.6778846153846154 0.4254807692307692 0.0673076923076923 0.06490384615384616
0 0.6790865384615384 0.4675480769230769 0.04567307692307692 0.05048076923076923
0 0.5949519230769231 0.5024038461538461 0.09134615384615384 0.09615384615384616
0 0.5216346153846154 0.34375 0.10336538461538461 0.10576923076923077
0 0.5745192307692307 0.2536057692307692 0.07451923076923077 0.0673076923076923
0 0.5396634615384616 0.16466346153846154 0.06971153846153846 0.057692307692307696
0 0.5793269230769231 0.14903846153846154 0.0673076923076923 0.07451923076923077
0 0.71875 0.12860576923076922 0.0625 0.0889423076923077
0 0.7451923076923077 0.16706730769230768 0.06490384615384616 0.08413461538461539
0 0.9050480769230769 0.16826923076923078 0.0625 0.052884615384615384
0 0.5877403846153846 0.039663461538461536 0.07451923076923077 0.07932692307692307
0 0.49759615384615385 0.02403846153846154 0.08173076923076923 0.04807692307692308