0 0.4951923076923077 0.18509615384615385 0.07692307692307693 0.06490384615384616
0 0.34615384615384615 0.018028846153846152 0.07211538461538461 0.036057692307692304
0 0.3016826923076923 0.06490384615384616 0.09615384615384616 0.07932692307692307
0 0.38822115384615385 0.28846153846153844 0.11538461538461539 0.12980769230769232
0 0.22235576923076922 0.47475961538461536 0.07451923076923077 0.0673076923076923
0 0.18990384615384615 0.5120192307692307 0.08173076923076923 0.052884615384615384
0 0.21875 0.5733173076923077 0.08173076923076923 0.07211538461538461
0 0.23798076923076922 0.7115384615384616 0.07932692307692307 0.09134615384615384
0 0.16466346153846154 0.8329326923076923 0.09615384615384616 0.11298076923076923
0 0.06129807692307692 0.6526442307692307 0.09615384615384616 0.1201923076923077
0 0.6069711538461539 0.3473557692307692 0.11057692307692307 0.1466346153846154
0 0.6298076923076923 0.20793269230769232 0.08173076923076923 0.08413461538461539
0 0.6658653846153846 0.15745192307692307 0.10336538461538461 0.08653846153846154
0 0.7644230769230769 0.13221153846153846 0.10336538461538461 0.09375
0 0.8185096153846154 0.22956730769230768 0.07451923076923077 0.09134615384615384
0 0.6947115384615384 0.3762019230769231 0.08653846153846154 0.10096153846153846
0 0.7115384615384616 0.5384615384615384 0.07451923076923077 0.08173076923076923
0 0.640625 0.6502403846153846 0.1201923076923077 0.11298076923076923
0 0.6838942307692307 0.7716346153846154 0.0889423076923077 0.0985576923076923
0 0.8846153846153846 0.6899038461538461 0.11778846153846154 0.1466346153846154
0 0.47115384615384615 0.8473557692307693 0.11298076923076923 0.0985576923076923
0 0.5516826923076923 0.6189903846153846 0.11778846153846154 0.14182692307692307
0 0.15985576923076922 0.42908653846153844 0.09375 0.10576923076923077