0 0.18269230769230768 0.2536057692307692 0.046875 0.051682692307692304
0 0.13581730769230768 0.25961538461538464 0.03485576923076923 0.051682692307692304
0 0.10336538461538461 0.24879807692307693 0.03125 0.056490384615384616
0 0.036057692307692304 0.2824519230769231 0.04326923076923077 0.06971153846153846
0 0.234375 0.39663461538461536 0.054086538461538464 0.056490384615384616
0 0.25 0.34375 0.040865384615384616 0.056490384615384616
0 0.3161057692307692 0.34975961538461536 0.019230769230769232 0.06850961538461539
0 0.28725961538461536 0.3425480769230769 0.019230769230769232 0.052884615384615384
0 0.36538461538461536 0.09735576923076923 0.037259615384615384 0.0625
0 0.47115384615384615 0.18269230769230768 0.039663461538461536 0.054086538461538464
0 0.47716346153846156 0.24639423076923078 0.027644230769230768 0.052884615384615384
0 0.484375 0.38461538461538464 0.026442307692307692 0.0733173076923077
0 0.4579326923076923 0.3894230769230769 0.039663461538461536 0.057692307692307696
0 0.5504807692307693 0.4723557692307692 0.04326923076923077 0.04447115384615385
0 0.5120192307692307 0.4987980769230769 0.036057692307692304 0.05889423076923077
0 0.5444711538461539 0.6262019230769231 0.03485576923076923 0.07692307692307693
0 0.6586538461538461 0.21514423076923078 0.05889423076923077 0.0829326923076923
0 0.7019230769230769 0.33413461538461536 0.06009615384615385 0.0673076923076923
0 0.7259615384615384 0.45552884615384615 0.04567307692307692 0.06850961538461539
0 0.6911057692307693 0.49038461538461536 0.037259615384615384 0.0673076923076923
0 0.6310096153846154 0.4579326923076923 0.04807692307692308 0.054086538461538464
0 0.45072115384615385 0.7139423076923077 0.052884615384615384 0.06009615384615385
0 0.5240384615384616 0.7980769230769231 0.05048076923076923 0.07091346153846154
0 0.484375 0.8798076923076923 0.04927884615384615 0.06370192307692307
0 0.4170673076923077 0.9302884615384616 0.042067307692307696 0.04927884615384615
0 0.7740384615384616 0.3137019230769231 0.03485576923076923 0.07211538461538461
0 0.8137019230769231 0.6802884615384616 0.051682692307692304 0.06610576923076923
0 0.7716346153846154 0.7223557692307693 0.05048076923076923 0.0625
0 0.7367788461538461 0.7463942307692307 0.04807692307692308 0.06850961538461539
0 0.78125 0.7908653846153846 0.055288461538461536 0.039663461538461536
0 0.8930288461538461 0.8425480769230769 0.05889423076923077 0.07692307692307693
0 0.35096153846153844 0.5420673076923077 0.04326923076923077 0.052884615384615384
0 0.2247596153846154 0.8737980769230769 0.046875 0.06009615384615385
0 0.20673076923076922 0.9747596153846154 0.03365384615384615 0.028846153846153848
0 0.12259615384615384 0.9795673076923077 0.05889423076923077 0.019230769230769232
0 0.037259615384615384 0.9302884615384616 0.04567307692307692 0.05048076923076923
0 0.15985576923076922 0.7475961538461539 0.046875 0.055288461538461536
0 0.09615384615384616 0.7680288461538461 0.036057692307692304 0.056490384615384616
0 0.08173076923076923 0.5528846153846154 0.036057692307692304 0.038461538461538464
0 0.0829326923076923 0.5036057692307693 0.03125 0.04326923076923077
0 0.2692307692307692 0.47596153846153844 0.026442307692307692 0.03485576923076923
0 0.8701923076923077 0.4651442307692308 0.028846153846153848 0.06610576923076923
0 0.8233173076923077 0.18389423076923078 0.030048076923076924 0.05048076923076923
0 0.8028846153846154 0.04326923076923077 0.027644230769230768 0.05889423076923077
0 0.8353365384615384 0.953125 0.03365384615384615 0.052884615384615384
0 0.8197115384615384 0.8978365384615384 0.03245192307692308 0.04326923076923077
0 0.18389423076923078 0.41225961538461536 0.052884615384615384 0.0673076923076923
0 0.6947115384615384 0.734375 0.030048076923076924 0.06129807692307692
0 0.2980769230769231 0.3545673076923077 0.013221153846153846 0.06370192307692307