0 0.3329326923076923 0.33052884615384615 0.036057692307692304 0.04326923076923077
0 0.8581730769230769 0.0733173076923077 0.04567307692307692 0.052884615384615384
0 0.8269230769230769 0.1502403846153846 0.03365384615384615 0.052884615384615384
0 0.7956730769230769 0.15504807692307693 0.028846153846153848 0.040865384615384616
0 0.7319711538461539 0.18269230769230768 0.04326923076923077 0.055288461538461536
0 0.8677884615384616 0.28725961538461536 0.04567307692307692 0.07211538461538461
0 0.7379807692307693 0.5324519230769231 0.036057692307692304 0.06490384615384616
0 0.6947115384615384 0.6514423076923077 0.03365384615384615 0.07211538461538461
0 0.7151442307692307 0.9194711538461539 0.038461538461538464 0.04807692307692308
0 0.5817307692307693 0.8293269230769231 0.038461538461538464 0.07211538461538461
0 0.5204326923076923 0.8305288461538461 0.02403846153846154 0.04567307692307692
0 0.5132211538461539 0.8641826923076923 0.019230769230769232 0.052884615384615384
0 0.5252403846153846 0.7439903846153846 0.038461538461538464 0.036057692307692304
0 0.5540865384615384 0.5661057692307693 0.026442307692307692 0.0625
0 0.6189903846153846 0.47836538461538464 0.03365384615384615 0.052884615384615384
0 0.5697115384615384 0.37740384615384615 0.02403846153846154 0.05048076923076923
0 0.5853365384615384 0.328125 0.03365384615384615 0.06490384615384616
0 0.6286057692307693 0.2512019230769231 0.04326923076923077 0.06009615384615385
0 0.6514423076923077 0.036057692307692304 0.04807692307692308 0.05048076923076923
0 0.5612980769230769 0.039663461538461536 0.040865384615384616 0.04807692307692308
0 0.5132211538461539 0.07572115384615384 0.04326923076923077 0.04567307692307692
0 0.5276442307692307 0.12379807692307693 0.04326923076923077 0.04567307692307692
0 0.4723557692307692 0.203125 0.038461538461538464 0.0673076923076923
0 0.4831730769230769 0.15144230769230768 0.04807692307692308 0.055288461538461536
0 0.44350961538461536 0.24639423076923078 0.055288461538461536 0.07692307692307693
0 0.4519230769230769 0.375 0.040865384615384616 0.055288461538461536
0 0.4375 0.45552884615384615 0.04326923076923077 0.04567307692307692
0 0.4483173076923077 0.5420673076923077 0.038461538461538464 0.04326923076923077
0 0.44591346153846156 0.6646634615384616 0.052884615384615384 0.06009615384615385
0 0.390625 0.8413461538461539 0.03125 0.038461538461538464
0 0.4098557692307692 0.890625 0.038461538461538464 0.038461538461538464
0 0.359375 0.78125 0.03365384615384615 0.057692307692307696
0 0.3125 0.7944711538461539 0.04567307692307692 0.06490384615384616
0 0.25 0.7427884615384616 0.028846153846153848 0.04326923076923077
0 0.19591346153846154 0.7668269230769231 0.04326923076923077 0.03365384615384615
0 0.17307692307692307 0.7896634615384616 0.04326923076923077 0.04567307692307692
0 0.20072115384615385 0.8605769230769231 0.04326923076923077 0.052884615384615384
0 0.1466346153846154 0.8485576923076923 0.04326923076923077 0.038461538461538464
0 0.171875 0.6334134615384616 0.028846153846153848 0.052884615384615384
0 0.14543269230769232 0.6237980769230769 0.038461538461538464 0.05048076923076923
0 0.23557692307692307 0.640625 0.038461538461538464 0.07451923076923077
0 0.234375 0.5661057692307693 0.040865384615384616 0.04807692307692308
0 0.21634615384615385 0.47836538461538464 0.038461538461538464 0.05048076923076923
0 0.30649038461538464 0.6189903846153846 0.03365384615384615 0.0673076923076923
0 0.14543269230769232 0.47596153846153844 0.038461538461538464 0.0673076923076923
0 0.25240384615384615 0.43990384615384615 0.038461538461538464 0.04326923076923077
0 0.23197115384615385 0.3894230769230769 0.04567307692307692 0.052884615384615384
0 0.30649038461538464 0.44711538461538464 0.04567307692307692 0.06490384615384616
0 0.328125 0.3918269230769231 0.04807692307692308 0.06490384615384616
0 0.2860576923076923 0.3713942307692308 0.040865384615384616 0.055288461538461536
0 0.24158653846153846 0.33052884615384615 0.040865384615384616 0.04807692307692308
0 0.1622596153846154 0.3016826923076923 0.03125 0.06009615384615385
0 0.3004807692307692 0.31850961538461536 0.04567307692307692 0.0625
0 0.30408653846153844 0.20793269230769232 0.04567307692307692 0.055288461538461536
0 0.31009615384615385 0.10336538461538461 0.04807692307692308 0.07451923076923077
0 0.25 0.15625 0.026442307692307692 0.055288461538461536
0 0.2920673076923077 0.010817307692307692 0.03125 0.021634615384615384
0 0.18028846153846154 0.007211538461538462 0.038461538461538464 0.014423076923076924
0 0.5216346153846154 0.48197115384615385 0.036057692307692304 0.04567307692307692
0 0.5192307692307693 0.006009615384615385 0.038461538461538464 0.01201923076923077
0 0.5997596153846154 0.18870192307692307 0.03125 0.05048076923076923
0 0.9194711538461539 0.15745192307692307 0.0889423076923077 0.11057692307692307