0 0.39663461538461536 0.5769230769230769 0.054086538461538464 0.07692307692307693
0 0.5300480769230769 0.5745192307692307 0.037259615384615384 0.06971153846153846
0 0.6177884615384616 0.5072115384615384 0.036057692307692304 0.07091346153846154
0 0.4951923076923077 0.15384615384615385 0.06009615384615385 0.0673076923076923
0 0.5829326923076923 0.20552884615384615 0.03245192307692308 0.0889423076923077
0 0.7391826923076923 0.09975961538461539 0.038461538461538464 0.0829326923076923
0 0.7596153846153846 0.2283653846153846 0.04447115384615385 0.08413461538461539
0 0.7199519230769231 0.3858173076923077 0.03245192307692308 0.12139423076923077
0 0.7355769230769231 0.875 0.07211538461538461 0.0625
0 0.7548076923076923 0.9627403846153846 0.06009615384615385 0.06850961538461539
0 0.4891826923076923 0.9459134615384616 0.03485576923076923 0.1045673076923077
0 0.2620192307692308 0.5877403846153846 0.038461538461538464 0.11177884615384616
0 0.2824519230769231 0.2608173076923077 0.06490384615384616 0.06490384615384616
0 0.9350961538461539 0.5901442307692307 0.057692307692307696 0.07091346153846154
0 0.8617788461538461 0.4891826923076923 0.04447115384615385 0.07572115384615384
0 0.8858173076923077 0.24759615384615385 0.04927884615384615 0.06370192307692307
0 0.3317307692307692 0.3629807692307692 0.04807692307692308 0.054086538461538464
0 0.203125 0.6382211538461539 0.042067307692307696 0.07091346153846154
0 0.3137019230769231 0.45072115384615385 0.046875 0.0625
0 0.3137019230769231 0.7944711538461539 0.056490384615384616 0.10216346153846154
0 0.19230769230769232 0.34375 0.04927884615384615 0.07211538461538461
0 0.15865384615384615 0.36177884615384615 0.040865384615384616 0.09134615384615384
0 0.10216346153846154 0.4375 0.056490384615384616 0.07451923076923077
0 0.22355769230769232 0.19230769230769232 0.06009615384615385 0.07572115384615384
0 0.5552884615384616 0.75 0.056490384615384616 0.08173076923076923
0 0.5793269230769231 0.6298076923076923 0.046875 0.078125
0 0.8461538461538461 0.7560096153846154 0.06490384615384616 0.10336538461538461
0 0.6850961538461539 0.9387019230769231 0.04447115384615385 0.08413461538461539
0 0.6370192307692307 0.9338942307692307 0.040865384615384616 0.10576923076923077
0 0.9747596153846154 0.2920673076923077 0.05048076923076923 0.11538461538461539
0 0.578125 0.10697115384615384 0.027644230769230768 0.08533653846153846
0 0.4807692307692308 0.030048076923076924 0.052884615384615384 0.056490384615384616
0 0.37740384615384615 0.02403846153846154 0.03365384615384615 0.039663461538461536
0 0.27884615384615385 0.042067307692307696 0.057692307692307696 0.07451923076923077
0 0.06370192307692307 0.0625 0.04326923076923077 0.06370192307692307