0 0.47716346153846156 0.30649038461538464 0.040865384615384616 0.04326923076923077
0 0.47716346153846156 0.2620192307692308 0.036057692307692304 0.026442307692307692
0 0.4375 0.31009615384615385 0.04326923076923077 0.052884615384615384
0 0.390625 0.4074519230769231 0.04567307692307692 0.036057692307692304
0 0.32091346153846156 0.3870192307692308 0.04807692307692308 0.052884615384615384
0 0.16466346153846154 0.4050480769230769 0.038461538461538464 0.04326923076923077
0 0.10096153846153846 0.41225961538461536 0.06490384615384616 0.0625
0 0.08774038461538461 0.5324519230769231 0.04567307692307692 0.04807692307692308
0 0.171875 0.5036057692307693 0.04567307692307692 0.06009615384615385
0 0.19230769230769232 0.5649038461538461 0.04326923076923077 0.038461538461538464
0 0.25240384615384615 0.5408653846153846 0.04567307692307692 0.04567307692307692
0 0.33413461538461536 0.5504807692307693 0.05048076923076923 0.06009615384615385
0 0.32211538461538464 0.6622596153846154 0.04326923076923077 0.05048076923076923
0 0.5769230769230769 0.5 0.04807692307692308 0.057692307692307696
0 0.5132211538461539 0.6213942307692307 0.052884615384615384 0.0673076923076923
0 0.42788461538461536 0.7235576923076923 0.038461538461538464 0.040865384615384616
0 0.3605769230769231 0.7548076923076923 0.03365384615384615 0.03125
0 0.34134615384615385 0.8004807692307693 0.04807692307692308 0.057692307692307696
0 0.2091346153846154 0.7620192307692307 0.052884615384615384 0.05048076923076923
0 0.3762019230769231 0.1141826923076923 0.038461538461538464 0.05048076923076923
0 0.23557692307692307 0.40625 0.04567307692307692 0.04807692307692308
0 0.18870192307692307 0.44350961538461536 0.03125 0.03125
0 0.3629807692307692 0.8473557692307693 0.038461538461538464 0.040865384615384616
0 0.16947115384615385 0.6694711538461539 0.06009615384615385 0.0673076923076923
0 0.8677884615384616 0.21033653846153846 0.04326923076923077 0.04326923076923077
0 0.5841346153846154 0.296875 0.036057692307692304 0.04326923076923077
0 0.4891826923076923 0.34615384615384615 0.036057692307692304 0.03365384615384615
0 0.38461538461538464 0.16826923076923078 0.040865384615384616 0.04807692307692308
0 0.3449519230769231 0.014423076923076924 0.05048076923076923 0.028846153846153848
0 0.09615384615384616 0.6346153846153846 0.04567307692307692 0.04807692307692308
0 0.8233173076923077 0.1971153846153846 0.05048076923076923 0.055288461538461536
0 0.6514423076923077 0.6911057692307693 0.06009615384615385 0.0673076923076923
0 0.6875 0.7379807692307693 0.057692307692307696 0.0673076923076923
0 0.4831730769230769 0.42427884615384615 0.04807692307692308 0.05048076923076923
0 0.5432692307692307 0.42788461538461536 0.06490384615384616 0.0673076923076923
0 0.5841346153846154 0.4338942307692308 0.052884615384615384 0.0625
0 0.640625 0.43149038461538464 0.07451923076923077 0.08653846153846154
0 0.234375 0.28125 0.0625 0.0673076923076923
0 0.009615384615384616 0.5516826923076923 0.019230769230769232 0.04567307692307692
0 0.06490384615384616 0.6237980769230769 0.04567307692307692 0.05048076923076923
0 0.36778846153846156 0.4735576923076923 0.052884615384615384 0.055288461538461536
0 0.2860576923076923 0.45913461538461536 0.057692307692307696 0.06009615384615385
0 0.27884615384615385 0.5108173076923077 0.04567307692307692 0.04807692307692308
0 0.2848557692307692 0.38341346153846156 0.06009615384615385 0.07211538461538461
0 0.25841346153846156 0.359375 0.055288461538461536 0.057692307692307696
0 0.31850961538461536 0.32572115384615385 0.04326923076923077 0.04807692307692308
0 0.15625 0.4543269230769231 0.04807692307692308 0.057692307692307696
0 0.3317307692307692 0.13581730769230768 0.06490384615384616 0.07211538461538461
0 0.5168269230769231 0.09254807692307693 0.055288461538461536 0.06009615384615385
0 0.36778846153846156 0.038461538461538464 0.03365384615384615 0.036057692307692304
0 0.4266826923076923 0.8245192307692307 0.036057692307692304 0.04326923076923077
0 0.5324519230769231 0.9314903846153846 0.06009615384615385 0.0625
0 0.5 0.9519230769230769 0.04326923076923077 0.05048076923076923
0 0.4891826923076923 0.9314903846153846 0.04807692307692308 0.06009615384615385
0 0.35336538461538464 0.921875 0.057692307692307696 0.0673076923076923
0 0.1778846153846154 0.5300480769230769 0.04567307692307692 0.055288461538461536
0 0.1622596153846154 0.5805288461538461 0.036057692307692304 0.038461538461538464
0 0.16706730769230768 0.6141826923076923 0.03365384615384615 0.038461538461538464
0 0.36538461538461536 0.6117788461538461 0.038461538461538464 0.04567307692307692
0 0.45072115384615385 0.42788461538461536 0.04807692307692308 0.05048076923076923