0 0.44711538461538464 0.6538461538461539 0.03365384615384615 0.06490384615384616
0 0.3762019230769231 0.5997596153846154 0.054086538461538464 0.04927884615384615
0 0.42427884615384615 0.5144230769230769 0.03365384615384615 0.08173076923076923
0 0.46153846153846156 0.21514423076923078 0.036057692307692304 0.052884615384615384
0 0.6213942307692307 0.08533653846153846 0.025240384615384616 0.04326923076923077
0 0.7175480769230769 0.24639423076923078 0.037259615384615384 0.04927884615384615
0 0.6694711538461539 0.31850961538461536 0.037259615384615384 0.037259615384615384
0 0.6358173076923077 0.6694711538461539 0.030048076923076924 0.06850961538461539
0 0.6310096153846154 0.7848557692307693 0.02403846153846154 0.052884615384615384
0 0.578125 0.8966346153846154 0.026442307692307692 0.08052884615384616
0 0.6153846153846154 0.9038461538461539 0.03485576923076923 0.03125
0 0.5384615384615384 0.7692307692307693 0.03125 0.037259615384615384
0 0.5492788461538461 0.6995192307692307 0.03485576923076923 0.052884615384615384
0 0.5625 0.8293269230769231 0.04447115384615385 0.04927884615384615
0 0.7908653846153846 0.703125 0.03485576923076923 0.0673076923076923
0 0.7271634615384616 0.6310096153846154 0.04807692307692308 0.04927884615384615
0 0.328125 0.34375 0.028846153846153848 0.054086538461538464
0 0.390625 0.14543269230769232 0.03485576923076923 0.028846153846153848
0 0.28846153846153844 0.06490384615384616 0.027644230769230768 0.056490384615384616
0 0.15144230769230768 0.25240384615384615 0.03365384615384615 0.06009615384615385
0 0.27403846153846156 0.41586538461538464 0.03125 0.030048076923076924
0 0.8822115384615384 0.9074519230769231 0.056490384615384616 0.06490384615384616
0 0.8161057692307693 0.8834134615384616 0.046875 0.06490384615384616
0 0.7632211538461539 0.9375 0.03365384615384615 0.0625
0 0.7764423076923077 0.5685096153846154 0.03125 0.06490384615384616
0 0.7175480769230769 0.125 0.042067307692307696 0.08413461538461539
0 0.5661057692307693 0.22956730769230768 0.03365384615384615 0.04927884615384615
0 0.4879807692307692 0.054086538461538464 0.042067307692307696 0.06850961538461539
0 0.5841346153846154 0.6021634615384616 0.026442307692307692 0.06490384615384616
0 0.5444711538461539 0.4375 0.03365384615384615 0.04326923076923077
0 0.5733173076923077 0.4110576923076923 0.028846153846153848 0.0673076923076923
0 0.4639423076923077 0.45913461538461536 0.04326923076923077 0.018028846153846152
0 0.4254807692307692 0.4362980769230769 0.026442307692307692 0.04927884615384615
0 0.39663461538461536 0.5456730769230769 0.026442307692307692 0.042067307692307696
0 0.22235576923076922 0.36538461538461536 0.07211538461538461 0.08533653846153846
0 0.19230769230769232 0.3954326923076923 0.026442307692307692 0.057692307692307696
0 0.25240384615384615 0.22716346153846154 0.027644230769230768 0.039663461538461536
0 0.18269230769230768 0.21514423076923078 0.02283653846153846 0.06490384615384616
0 0.25721153846153844 0.3173076923076923 0.039663461538461536 0.07091346153846154
0 0.2824519230769231 0.45072115384615385 0.020432692307692308 0.06009615384615385
0 0.2283653846153846 0.6430288461538461 0.057692307692307696 0.07572115384615384
0 0.23557692307692307 0.7680288461538461 0.042067307692307696 0.051682692307692304
0 0.24158653846153846 0.8173076923076923 0.04326923076923077 0.042067307692307696
0 0.18269230769230768 0.8040865384615384 0.030048076923076924 0.05889423076923077
0 0.14783653846153846 0.7704326923076923 0.038461538461538464 0.04807692307692308
0 0.46274038461538464 0.7463942307692307 0.07211538461538461 0.09495192307692307
0 0.3389423076923077 0.7115384615384616 0.036057692307692304 0.0625
0 0.3233173076923077 0.7872596153846154 0.025240384615384616 0.08173076923076923
0 0.31490384615384615 0.8305288461538461 0.042067307692307696 0.037259615384615384
0 0.3954326923076923 0.8834134615384616 0.03365384615384615 0.057692307692307696
0 0.5769230769230769 0.7896634615384616 0.04567307692307692 0.042067307692307696
0 0.7055288461538461 0.9639423076923077 0.04447115384615385 0.05048076923076923
0 0.8028846153846154 0.9483173076923077 0.037259615384615384 0.07692307692307693
0 0.7680288461538461 0.8497596153846154 0.051682692307692304 0.0829326923076923
0 0.8245192307692307 0.65625 0.03365384615384615 0.09014423076923077
0 0.9795673076923077 0.6826923076923077 0.03485576923076923 0.0673076923076923
0 0.7872596153846154 0.27403846153846156 0.040865384615384616 0.052884615384615384
0 0.8413461538461539 0.07451923076923077 0.05048076923076923 0.0829326923076923
0 0.9399038461538461 0.04447115384615385 0.036057692307692304 0.055288461538461536
0 0.53125 0.25 0.039663461538461536 0.0625
0 0.4266826923076923 0.2824519230769231 0.028846153846153848 0.036057692307692304
0 0.36778846153846156 0.2620192307692308 0.039663461538461536 0.042067307692307696
0 0.33774038461538464 0.2439903846153846 0.030048076923076924 0.038461538461538464
0 0.35216346153846156 0.20432692307692307 0.03245192307692308 0.06370192307692307
0 0.2824519230769231 0.19951923076923078 0.03245192307692308 0.06370192307692307
0 0.4375 0.054086538461538464 0.02283653846153846 0.0673076923076923