0 0.59375 0.24879807692307693 0.08173076923076923 0.07211538461538461
0 0.7307692307692307 0.22115384615384615 0.09375 0.07692307692307693
0 0.7127403846153846 0.2644230769230769 0.07451923076923077 0.07692307692307693
0 0.8161057692307693 0.18629807692307693 0.08653846153846154 0.0889423076923077
0 0.8713942307692307 0.2776442307692308 0.0625 0.06490384615384616
0 0.7704326923076923 0.40384615384615385 0.07932692307692307 0.0889423076923077
0 0.6983173076923077 0.38100961538461536 0.10096153846153846 0.10576923076923077
0 0.3942307692307692 0.125 0.10336538461538461 0.0985576923076923
0 0.4411057692307692 0.056490384615384616 0.0673076923076923 0.055288461538461536
0 0.15985576923076922 0.13581730769230768 0.06971153846153846 0.08173076923076923
0 0.14423076923076922 0.2548076923076923 0.08413461538461539 0.08653846153846154
0 0.0625 0.41225961538461536 0.0985576923076923 0.08413461538461539
0 0.29447115384615385 0.46634615384615385 0.06971153846153846 0.08173076923076923
0 0.35096153846153844 0.5132211538461539 0.07451923076923077 0.0625
0 0.3233173076923077 0.5480769230769231 0.08413461538461539 0.055288461538461536
0 0.359375 0.5961538461538461 0.08173076923076923 0.06490384615384616
0 0.37740384615384615 0.7175480769230769 0.0625 0.08413461538461539
0 0.32091346153846156 0.8497596153846154 0.08653846153846154 0.0985576923076923
0 0.20793269230769232 0.6971153846153846 0.11057692307692307 0.10817307692307693
0 0.5961538461538461 0.8341346153846154 0.09134615384615384 0.07451923076923077
0 0.5661057692307693 0.890625 0.06009615384615385 0.07211538461538461
0 0.5192307692307693 0.9747596153846154 0.09615384615384616 0.05048076923076923
0 0.7896634615384616 0.765625 0.07211538461538461 0.08653846153846154
0 0.7355769230769231 0.6682692307692307 0.09615384615384616 0.09375
0 0.7980769230769231 0.5612980769230769 0.06971153846153846 0.07932692307692307
0 0.9411057692307693 0.671875 0.08173076923076923 0.11298076923076923
0 0.6646634615384616 0.6394230769230769 0.11057692307692307 0.11298076923076923
0 0.4987980769230769 0.3317307692307692 0.08653846153846154 0.11057692307692307
0 0.027644230769230768 0.3545673076923077 0.038461538461538464 0.08653846153846154
0 0.025240384615384616 0.7728365384615384 0.05048076923076923 0.10336538461538461
0 0.10817307692307693 0.6971153846153846 0.08653846153846154 0.11538461538461539
0 0.6646634615384616 0.5516826923076923 0.14182692307692307 0.12740384615384615