0 0.18028846153846154 0.5 0.07211538461538461 0.07211538461538461
0 0.046875 0.5625 0.09375 0.09615384615384616
0 0.0673076923076923 0.4567307692307692 0.057692307692307696 0.06009615384615385
0 0.18509615384615385 0.27163461538461536 0.07692307692307693 0.08173076923076923
0 0.27884615384615385 0.3245192307692308 0.06009615384615385 0.06490384615384616
0 0.38461538461538464 0.23557692307692307 0.04567307692307692 0.04807692307692308
0 0.6887019230769231 0.3557692307692308 0.06009615384615385 0.06009615384615385
0 0.7259615384615384 0.3786057692307692 0.04807692307692308 0.04567307692307692
0 0.7379807692307693 0.1875 0.0673076923076923 0.0673076923076923
0 0.5661057692307693 0.13942307692307693 0.07692307692307693 0.07932692307692307
0 0.5180288461538461 0.23918269230769232 0.07211538461538461 0.07692307692307693
0 0.6057692307692307 0.4483173076923077 0.07211538461538461 0.07211538461538461
0 0.6213942307692307 0.5204326923076923 0.07692307692307693 0.07932692307692307
0 0.65625 0.6790865384615384 0.0673076923076923 0.07211538461538461
0 0.4675480769230769 0.4855769230769231 0.07692307692307693 0.08173076923076923
0 0.5120192307692307 0.6430288461538461 0.04807692307692308 0.04807692307692308
0 0.48197115384615385 0.7956730769230769 0.052884615384615384 0.055288461538461536
0 0.3942307692307692 0.46634615384615385 0.057692307692307696 0.055288461538461536
0 0.2776442307692308 0.21754807692307693 0.057692307692307696 0.057692307692307696
0 0.328125 0.09134615384615384 0.06490384615384616 0.0673076923076923
0 0.7992788461538461 0.8305288461538461 0.07932692307692307 0.08653846153846154
0 0.6177884615384616 0.007211538461538462 0.0673076923076923 0.014423076923076924
0 0.8076923076923077 0.4182692307692308 0.06009615384615385 0.06009615384615385
0 0.578125 0.8365384615384616 0.06009615384615385 0.0625
0 0.0625 0.7115384615384616 0.09134615384615384 0.09615384615384616
0 0.14543269230769232 0.8269230769230769 0.06971153846153846 0.07211538461538461
0 0.22596153846153846 0.9230769230769231 0.0889423076923077 0.09615384615384616
0 0.17427884615384615 0.7319711538461539 0.06971153846153846 0.07211538461538461
0 0.5685096153846154 0.9314903846153846 0.055288461538461536 0.06009615384615385
0 0.3088942307692308 0.9747596153846154 0.06971153846153846 0.05048076923076923
0 0.6742788461538461 0.8149038461538461 0.07211538461538461 0.07451923076923077
0 0.4699519230769231 0.6009615384615384 0.07451923076923077 0.07451923076923077
0 0.31490384615384615 0.5276442307692307 0.06490384615384616 0.0625
0 0.2403846153846154 0.4963942307692308 0.0625 0.06490384615384616
0 0.23317307692307693 0.5360576923076923 0.0673076923076923 0.06971153846153846
0 0.3004807692307692 0.6478365384615384 0.0673076923076923 0.06971153846153846
0 0.35697115384615385 0.6875 0.06009615384615385 0.0625
0 0.3870192307692308 0.3329326923076923 0.0625 0.06971153846153846
0 0.4326923076923077 0.3449519230769231 0.0625 0.06490384615384616
0 0.36658653846153844 0.36177884615384615 0.07211538461538461 0.07451923076923077
0 0.2764423076923077 0.07091346153846154 0.07451923076923077 0.07451923076923077
0 0.15384615384615385 0.1502403846153846 0.04567307692307692 0.04326923076923077
0 0.8149038461538461 0.15144230769230768 0.11057692307692307 0.1201923076923077
0 0.7524038461538461 0.40865384615384615 0.08173076923076923 0.08173076923076923
0 0.9651442307692307 0.7115384615384616 0.06971153846153846 0.08173076923076923
0 0.10216346153846154 0.5961538461538461 0.0673076923076923 0.0673076923076923
0 0.5048076923076923 0.39302884615384615 0.0889423076923077 0.09375