0 0.4639423076923077 0.38822115384615385 0.04807692307692308 0.06490384615384616
0 0.37259615384615385 0.33533653846153844 0.05048076923076923 0.07692307692307693
0 0.34615384615384615 0.5096153846153846 0.04807692307692308 0.055288461538461536
0 0.2512019230769231 0.5324519230769231 0.038461538461538464 0.057692307692307696
0 0.38100961538461536 0.7307692307692307 0.05048076923076923 0.0625
0 0.5444711538461539 0.4074519230769231 0.05048076923076923 0.06009615384615385
0 0.5769230769230769 0.43990384615384615 0.05048076923076923 0.08653846153846154
0 0.6754807692307693 0.32572115384615385 0.055288461538461536 0.06971153846153846
0 0.5552884615384616 0.3233173076923077 0.04807692307692308 0.052884615384615384
0 0.17668269230769232 0.14182692307692307 0.052884615384615384 0.04326923076923077
0 0.109375 0.28125 0.04807692307692308 0.04567307692307692
0 0.12259615384615384 0.026442307692307692 0.052884615384615384 0.052884615384615384
0 0.23076923076923078 0.7463942307692307 0.05048076923076923 0.055288461538461536
0 0.38221153846153844 0.8665865384615384 0.040865384615384616 0.04567307692307692
0 0.5276442307692307 0.9519230769230769 0.05048076923076923 0.057692307692307696
0 0.5769230769230769 0.7956730769230769 0.04567307692307692 0.07692307692307693
0 0.6502403846153846 0.8028846153846154 0.040865384615384616 0.06009615384615385
0 0.5600961538461539 0.11057692307692307 0.038461538461538464 0.04567307692307692
0 0.27163461538461536 0.3317307692307692 0.055288461538461536 0.06971153846153846
0 0.3269230769230769 0.12740384615384615 0.052884615384615384 0.0889423076923077
0 0.21875 0.056490384615384616 0.04567307692307692 0.0673076923076923
0 0.18990384615384615 0.02283653846153846 0.038461538461538464 0.04567307692307692
0 0.7403846153846154 0.3389423076923077 0.06971153846153846 0.07451923076923077
0 0.9591346153846154 0.640625 0.06490384615384616 0.11538461538461539
0 0.9350961538461539 0.7644230769230769 0.04326923076923077 0.07211538461538461
0 0.49759615384615385 0.8269230769230769 0.08653846153846154 0.07692307692307693
0 0.051682692307692304 0.4014423076923077 0.038461538461538464 0.05048076923076923
0 0.020432692307692308 0.4411057692307692 0.040865384615384616 0.06009615384615385
0 0.35096153846153844 0.8449519230769231 0.0625 0.09615384615384616
0 0.36899038461538464 0.9206730769230769 0.057692307692307696 0.055288461538461536
0 0.9423076923076923 0.41466346153846156 0.04807692307692308 0.07932692307692307
0 0.9783653846153846 0.45552884615384615 0.04326923076923077 0.06971153846153846
0 0.8942307692307693 0.5673076923076923 0.04326923076923077 0.06009615384615385
0 0.8509615384615384 0.6286057692307693 0.04326923076923077 0.07692307692307693
0 0.75 0.9399038461538461 0.05048076923076923 0.06490384615384616
0 0.7331730769230769 0.9771634615384616 0.0625 0.04567307692307692