0 0.2860576923076923 0.07091346153846154 0.08653846153846154 0.08413461538461539
0 0.2091346153846154 0.11899038461538461 0.07932692307692307 0.08173076923076923
0 0.18389423076923078 0.20793269230769232 0.06490384615384616 0.0625
0 0.30528846153846156 0.20072115384615385 0.07932692307692307 0.07692307692307693
0 0.5961538461538461 0.04447115384615385 0.057692307692307696 0.057692307692307696
0 0.4831730769230769 0.3798076923076923 0.055288461538461536 0.055288461538461536
0 0.2548076923076923 0.38221153846153844 0.0625 0.0625
0 0.07692307692307693 0.27163461538461536 0.10096153846153846 0.10336538461538461
0 0.10096153846153846 0.3557692307692308 0.0889423076923077 0.0889423076923077
0 0.24519230769230768 0.4567307692307692 0.07211538461538461 0.07211538461538461
0 0.6394230769230769 0.38100961538461536 0.09615384615384616 0.0985576923076923
0 0.7992788461538461 0.27403846153846156 0.10817307692307693 0.11057692307692307
0 0.6862980769230769 0.1971153846153846 0.05048076923076923 0.052884615384615384
0 0.578125 0.18269230769230768 0.09375 0.09375
0 0.5384615384615384 0.03365384615384615 0.0673076923076923 0.0673076923076923
0 0.43509615384615385 0.15144230769230768 0.10096153846153846 0.10096153846153846
0 0.8665865384615384 0.6490384615384616 0.0673076923076923 0.06971153846153846
0 0.6490384615384616 0.5889423076923077 0.08173076923076923 0.08173076923076923
0 0.7548076923076923 0.45913461538461536 0.08173076923076923 0.08173076923076923
0 0.41466346153846156 0.5048076923076923 0.08413461538461539 0.08653846153846154
0 0.17307692307692307 0.359375 0.08413461538461539 0.08413461538461539
0 0.6538461538461539 0.47115384615384615 0.07692307692307693 0.07692307692307693
0 0.5168269230769231 0.43990384615384615 0.10096153846153846 0.10096153846153846
0 0.6021634615384616 0.65625 0.08653846153846154 0.0889423076923077
0 0.5540865384615384 0.5649038461538461 0.06009615384615385 0.057692307692307696
0 0.5625 0.5997596153846154 0.0673076923076923 0.06490384615384616
0 0.45072115384615385 0.7367788461538461 0.06009615384615385 0.0625
0 0.49399038461538464 0.7944711538461539 0.07692307692307693 0.07932692307692307
0 0.41466346153846156 0.8918269230769231 0.0625 0.0625
0 0.3088942307692308 0.9146634615384616 0.06971153846153846 0.07451923076923077
0 0.2536057692307692 0.9182692307692307 0.052884615384615384 0.055288461538461536
0 0.22115384615384615 0.8930288461538461 0.06490384615384616 0.06490384615384616
0 0.7115384615384616 0.7584134615384616 0.06490384615384616 0.06490384615384616