0 0.3245192307692308 0.24519230769230768 0.07211538461538461 0.07451923076923077
0 0.13822115384615385 0.36658653846153844 0.0673076923076923 0.07451923076923077
0 0.19110576923076922 0.47716346153846156 0.07692307692307693 0.08653846153846154
0 0.28125 0.47475961538461536 0.09134615384615384 0.0889423076923077
0 0.3112980769230769 0.33533653846153844 0.08173076923076923 0.09375
0 0.030048076923076924 0.36899038461538464 0.06009615384615385 0.07451923076923077
0 0.3076923076923077 0.6526442307692307 0.07211538461538461 0.057692307692307696
0 0.5444711538461539 0.71875 0.06490384615384616 0.07932692307692307
0 0.8533653846153846 0.7668269230769231 0.0889423076923077 0.09615384615384616
0 0.9543269230769231 0.4423076923076923 0.09134615384615384 0.08653846153846154
0 0.6682692307692307 0.5552884615384616 0.12740384615384615 0.10096153846153846
0 0.6394230769230769 0.5108173076923077 0.08173076923076923 0.07211538461538461