0 0.5072115384615384 0.5829326923076923 0.07692307692307693 0.10336538461538461
0 0.5901442307692307 0.43990384615384615 0.0673076923076923 0.09375
0 0.6995192307692307 0.8161057692307693 0.07451923076923077 0.09615384615384616
0 0.41466346153846156 0.6442307692307693 0.07932692307692307 0.07932692307692307
0 0.2824519230769231 0.7740384615384616 0.06009615384615385 0.07451923076923077
0 0.1935096153846154 0.6694711538461539 0.07692307692307693 0.10096153846153846
0 0.20072115384615385 0.3545673076923077 0.06490384615384616 0.10817307692307693
0 0.08173076923076923 0.4254807692307692 0.05048076923076923 0.09134615384615384
0 0.021634615384615384 0.5120192307692307 0.04326923076923077 0.07211538461538461
0 0.051682692307692304 0.5745192307692307 0.07932692307692307 0.07211538461538461
0 0.22596153846153846 0.9134615384615384 0.0673076923076923 0.08653846153846154
0 0.23197115384615385 0.9795673076923077 0.06490384615384616 0.040865384615384616
0 0.7391826923076923 0.5829326923076923 0.15384615384615385 0.15384615384615385
0 0.5612980769230769 0.5829326923076923 0.06009615384615385 0.07692307692307693