0 0.43990384615384615 0.6526442307692307 0.09134615384615384 0.0889423076923077
0 0.5925480769230769 0.6670673076923077 0.09134615384615384 0.0889423076923077
0 0.8149038461538461 0.47115384615384615 0.07451923076923077 0.06971153846153846
0 0.9230769230769231 0.8064903846153846 0.08653846153846154 0.08173076923076923
0 0.5216346153846154 0.078125 0.07451923076923077 0.08653846153846154
0 0.265625 0.28725961538461536 0.08413461538461539 0.08653846153846154
0 0.36778846153846156 0.44471153846153844 0.0889423076923077 0.0673076923076923
0 0.31850961538461536 0.6286057692307693 0.0889423076923077 0.09134615384615384
0 0.6526442307692307 0.828125 0.07692307692307693 0.07211538461538461
0 0.7259615384615384 0.8004807692307693 0.08173076923076923 0.08413461538461539
0 0.6286057692307693 0.01201923076923077 0.08413461538461539 0.02403846153846154
0 0.8461538461538461 0.9086538461538461 0.08653846153846154 0.06490384615384616
0 0.71875 0.2536057692307692 0.06971153846153846 0.06009615384615385
0 0.6045673076923077 0.3605769230769231 0.06009615384615385 0.08413461538461539
0 0.28365384615384615 0.7956730769230769 0.0889423076923077 0.09615384615384616
0 0.22355769230769232 0.96875 0.09615384615384616 0.0625
0 0.49158653846153844 0.7548076923076923 0.06009615384615385 0.09134615384615384
0 0.7247596153846154 0.43028846153846156 0.06490384615384616 0.10096153846153846
0 0.8028846153846154 0.21514423076923078 0.08413461538461539 0.11778846153846154
0 0.7944711538461539 0.07572115384615384 0.11538461538461539 0.11298076923076923
0 0.8665865384615384 0.015625 0.06971153846153846 0.03125
0 0.3425480769230769 0.14783653846153846 0.10817307692307693 0.11538461538461539
0 0.328125 0.38100961538461536 0.0673076923076923 0.10096153846153846
0 0.5192307692307693 0.2548076923076923 0.07692307692307693 0.0985576923076923
0 0.8858173076923077 0.4651442307692308 0.0985576923076923 0.13221153846153846
0 0.890625 0.6887019230769231 0.07692307692307693 0.10576923076923077
0 0.5096153846153846 0.6346153846153846 0.08653846153846154 0.11057692307692307
0 0.7944711538461539 0.43028846153846156 0.09134615384615384 0.07932692307692307