0 0.38221153846153844 0.3557692307692308 0.07451923076923077 0.07211538461538461
0 0.21995192307692307 0.5336538461538461 0.10096153846153846 0.15144230769230768
0 0.01201923076923077 0.4579326923076923 0.02403846153846154 0.0985576923076923
0 0.24879807692307693 0.8377403846153846 0.10576923076923077 0.08413461538461539
0 0.27524038461538464 0.7728365384615384 0.10336538461538461 0.11778846153846154
0 0.5492788461538461 0.7632211538461539 0.06490384615384616 0.10817307692307693
0 0.5564903846153846 0.8185096153846154 0.08413461538461539 0.11778846153846154
0 0.6538461538461539 0.9182692307692307 0.0625 0.0985576923076923
0 0.7211538461538461 0.7716346153846154 0.06971153846153846 0.13221153846153846
0 0.7163461538461539 0.7247596153846154 0.0625 0.08413461538461539
0 0.7151442307692307 0.41225961538461536 0.10096153846153846 0.11298076923076923
0 0.5240384615384616 0.5877403846153846 0.13221153846153846 0.16346153846153846
0 0.7103365384615384 0.26322115384615385 0.07451923076923077 0.10817307692307693
0 0.7836538461538461 0.20673076923076922 0.0889423076923077 0.12740384615384615
0 0.8617788461538461 0.1778846153846154 0.06971153846153846 0.09134615384615384
0 0.9519230769230769 0.16105769230769232 0.06490384615384616 0.06971153846153846
0 0.41466346153846156 0.47836538461538464 0.1346153846153846 0.17307692307692307
0 0.3629807692307692 0.578125 0.08173076923076923 0.11057692307692307
0 0.037259615384615384 0.5625 0.07451923076923077 0.12980769230769232