0 0.5324519230769231 0.1310096153846154 0.04567307692307692 0.040865384615384616
0 0.5132211538461539 0.16466346153846154 0.06009615384615385 0.06009615384615385
0 0.3701923076923077 0.0985576923076923 0.052884615384615384 0.06009615384615385
0 0.36778846153846156 0.1346153846153846 0.05048076923076923 0.06009615384615385
0 0.33653846153846156 0.03485576923076923 0.04567307692307692 0.05048076923076923
0 0.27283653846153844 0.10336538461538461 0.04567307692307692 0.05048076923076923
0 0.27524038461538464 0.13221153846153846 0.03365384615384615 0.03365384615384615
0 0.3473557692307692 0.23557692307692307 0.0625 0.055288461538461536
0 0.24158653846153846 0.28966346153846156 0.06009615384615385 0.0673076923076923
0 0.20552884615384615 0.3798076923076923 0.06009615384615385 0.06009615384615385
0 0.15985576923076922 0.39302884615384615 0.07211538461538461 0.07211538461538461
0 0.109375 0.40384615384615385 0.07451923076923077 0.07932692307692307
0 0.057692307692307696 0.4014423076923077 0.055288461538461536 0.0625
0 0.010817307692307692 0.5949519230769231 0.021634615384615384 0.05048076923076923
0 0.06971153846153846 0.6298076923076923 0.07451923076923077 0.08413461538461539
0 0.234375 0.5528846153846154 0.052884615384615384 0.055288461538461536
0 0.39302884615384615 0.375 0.052884615384615384 0.055288461538461536
0 0.4423076923076923 0.25841346153846156 0.04326923076923077 0.04807692307692308
0 0.5060096153846154 0.296875 0.0673076923076923 0.07211538461538461
0 0.6081730769230769 0.3076923076923077 0.0985576923076923 0.10096153846153846
0 0.671875 0.19471153846153846 0.06009615384615385 0.06009615384615385
0 0.6189903846153846 0.359375 0.055288461538461536 0.0625
0 0.6622596153846154 0.3641826923076923 0.0625 0.06971153846153846
0 0.5637019230769231 0.4387019230769231 0.06971153846153846 0.07451923076923077
0 0.5865384615384616 0.49278846153846156 0.06009615384615385 0.07211538461538461
0 0.6514423076923077 0.4495192307692308 0.0625 0.06971153846153846
0 0.71875 0.39663461538461536 0.0625 0.06971153846153846
0 0.8161057692307693 0.30288461538461536 0.05048076923076923 0.05048076923076923
0 0.6911057692307693 0.4807692307692308 0.07451923076923077 0.07451923076923077
0 0.6430288461538461 0.5360576923076923 0.052884615384615384 0.055288461538461536
0 0.49278846153846156 0.7007211538461539 0.06009615384615385 0.0625
0 0.44471153846153844 0.6346153846153846 0.07692307692307693 0.08173076923076923
0 0.34615384615384615 0.6153846153846154 0.06009615384615385 0.0673076923076923
0 0.21033653846153846 0.7608173076923077 0.05048076923076923 0.055288461538461536
0 0.31490384615384615 0.7560096153846154 0.06490384615384616 0.07211538461538461
0 0.23677884615384615 0.9038461538461539 0.05048076923076923 0.05048076923076923
0 0.37259615384615385 0.8713942307692307 0.06490384615384616 0.06971153846153846
0 0.41346153846153844 0.9194711538461539 0.05048076923076923 0.052884615384615384
0 0.6430288461538461 0.8040865384615384 0.0625 0.07211538461538461
0 0.6153846153846154 0.7235576923076923 0.08173076923076923 0.0889423076923077
0 0.7800480769230769 0.5540865384615384 0.0625 0.07211538461538461
0 0.8737980769230769 0.4891826923076923 0.052884615384615384 0.055288461538461536
0 0.8725961538461539 0.5961538461538461 0.0625 0.06971153846153846
0 0.9771634615384616 0.6237980769230769 0.04567307692307692 0.07451923076923077
0 0.9927884615384616 0.5913461538461539 0.014423076923076924 0.07211538461538461
0 0.7836538461538461 0.9627403846153846 0.04326923076923077 0.06009615384615385
0 0.6947115384615384 0.9879807692307693 0.0673076923076923 0.02403846153846154
0 0.7079326923076923 0.9182692307692307 0.07451923076923077 0.08413461538461539
0 0.6622596153846154 0.9110576923076923 0.0625 0.07211538461538461
0 0.6838942307692307 0.8353365384615384 0.07451923076923077 0.08413461538461539
0 0.5396634615384616 0.9783653846153846 0.07932692307692307 0.04326923076923077
0 0.39302884615384615 0.30528846153846156 0.08653846153846154 0.09615384615384616