0 0.4723557692307692 0.3762019230769231 0.07692307692307693 0.07451923076923077
0 0.421875 0.28725961538461536 0.05048076923076923 0.07211538461538461
0 0.4375 0.5985576923076923 0.0625 0.06971153846153846
0 0.18389423076923078 0.20793269230769232 0.052884615384615384 0.04326923076923077
0 0.09375 0.3293269230769231 0.05048076923076923 0.06971153846153846
0 0.054086538461538464 0.35096153846153844 0.055288461538461536 0.06009615384615385
0 0.8076923076923077 0.7199519230769231 0.06490384615384616 0.08173076923076923
0 0.7283653846153846 0.6658653846153846 0.07692307692307693 0.08653846153846154
0 0.6694711538461539 0.6358173076923077 0.0673076923076923 0.07211538461538461
0 0.5528846153846154 0.7091346153846154 0.09615384615384616 0.09615384615384616
0 0.28846153846153844 0.6610576923076923 0.0673076923076923 0.08173076923076923
0 0.24158653846153846 0.6430288461538461 0.055288461538461536 0.06971153846153846
0 0.25961538461538464 0.8088942307692307 0.06490384615384616 0.0625
0 0.009615384615384616 0.8569711538461539 0.019230769230769232 0.06971153846153846
0 0.47836538461538464 0.2536057692307692 0.0673076923076923 0.09375
0 0.5733173076923077 0.2764423076923077 0.0625 0.06009615384615385
0 0.3449519230769231 0.5012019230769231 0.05048076923076923 0.08413461538461539
0 0.38461538461538464 0.5192307692307693 0.07692307692307693 0.0889423076923077
0 0.06129807692307692 0.1201923076923077 0.038461538461538464 0.08413461538461539
0 0.07572115384615384 0.021634615384615384 0.036057692307692304 0.04326923076923077
0 0.17548076923076922 0.7824519230769231 0.057692307692307696 0.08173076923076923
0 0.3449519230769231 0.7199519230769231 0.07692307692307693 0.10336538461538461
0 0.4795673076923077 0.8677884615384616 0.0673076923076923 0.09134615384615384
0 0.6129807692307693 0.8088942307692307 0.055288461538461536 0.09134615384615384
0 0.8737980769230769 0.6225961538461539 0.06009615384615385 0.07932692307692307
0 0.6706730769230769 0.43028846153846156 0.07451923076923077 0.10817307692307693
0 0.5444711538461539 0.4362980769230769 0.057692307692307696 0.07451923076923077
0 0.5012019230769231 0.5132211538461539 0.036057692307692304 0.0673076923076923
0 0.30649038461538464 0.3485576923076923 0.038461538461538464 0.06490384615384616
0 0.2668269230769231 0.2548076923076923 0.04567307692307692 0.07451923076923077
0 0.10817307692307693 0.4230769230769231 0.04326923076923077 0.07451923076923077
0 0.07692307692307693 0.23798076923076922 0.052884615384615384 0.055288461538461536
0 0.8353365384615384 0.11658653846153846 0.0673076923076923 0.10336538461538461