0 0.31490384615384615 0.3389423076923077 0.0625 0.07932692307692307
0 0.41225961538461536 0.4483173076923077 0.07211538461538461 0.06971153846153846
0 0.3762019230769231 0.47115384615384615 0.028846153846153848 0.057692307692307696
0 0.3389423076923077 0.546875 0.06971153846153846 0.04807692307692308
0 0.2548076923076923 0.6538461538461539 0.040865384615384616 0.07211538461538461
0 0.23076923076923078 0.7475961538461539 0.019230769230769232 0.04326923076923077
0 0.12860576923076922 0.9122596153846154 0.04326923076923077 0.0625
0 0.2403846153846154 0.9579326923076923 0.036057692307692304 0.04326923076923077
0 0.28125 0.9747596153846154 0.04807692307692308 0.03365384615384615
0 0.36778846153846156 0.9615384615384616 0.03365384615384615 0.057692307692307696
0 0.42427884615384615 0.7620192307692307 0.038461538461538464 0.0889423076923077
0 0.42908653846153844 0.6622596153846154 0.02403846153846154 0.0673076923076923
0 0.6442307692307693 0.6237980769230769 0.04326923076923077 0.06971153846153846
0 0.6274038461538461 0.7596153846153846 0.026442307692307692 0.07451923076923077
0 0.6526442307692307 0.71875 0.026442307692307692 0.052884615384615384
0 0.6622596153846154 0.8028846153846154 0.04326923076923077 0.04807692307692308
0 0.7728365384615384 0.625 0.02403846153846154 0.0673076923076923
0 0.7620192307692307 0.5228365384615384 0.021634615384615384 0.08173076923076923
0 0.7512019230769231 0.44350961538461536 0.040865384615384616 0.07211538461538461
0 0.7764423076923077 0.38822115384615385 0.026442307692307692 0.057692307692307696
0 0.9411057692307693 0.4362980769230769 0.038461538461538464 0.06490384615384616
0 0.9831730769230769 0.4362980769230769 0.03125 0.057692307692307696
0 0.8605769230769231 0.4963942307692308 0.03125 0.0673076923076923
0 0.9711538461538461 0.6754807692307693 0.04326923076923077 0.0625
0 0.9459134615384616 0.7944711538461539 0.03365384615384615 0.057692307692307696
0 0.8161057692307693 0.7680288461538461 0.03125 0.04807692307692308
0 0.9423076923076923 0.31490384615384615 0.026442307692307692 0.0625
0 0.8930288461538461 0.29447115384615385 0.038461538461538464 0.052884615384615384
0 0.8161057692307693 0.12620192307692307 0.055288461538461536 0.07211538461538461
0 0.6899038461538461 0.08533653846153846 0.038461538461538464 0.0625
0 0.6706730769230769 0.18269230769230768 0.036057692307692304 0.040865384615384616
0 0.5228365384615384 0.16466346153846154 0.038461538461538464 0.028846153846153848
0 0.4879807692307692 0.07692307692307693 0.040865384615384616 0.040865384615384616
0 0.5336538461538461 0.037259615384615384 0.03125 0.04567307692307692
0 0.01201923076923077 0.6802884615384616 0.02403846153846154 0.07692307692307693