0 0.5384615384615384 0.21394230769230768 0.026442307692307692 0.04447115384615385
0 0.5889423076923077 0.3329326923076923 0.03125 0.0673076923076923
0 0.5060096153846154 0.36658653846153844 0.036057692307692304 0.055288461538461536
0 0.4375 0.3401442307692308 0.036057692307692304 0.06009615384615385
0 0.43509615384615385 0.15745192307692307 0.037259615384615384 0.05048076923076923
0 0.3762019230769231 0.13942307692307693 0.04326923076923077 0.046875
0 0.5252403846153846 0.056490384615384616 0.038461538461538464 0.05889423076923077
0 0.6177884615384616 0.16105769230769232 0.038461538461538464 0.056490384615384616
0 0.7139423076923077 0.31850961538461536 0.025240384615384616 0.051682692307692304
0 0.7836538461538461 0.17668269230769232 0.04326923076923077 0.06009615384615385
0 0.859375 0.16466346153846154 0.027644230769230768 0.052884615384615384
0 0.8882211538461539 0.18028846153846154 0.027644230769230768 0.04326923076923077
0 0.9026442307692307 0.20072115384615385 0.027644230769230768 0.036057692307692304
0 0.9194711538461539 0.33533653846153844 0.010817307692307692 0.042067307692307696
0 0.8858173076923077 0.3581730769230769 0.036057692307692304 0.04447115384615385
0 0.8497596153846154 0.39783653846153844 0.027644230769230768 0.036057692307692304
0 0.8209134615384616 0.42908653846153844 0.05048076923076923 0.03125
0 0.8509615384615384 0.5132211538461539 0.03485576923076923 0.04326923076923077
0 0.8004807692307693 0.6177884615384616 0.040865384615384616 0.06009615384615385
0 0.8353365384615384 0.7163461538461539 0.028846153846153848 0.06610576923076923
0 0.8521634615384616 0.7415865384615384 0.02283653846153846 0.05889423076923077
0 0.9206730769230769 0.6838942307692307 0.03245192307692308 0.038461538461538464
0 0.9134615384615384 0.7704326923076923 0.030048076923076924 0.06971153846153846
0 0.9026442307692307 0.65625 0.025240384615384616 0.039663461538461536
0 0.8521634615384616 0.06129807692307692 0.036057692307692304 0.039663461538461536
0 0.828125 0.037259615384615384 0.028846153846153848 0.03245192307692308
0 0.6430288461538461 0.6646634615384616 0.03125 0.040865384615384616
0 0.7139423076923077 0.6490384615384616 0.03245192307692308 0.052884615384615384
0 0.7211538461538461 0.5889423076923077 0.04567307692307692 0.06850961538461539
0 0.6814903846153846 0.5408653846153846 0.03365384615384615 0.06610576923076923
0 0.7067307692307693 0.7620192307692307 0.039663461538461536 0.06009615384615385
0 0.7127403846153846 0.8028846153846154 0.038461538461538464 0.039663461538461536
0 0.5697115384615384 0.8269230769230769 0.042067307692307696 0.05048076923076923
0 0.5576923076923077 0.7007211538461539 0.04567307692307692 0.04447115384615385
0 0.5228365384615384 0.6682692307692307 0.027644230769230768 0.05048076923076923
0 0.5204326923076923 0.5697115384615384 0.03485576923076923 0.0625
0 0.47596153846153844 0.5492788461538461 0.026442307692307692 0.07572115384615384
0 0.44471153846153844 0.6165865384615384 0.03485576923076923 0.028846153846153848
0 0.47716346153846156 0.6923076923076923 0.040865384615384616 0.06129807692307692
0 0.421875 0.6923076923076923 0.02283653846153846 0.055288461538461536
0 0.3942307692307692 0.6057692307692307 0.051682692307692304 0.039663461538461536
0 0.4098557692307692 0.5384615384615384 0.02283653846153846 0.055288461538461536
0 0.39783653846153844 0.8269230769230769 0.030048076923076924 0.07572115384615384
0 0.2860576923076923 0.6081730769230769 0.028846153846153848 0.07692307692307693
0 0.2512019230769231 0.7115384615384616 0.042067307692307696 0.04567307692307692
0 0.19951923076923078 0.6153846153846154 0.038461538461538464 0.07211538461538461
0 0.22115384615384615 0.3389423076923077 0.039663461538461536 0.04447115384615385
0 0.27524038461538464 0.34134615384615385 0.030048076923076924 0.06370192307692307
0 0.33052884615384615 0.4014423076923077 0.03125 0.06971153846153846
0 0.3076923076923077 0.056490384615384616 0.040865384615384616 0.07211538461538461
0 0.2548076923076923 0.125 0.037259615384615384 0.0829326923076923
0 0.1935096153846154 0.27283653846153844 0.018028846153846152 0.0625
0 0.16105769230769232 0.28846153846153844 0.036057692307692304 0.04326923076923077
0 0.1141826923076923 0.2247596153846154 0.038461538461538464 0.055288461538461536
0 0.08173076923076923 0.0829326923076923 0.03365384615384615 0.0625
0 0.09615384615384616 0.6706730769230769 0.039663461538461536 0.06370192307692307
0 0.08533653846153846 0.6995192307692307 0.04326923076923077 0.054086538461538464
0 0.10096153846153846 0.8605769230769231 0.040865384615384616 0.078125
0 0.056490384615384616 0.8605769230769231 0.021634615384615384 0.07211538461538461
0 0.06610576923076923 0.3088942307692308 0.03485576923076923 0.08052884615384616