0 0.40625 0.6153846153846154 0.07451923076923077 0.09134615384615384
0 0.5396634615384616 0.578125 0.055288461538461536 0.07932692307692307
0 0.6117788461538461 0.4891826923076923 0.052884615384615384 0.07932692307692307
0 0.39903846153846156 0.16466346153846154 0.07692307692307693 0.08173076923076923
0 0.5 0.1935096153846154 0.055288461538461536 0.09615384615384616
0 0.6310096153846154 0.04807692307692308 0.06009615384615385 0.09375
0 0.6838942307692307 0.17307692307692307 0.06490384615384616 0.09615384615384616
0 0.6838942307692307 0.34134615384615385 0.0625 0.12980769230769232
0 0.8209134615384616 0.8293269230769231 0.0889423076923077 0.08173076923076923
0 0.8605769230769231 0.9002403846153846 0.07211538461538461 0.0625
0 0.5877403846153846 0.9507211538461539 0.055288461538461536 0.0889423076923077
0 0.27163461538461536 0.6598557692307693 0.0673076923076923 0.12259615384615384
0 0.21153846153846154 0.32572115384615385 0.08173076923076923 0.08173076923076923
0 0.9507211538461539 0.49399038461538464 0.07692307692307693 0.08653846153846154
0 0.8521634615384616 0.4098557692307692 0.0625 0.08653846153846154
0 0.8149038461538461 0.15985576923076922 0.0673076923076923 0.07692307692307693
0 0.2860576923076923 0.41586538461538464 0.0625 0.0673076923076923
0 0.22716346153846154 0.7259615384615384 0.06009615384615385 0.08173076923076923
0 0.29086538461538464 0.5084134615384616 0.0625 0.07451923076923077
0 0.37740384615384615 0.8545673076923077 0.08173076923076923 0.11778846153846154
0 0.140625 0.4326923076923077 0.0673076923076923 0.08653846153846154
0 0.11177884615384616 0.4579326923076923 0.06490384615384616 0.10336538461538461
0 0.0733173076923077 0.5480769230769231 0.07692307692307693 0.0889423076923077
0 0.13581730769230768 0.27163461538461536 0.07932692307692307 0.09134615384615384
0 0.609375 0.7487980769230769 0.07692307692307693 0.09615384615384616
0 0.6033653846153846 0.6213942307692307 0.0673076923076923 0.0889423076923077
0 0.9026442307692307 0.6826923076923077 0.09134615384615384 0.1201923076923077
0 0.7848557692307693 0.9038461538461539 0.0625 0.0889423076923077
0 0.7367788461538461 0.90625 0.06490384615384616 0.10336538461538461
0 0.9134615384615384 0.18389423076923078 0.07211538461538461 0.12740384615384615
0 0.4699519230769231 0.09615384615384616 0.05048076923076923 0.09375
0 0.35336538461538464 0.046875 0.06490384615384616 0.0625
0 0.24759615384615385 0.06610576923076923 0.04326923076923077 0.04326923076923077
0 0.15384615384615385 0.10817307692307693 0.07692307692307693 0.08413461538461539