0 0.28725961538461536 0.2439903846153846 0.10336538461538461 0.10096153846153846
0 0.2668269230769231 0.07572115384615384 0.10096153846153846 0.11298076923076923
0 0.17548076923076922 0.051682692307692304 0.07451923076923077 0.09615384615384616
0 0.5913461538461539 0.054086538461538464 0.08413461538461539 0.08653846153846154
0 0.6598557692307693 0.11057692307692307 0.08413461538461539 0.07932692307692307
0 0.59375 0.32211538461538464 0.07451923076923077 0.07932692307692307
0 0.5 0.3942307692307692 0.07692307692307693 0.0985576923076923
0 0.5276442307692307 0.515625 0.0985576923076923 0.10096153846153846
0 0.5925480769230769 0.6682692307692307 0.0889423076923077 0.09375
0 0.6322115384615384 0.49759615384615385 0.09615384615384616 0.07211538461538461
0 0.6899038461538461 0.4567307692307692 0.0673076923076923 0.08413461538461539
0 0.703125 0.6454326923076923 0.0985576923076923 0.11298076923076923
0 0.6586538461538461 0.8401442307692307 0.09134615384615384 0.0985576923076923
0 0.5733173076923077 0.9459134615384616 0.08413461538461539 0.08173076923076923
0 0.38461538461538464 0.8449519230769231 0.08413461538461539 0.0673076923076923
0 0.39783653846153844 0.6875 0.10336538461538461 0.11298076923076923
0 0.27403846153846156 0.5516826923076923 0.0889423076923077 0.10096153846153846
0 0.12259615384615384 0.3485576923076923 0.12740384615384615 0.125
0 0.24519230769230768 0.7079326923076923 0.09134615384615384 0.11298076923076923
0 0.19471153846153846 0.8978365384615384 0.09375 0.057692307692307696
0 0.9483173076923077 0.49399038461538464 0.10336538461538461 0.13701923076923078
0 0.890625 0.6935096153846154 0.09615384615384616 0.0985576923076923
0 0.8713942307692307 0.8125 0.0889423076923077 0.0889423076923077
0 0.7596153846153846 0.8004807692307693 0.11057692307692307 0.10336538461538461
0 0.8485576923076923 0.8858173076923077 0.06971153846153846 0.07211538461538461
0 0.39783653846153844 0.12740384615384615 0.09134615384615384 0.09615384615384616
0 0.39663461538461536 0.23076923076923078 0.08413461538461539 0.08173076923076923
0 0.6478365384615384 0.20673076923076922 0.09134615384615384 0.08653846153846154
0 0.31009615384615385 0.8930288461538461 0.08653846153846154 0.07692307692307693
0 0.609375 0.7764423076923077 0.0889423076923077 0.10576923076923077
0 0.4543269230769231 0.7307692307692307 0.09615384615384616 0.10817307692307693
0 0.34615384615384615 0.2247596153846154 0.0673076923076923 0.06490384615384616