0 0.21153846153846154 0.0889423076923077 0.0625 0.07692307692307693
0 0.21514423076923078 0.18509615384615385 0.04326923076923077 0.06971153846153846
0 0.16105769230769232 0.28125 0.036057692307692304 0.057692307692307696
0 0.10817307692307693 0.28365384615384615 0.05048076923076923 0.04807692307692308
0 0.04326923076923077 0.39903846153846156 0.038461538461538464 0.040865384615384616
0 0.07091346153846154 0.46033653846153844 0.0673076923076923 0.038461538461538464
0 0.14182692307692307 0.515625 0.05048076923076923 0.06009615384615385
0 0.11177884615384616 0.6418269230769231 0.05048076923076923 0.04326923076923077
0 0.18269230769230768 0.5913461538461539 0.040865384615384616 0.04326923076923077
0 0.23197115384615385 0.5925480769230769 0.038461538461538464 0.052884615384615384
0 0.27163461538461536 0.5841346153846154 0.040865384615384616 0.04326923076923077
0 0.21514423076923078 0.6310096153846154 0.04326923076923077 0.04567307692307692
0 0.20432692307692307 0.7824519230769231 0.040865384615384616 0.06009615384615385
0 0.2620192307692308 0.8040865384615384 0.040865384615384616 0.05048076923076923
0 0.3713942307692308 0.6971153846153846 0.03365384615384615 0.04326923076923077
0 0.4362980769230769 0.5612980769230769 0.055288461538461536 0.05048076923076923
0 0.4110576923076923 0.41947115384615385 0.04326923076923077 0.05048076923076923
0 0.4074519230769231 0.3858173076923077 0.04326923076923077 0.03365384615384615
0 0.35096153846153844 0.28966346153846156 0.05048076923076923 0.06971153846153846
0 0.2824519230769231 0.24639423076923078 0.04807692307692308 0.04567307692307692
0 0.2932692307692308 0.3641826923076923 0.04807692307692308 0.05048076923076923
0 0.24639423076923078 0.3762019230769231 0.038461538461538464 0.0625
0 0.22235576923076922 0.46033653846153844 0.040865384615384616 0.057692307692307696
0 0.3737980769230769 0.14302884615384615 0.057692307692307696 0.055288461538461536
0 0.4375 0.20793269230769232 0.05048076923076923 0.040865384615384616
0 0.4855769230769231 0.34975961538461536 0.036057692307692304 0.06490384615384616
0 0.5745192307692307 0.23557692307692307 0.04567307692307692 0.057692307692307696
0 0.6165865384615384 0.29086538461538464 0.04807692307692308 0.03365384615384615
0 0.6262019230769231 0.3161057692307692 0.04807692307692308 0.028846153846153848
0 0.5853365384615384 0.4026442307692308 0.04567307692307692 0.04567307692307692
0 0.5456730769230769 0.44711538461538464 0.038461538461538464 0.057692307692307696
0 0.4987980769230769 0.6754807692307693 0.04807692307692308 0.04567307692307692
0 0.6766826923076923 0.5396634615384616 0.04567307692307692 0.055288461538461536
0 0.7235576923076923 0.5360576923076923 0.04567307692307692 0.055288461538461536
0 0.7512019230769231 0.515625 0.03125 0.052884615384615384
0 0.7956730769230769 0.4543269230769231 0.04326923076923077 0.06009615384615385
0 0.8509615384615384 0.5492788461538461 0.038461538461538464 0.04567307692307692
0 0.7980769230769231 0.6045673076923077 0.026442307692307692 0.040865384615384616
0 0.7223557692307693 0.29447115384615385 0.05048076923076923 0.055288461538461536
0 0.8641826923076923 0.9483173076923077 0.057692307692307696 0.036057692307692304
0 0.9038461538461539 0.6490384615384616 0.03125 0.04326923076923077