0 0.2920673076923077 0.5528846153846154 0.07932692307692307 0.08653846153846154
0 0.39903846153846156 0.7307692307692307 0.07451923076923077 0.0889423076923077
0 0.21634615384615385 0.25721153846153844 0.08173076923076923 0.08413461538461539
0 0.328125 0.6358173076923077 0.0889423076923077 0.09615384615384616
0 0.12860576923076922 0.33413461538461536 0.07451923076923077 0.07211538461538461
0 0.8605769230769231 0.6682692307692307 0.07211538461538461 0.08653846153846154
0 0.45552884615384615 0.46153846153846156 0.09134615384615384 0.09615384615384616
0 0.12860576923076922 0.640625 0.12740384615384615 0.15144230769230768
0 0.125 0.5973557692307693 0.08413461538461539 0.0985576923076923
0 0.03125 0.4579326923076923 0.0625 0.07932692307692307
0 0.03245192307692308 0.41947115384615385 0.06490384615384616 0.08413461538461539
0 0.019230769230769232 0.3629807692307692 0.038461538461538464 0.11057692307692307
0 0.019230769230769232 0.2956730769230769 0.038461538461538464 0.09615384615384616
0 0.05048076923076923 0.296875 0.08413461538461539 0.09615384615384616
0 0.35216346153846156 0.31850961538461536 0.08413461538461539 0.09375
0 0.4495192307692308 0.3233173076923077 0.07932692307692307 0.09134615384615384
0 0.5516826923076923 0.014423076923076924 0.07932692307692307 0.028846153846153848
0 0.9290865384615384 0.44711538461538464 0.08413461538461539 0.09375
0 0.9435096153846154 0.6646634615384616 0.08413461538461539 0.09615384615384616
0 0.8509615384615384 0.7439903846153846 0.11298076923076923 0.12259615384615384
0 0.5612980769230769 0.8257211538461539 0.11538461538461539 0.11778846153846154
0 0.6466346153846154 0.9038461538461539 0.09375 0.11057692307692307
0 0.49158653846153844 0.9086538461538461 0.11298076923076923 0.12740384615384615
0 0.2668269230769231 0.6826923076923077 0.11057692307692307 0.1201923076923077
0 0.3954326923076923 0.4579326923076923 0.07932692307692307 0.0889423076923077
0 0.6322115384615384 0.1201923076923077 0.09615384615384616 0.10817307692307693
0 0.984375 0.390625 0.03125 0.0889423076923077
0 0.9855769230769231 0.6129807692307693 0.028846153846153848 0.0673076923076923