0 0.3557692307692308 0.25841346153846156 0.07692307692307693 0.055288461538461536
0 0.35336538461538464 0.3112980769230769 0.055288461538461536 0.07451923076923077
0 0.3605769230769231 0.38461538461538464 0.0673076923076923 0.06490384615384616
0 0.20432692307692307 0.21634615384615385 0.057692307692307696 0.0625
0 0.18509615384615385 0.1502403846153846 0.057692307692307696 0.07451923076923077
0 0.04447115384615385 0.4182692307692308 0.04807692307692308 0.07451923076923077
0 0.35697115384615385 0.5216346153846154 0.07211538461538461 0.08413461538461539
0 0.41346153846153844 0.6262019230769231 0.0673076923076923 0.09134615384615384
0 0.5384615384615384 0.4543269230769231 0.055288461538461536 0.06971153846153846
0 0.6322115384615384 0.5625 0.07932692307692307 0.10817307692307693
0 0.7536057692307693 0.18028846153846154 0.0625 0.09615384615384616
0 0.6826923076923077 0.12139423076923077 0.06009615384615385 0.038461538461538464
0 0.6502403846153846 0.05889423076923077 0.04326923076923077 0.06971153846153846
0 0.8533653846153846 0.03365384615384615 0.04567307692307692 0.0625
0 0.8954326923076923 0.021634615384615384 0.04567307692307692 0.04326923076923077
0 0.7295673076923077 0.3317307692307692 0.07692307692307693 0.11057692307692307
0 0.8569711538461539 0.2608173076923077 0.04567307692307692 0.06490384615384616
0 0.9014423076923077 0.2536057692307692 0.04807692307692308 0.057692307692307696
0 0.8449519230769231 0.3016826923076923 0.04567307692307692 0.055288461538461536
0 0.8834134615384616 0.3016826923076923 0.04807692307692308 0.028846153846153848
0 0.8461538461538461 0.4807692307692308 0.052884615384615384 0.07932692307692307
0 0.9074519230769231 0.49399038461538464 0.0625 0.0625
0 0.8677884615384616 0.8713942307692307 0.07211538461538461 0.07932692307692307
0 0.7560096153846154 0.8245192307692307 0.055288461538461536 0.10096153846153846
0 0.6838942307692307 0.8846153846153846 0.0673076923076923 0.06971153846153846
0 0.6081730769230769 0.8677884615384616 0.0673076923076923 0.07932692307692307
0 0.44591346153846156 0.8701923076923077 0.04807692307692308 0.10817307692307693
0 0.2692307692307692 0.8473557692307693 0.06971153846153846 0.09134615384615384
0 0.14182692307692307 0.8377403846153846 0.08413461538461539 0.08413461538461539
0 0.1466346153846154 0.6646634615384616 0.057692307692307696 0.06009615384615385
0 0.09975961538461539 0.9086538461538461 0.06490384615384616 0.055288461538461536
0 0.13701923076923078 0.9819711538461539 0.08653846153846154 0.036057692307692304