0 0.36778846153846156 0.15264423076923078 0.06610576923076923 0.07211538461538461
0 0.24639423076923078 0.33653846153846156 0.037259615384615384 0.0625
0 0.11658653846153846 0.4110576923076923 0.06850961538461539 0.06490384615384616
0 0.24158653846153846 0.5108173076923077 0.06370192307692307 0.07572115384615384
0 0.21634615384615385 0.41586538461538464 0.039663461538461536 0.08052884615384616
0 0.32572115384615385 0.34134615384615385 0.06009615384615385 0.07692307692307693
0 0.36177884615384615 0.5180288461538461 0.051682692307692304 0.06971153846153846
0 0.1778846153846154 0.7620192307692307 0.06610576923076923 0.05889423076923077
0 0.14543269230769232 0.8413461538461539 0.04326923076923077 0.07091346153846154
0 0.1310096153846154 0.9567307692307693 0.06009615384615385 0.07692307692307693
0 0.042067307692307696 0.6610576923076923 0.056490384615384616 0.06971153846153846
0 0.07692307692307693 0.828125 0.0625 0.07211538461538461
0 0.375 0.8425480769230769 0.056490384615384616 0.0673076923076923
0 0.4050480769230769 0.6778846153846154 0.051682692307692304 0.0829326923076923
0 0.10096153846153846 0.484375 0.04927884615384615 0.07451923076923077
0 0.42427884615384615 0.1971153846153846 0.039663461538461536 0.05048076923076923
0 0.5348557692307693 0.09735576923076923 0.057692307692307696 0.0733173076923077
0 0.7319711538461539 0.5685096153846154 0.039663461538461536 0.09254807692307693
0 0.8269230769230769 0.3713942307692308 0.042067307692307696 0.09254807692307693
0 0.8569711538461539 0.15144230769230768 0.06971153846153846 0.09254807692307693
0 0.9435096153846154 0.6358173076923077 0.055288461538461536 0.07932692307692307
0 0.9663461538461539 0.8689903846153846 0.04807692307692308 0.0673076923076923
0 0.5829326923076923 0.16466346153846154 0.038461538461538464 0.07932692307692307
0 0.17548076923076922 0.3629807692307692 0.04567307692307692 0.0733173076923077
0 0.2512019230769231 0.15745192307692307 0.052884615384615384 0.052884615384615384
0 0.6394230769230769 0.39302884615384615 0.046875 0.06850961538461539
0 0.4735576923076923 0.7692307692307693 0.046875 0.037259615384615384
0 0.0829326923076923 0.7475961538461539 0.04447115384615385 0.027644230769230768
0 0.33052884615384615 0.8088942307692307 0.057692307692307696 0.1045673076923077
0 0.796875 0.30528846153846156 0.038461538461538464 0.08173076923076923
0 0.9711538461538461 0.4387019230769231 0.056490384615384616 0.10817307692307693
0 0.9314903846153846 0.036057692307692304 0.04927884615384615 0.06850961538461539
0 0.59375 0.09495192307692307 0.04326923076923077 0.08413461538461539
0 0.6646634615384616 0.1778846153846154 0.039663461538461536 0.10576923076923077
0 0.48197115384615385 0.04326923076923077 0.039663461538461536 0.06850961538461539
0 0.4387019230769231 0.4074519230769231 0.06009615384615385 0.08533653846153846
0 0.765625 0.7644230769230769 0.04447115384615385 0.10096153846153846
0 0.8221153846153846 0.65625 0.04807692307692308 0.125