0 0.25961538461538464 0.25 0.0889423076923077 0.08653846153846154
0 0.24278846153846154 0.34375 0.08413461538461539 0.08173076923076923
0 0.14182692307692307 0.3425480769230769 0.10576923076923077 0.10817307692307693
0 0.030048076923076924 0.3245192307692308 0.06009615384615385 0.07692307692307693
0 0.28125 0.01201923076923077 0.07211538461538461 0.02403846153846154
0 0.5817307692307693 0.171875 0.0673076923076923 0.07451923076923077
0 0.7019230769230769 0.18629807692307693 0.11298076923076923 0.11057692307692307
0 0.6814903846153846 0.08413461538461539 0.09615384615384616 0.09375
0 0.3389423076923077 0.3425480769230769 0.09134615384615384 0.09615384615384616
0 0.23197115384615385 0.5685096153846154 0.10576923076923077 0.10817307692307693
0 0.6850961538461539 0.47836538461538464 0.08173076923076923 0.0889423076923077