0 0.65625 0.390625 0.10336538461538461 0.10576923076923077
0 0.7548076923076923 0.28966346153846156 0.0889423076923077 0.09134615384615384
0 0.7848557692307693 0.21033653846153846 0.08413461538461539 0.07451923076923077
0 0.296875 0.1875 0.08653846153846154 0.08653846153846154
0 0.16346153846153846 0.39302884615384615 0.06971153846153846 0.0673076923076923
0 0.5036057692307693 0.5853365384615384 0.07692307692307693 0.07692307692307693
0 0.5288461538461539 0.49038461538461536 0.07692307692307693 0.07451923076923077
0 0.7872596153846154 0.8173076923076923 0.09375 0.09134615384615384
0 0.7151442307692307 0.9639423076923077 0.12259615384615384 0.07211538461538461
0 0.5180288461538461 0.7548076923076923 0.0985576923076923 0.10336538461538461
0 0.6033653846153846 0.8990384615384616 0.0889423076923077 0.09615384615384616
0 0.5552884615384616 0.17548076923076922 0.0889423076923077 0.08413461538461539
0 0.9903846153846154 0.5612980769230769 0.019230769230769232 0.08413461538461539
0 0.8461538461538461 0.8701923076923077 0.055288461538461536 0.07451923076923077
0 0.08774038461538461 0.7439903846153846 0.0985576923076923 0.09615384615384616
0 0.1814903846153846 0.546875 0.11057692307692307 0.10096153846153846
0 0.09735576923076923 0.3485576923076923 0.09134615384615384 0.08413461538461539
0 0.44711538461538464 0.46875 0.07451923076923077 0.06971153846153846
0 0.36658653846153844 0.9807692307692307 0.08413461538461539 0.038461538461538464
0 0.18509615384615385 0.7307692307692307 0.125 0.13221153846153846
0 0.3173076923076923 0.7463942307692307 0.1346153846153846 0.125
0 0.4831730769230769 0.9399038461538461 0.14423076923076922 0.1201923076923077
0 0.8918269230769231 0.7836538461538461 0.09134615384615384 0.11298076923076923
0 0.9254807692307693 0.6959134615384616 0.11057692307692307 0.11538461538461539
0 0.8870192307692307 0.5132211538461539 0.08653846153846154 0.09134615384615384
0 0.8125 0.42427884615384615 0.11538461538461539 0.11298076923076923
0 0.19951923076923078 0.2932692307692308 0.12740384615384615 0.125
0 0.16466346153846154 0.3245192307692308 0.07692307692307693 0.07932692307692307
0 0.12139423076923077 0.19110576923076922 0.09134615384615384 0.11778846153846154
0 0.25240384615384615 0.02283653846153846 0.08173076923076923 0.04567307692307692
0 0.390625 0.3701923076923077 0.08173076923076923 0.09134615384615384