0 0.4639423076923077 0.15264423076923078 0.04807692307692308 0.04326923076923077
0 0.36538461538461536 0.22716346153846154 0.06009615384615385 0.057692307692307696
0 0.2920673076923077 0.21033653846153846 0.05048076923076923 0.052884615384615384
0 0.3004807692307692 0.12379807692307693 0.06009615384615385 0.06490384615384616
0 0.359375 0.039663461538461536 0.04807692307692308 0.052884615384615384
0 0.4254807692307692 0.030048076923076924 0.055288461538461536 0.052884615384615384
0 0.6887019230769231 0.04567307692307692 0.052884615384615384 0.036057692307692304
0 0.5805288461538461 0.09375 0.07692307692307693 0.057692307692307696
0 0.7584134615384616 0.21995192307692307 0.055288461538461536 0.036057692307692304
0 0.8377403846153846 0.30288461538461536 0.08653846153846154 0.08173076923076923
0 0.7692307692307693 0.3125 0.04567307692307692 0.04567307692307692
0 0.7644230769230769 0.4495192307692308 0.04326923076923077 0.03365384615384615
0 0.6009615384615384 0.36658653846153844 0.038461538461538464 0.028846153846153848
0 0.5733173076923077 0.4050480769230769 0.04807692307692308 0.052884615384615384
0 0.484375 0.3449519230769231 0.038461538461538464 0.040865384615384616
0 0.5168269230769231 0.421875 0.052884615384615384 0.0673076923076923
0 0.5240384615384616 0.2956730769230769 0.06490384615384616 0.0625
0 0.5060096153846154 0.2283653846153846 0.04807692307692308 0.06009615384615385
0 0.3918269230769231 0.2800480769230769 0.040865384615384616 0.04326923076923077
0 0.3641826923076923 0.2848557692307692 0.05048076923076923 0.038461538461538464
0 0.33653846153846156 0.30528846153846156 0.055288461538461536 0.04567307692307692
0 0.27163461538461536 0.3798076923076923 0.052884615384615384 0.03125
0 0.18870192307692307 0.31971153846153844 0.052884615384615384 0.04567307692307692
0 0.16947115384615385 0.3798076923076923 0.06490384615384616 0.052884615384615384
0 0.15504807692307693 0.4831730769230769 0.06009615384615385 0.05048076923076923
0 0.4026442307692308 0.5709134615384616 0.055288461538461536 0.057692307692307696
0 0.41586538461538464 0.7043269230769231 0.057692307692307696 0.06009615384615385
0 0.4831730769230769 0.6862980769230769 0.06490384615384616 0.07451923076923077
0 0.5192307692307693 0.6454326923076923 0.06009615384615385 0.057692307692307696
0 0.5204326923076923 0.5697115384615384 0.055288461538461536 0.03125
0 0.4735576923076923 0.5480769230769231 0.07211538461538461 0.09375
0 0.5841346153846154 0.4987980769230769 0.04807692307692308 0.057692307692307696
0 0.6189903846153846 0.5685096153846154 0.04326923076923077 0.052884615384615384
0 0.7175480769230769 0.5612980769230769 0.04567307692307692 0.055288461538461536
0 0.8461538461538461 0.4519230769230769 0.04807692307692308 0.057692307692307696
0 0.8185096153846154 0.8473557692307693 0.08173076923076923 0.052884615384615384
0 0.4651442307692308 0.7752403846153846 0.05048076923076923 0.04567307692307692
0 0.0733173076923077 0.6262019230769231 0.10576923076923077 0.09134615384615384
0 0.04326923076923077 0.5588942307692307 0.0625 0.04807692307692308
0 0.0829326923076923 0.32211538461538464 0.04807692307692308 0.06009615384615385
0 0.22716346153846154 0.21875 0.08173076923076923 0.0673076923076923
0 0.026442307692307692 0.6971153846153846 0.052884615384615384 0.057692307692307696
0 0.3161057692307692 0.8882211538461539 0.07211538461538461 0.06971153846153846
0 0.6442307692307693 0.6706730769230769 0.06490384615384616 0.06009615384615385
0 0.8173076923076923 0.5961538461538461 0.05048076923076923 0.040865384615384616
0 0.7980769230769231 0.5384615384615384 0.0625 0.036057692307692304
0 0.13221153846153846 0.15625 0.05048076923076923 0.036057692307692304
0 0.1875 0.18870192307692307 0.055288461538461536 0.07211538461538461
0 0.390625 0.4855769230769231 0.06490384615384616 0.052884615384615384
0 0.9867788461538461 0.3233173076923077 0.026442307692307692 0.055288461538461536
0 0.35216346153846156 0.9663461538461539 0.052884615384615384 0.036057692307692304
0 0.27163461538461536 0.9350961538461539 0.04326923076923077 0.052884615384615384
0 0.7608173076923077 0.6478365384615384 0.040865384615384616 0.05048076923076923
0 0.6658653846153846 0.5853365384615384 0.052884615384615384 0.06971153846153846
0 0.6658653846153846 0.45072115384615385 0.04326923076923077 0.040865384615384616
0 0.6442307692307693 0.4675480769230769 0.03365384615384615 0.04326923076923077
0 0.01201923076923077 0.7524038461538461 0.02403846153846154 0.052884615384615384