0 0.018028846153846152 0.2860576923076923 0.03125 0.051682692307692304
0 0.013221153846153846 0.38221153846153844 0.026442307692307692 0.09615384615384616
0 0.14182692307692307 0.6454326923076923 0.027644230769230768 0.08774038461538461
0 0.23798076923076922 0.5480769230769231 0.05889423076923077 0.0829326923076923
0 0.2439903846153846 0.7115384615384616 0.042067307692307696 0.055288461538461536
0 0.23557692307692307 0.8810096153846154 0.04326923076923077 0.11177884615384616
0 0.21995192307692307 0.9711538461538461 0.04567307692307692 0.054086538461538464
0 0.1502403846153846 0.9278846153846154 0.04807692307692308 0.05889423076923077
0 0.027644230769230768 0.8894230769230769 0.027644230769230768 0.057692307692307696
0 0.3004807692307692 0.9122596153846154 0.05048076923076923 0.046875
0 0.46274038461538464 0.7644230769230769 0.05048076923076923 0.05889423076923077
0 0.5192307692307693 0.671875 0.039663461538461536 0.04326923076923077
0 0.53125 0.5745192307692307 0.054086538461538464 0.0673076923076923
0 0.5913461538461539 0.5396634615384616 0.051682692307692304 0.039663461538461536
0 0.5673076923076923 0.47475961538461536 0.051682692307692304 0.0625
0 0.6478365384615384 0.3954326923076923 0.028846153846153848 0.06490384615384616
0 0.7992788461538461 0.33413461538461536 0.042067307692307696 0.07692307692307693
0 0.71875 0.6310096153846154 0.038461538461538464 0.08774038461538461
0 0.7908653846153846 0.7403846153846154 0.051682692307692304 0.05889423076923077
0 0.9651442307692307 0.6478365384615384 0.039663461538461536 0.06009615384615385
0 0.6983173076923077 0.8533653846153846 0.046875 0.07932692307692307
0 0.6959134615384616 0.953125 0.028846153846153848 0.07572115384615384
0 0.4963942307692308 0.9519230769230769 0.042067307692307696 0.04807692307692308
0 0.5721153846153846 0.30408653846153844 0.06009615384615385 0.07091346153846154
0 0.1466346153846154 0.33413461538461536 0.057692307692307696 0.0673076923076923
0 0.18990384615384615 0.3701923076923077 0.036057692307692304 0.078125