0 0.5793269230769231 0.23557692307692307 0.06009615384615385 0.07211538461538461
0 0.6802884615384616 0.24158653846153846 0.06490384615384616 0.07692307692307693
0 0.6574519230769231 0.31009615384615385 0.0625 0.07451923076923077
0 0.43149038461538464 0.18990384615384615 0.04807692307692308 0.07692307692307693
0 0.1622596153846154 0.3942307692307692 0.057692307692307696 0.09615384615384616
0 0.16706730769230768 0.6057692307692307 0.057692307692307696 0.04807692307692308
0 0.15985576923076922 0.6502403846153846 0.055288461538461536 0.040865384615384616
0 0.24639423076923078 0.8245192307692307 0.06490384615384616 0.06009615384615385
0 0.18629807692307693 0.8581730769230769 0.06490384615384616 0.04567307692307692
0 0.38461538461538464 0.8269230769230769 0.057692307692307696 0.06009615384615385
0 0.02283653846153846 0.18990384615384615 0.04567307692307692 0.0625
0 0.055288461538461536 0.2548076923076923 0.05048076923076923 0.05048076923076923
0 0.8365384615384616 0.5685096153846154 0.06971153846153846 0.10096153846153846
0 0.9591346153846154 0.46634615384615385 0.0673076923076923 0.0889423076923077
0 0.8713942307692307 0.4074519230769231 0.06490384615384616 0.07451923076923077
0 0.9639423076923077 0.33533653846153844 0.040865384615384616 0.09134615384615384
0 0.27884615384615385 0.7103365384615384 0.057692307692307696 0.06009615384615385
0 0.31009615384615385 0.734375 0.04567307692307692 0.06009615384615385
0 0.6802884615384616 0.35216346153846156 0.07932692307692307 0.07211538461538461
0 0.7019230769230769 0.41225961538461536 0.055288461538461536 0.0673076923076923
0 0.24759615384615385 0.5432692307692307 0.0625 0.06490384615384616
0 0.06490384615384616 0.3954326923076923 0.04567307692307692 0.08173076923076923
0 0.039663461538461536 0.34615384615384615 0.0625 0.052884615384615384
0 0.1935096153846154 0.9459134615384616 0.0889423076923077 0.09615384615384616
0 0.5588942307692307 0.8112980769230769 0.0889423076923077 0.08173076923076923
0 0.6899038461538461 0.7788461538461539 0.052884615384615384 0.07211538461538461
0 0.3701923076923077 0.5985576923076923 0.04567307692307692 0.08413461538461539
0 0.5324519230769231 0.12740384615384615 0.04807692307692308 0.07692307692307693