0 0.078125 0.3016826923076923 0.07692307692307693 0.07932692307692307
0 0.11658653846153846 0.35336538461538464 0.08173076923076923 0.0889423076923077
0 0.028846153846153848 0.3545673076923077 0.057692307692307696 0.07932692307692307
0 0.3088942307692308 0.5504807692307693 0.07692307692307693 0.08653846153846154
0 0.33774038461538464 0.5348557692307693 0.0625 0.07451923076923077
0 0.34975961538461536 0.4723557692307692 0.08653846153846154 0.09134615384615384
0 0.5180288461538461 0.5300480769230769 0.09134615384615384 0.09375
0 0.578125 0.6490384615384616 0.09375 0.10817307692307693
0 0.5913461538461539 0.7572115384615384 0.06490384615384616 0.0673076923076923
0 0.6129807692307693 0.7920673076923077 0.0673076923076923 0.0673076923076923
0 0.5024038461538461 0.7295673076923077 0.10336538461538461 0.10096153846153846
0 0.36658653846153844 0.7548076923076923 0.08413461538461539 0.0889423076923077
0 0.4735576923076923 0.8665865384615384 0.11538461538461539 0.12259615384615384
0 0.32211538461538464 0.8545673076923077 0.07692307692307693 0.08173076923076923
0 0.6983173076923077 0.6706730769230769 0.0889423076923077 0.0985576923076923
0 0.7680288461538461 0.7043269230769231 0.07932692307692307 0.08653846153846154
0 0.7632211538461539 0.6009615384615384 0.09375 0.11057692307692307
0 0.8197115384615384 0.6189903846153846 0.09134615384615384 0.0985576923076923
0 0.8497596153846154 0.7115384615384616 0.0889423076923077 0.09375
0 0.9290865384615384 0.7223557692307693 0.07932692307692307 0.08653846153846154
0 0.7391826923076923 0.40865384615384615 0.0889423076923077 0.0985576923076923
0 0.7764423076923077 0.3245192307692308 0.11538461538461539 0.125
0 0.7475961538461539 0.22115384615384615 0.10817307692307693 0.11778846153846154
0 0.6274038461538461 0.19591346153846154 0.10576923076923077 0.10817307692307693
0 0.39783653846153844 0.11778846153846154 0.0889423076923077 0.0985576923076923
0 0.6454326923076923 0.04807692307692308 0.0889423076923077 0.09615384615384616