0 0.5408653846153846 0.5973557692307693 0.06490384615384616 0.0985576923076923
0 0.6490384615384616 0.46634615384615385 0.057692307692307696 0.0889423076923077
0 0.6983173076923077 0.8629807692307693 0.06490384615384616 0.09134615384615384
0 0.4387019230769231 0.6454326923076923 0.06971153846153846 0.07211538461538461
0 0.2860576923076923 0.7536057692307693 0.05048076923076923 0.07211538461538461
0 0.21153846153846154 0.6346153846153846 0.06490384615384616 0.09615384615384616
0 0.2692307692307692 0.31850961538461536 0.05048076923076923 0.10576923076923077
0 0.13822115384615385 0.3713942307692308 0.036057692307692304 0.09134615384615384
0 0.04447115384615385 0.4483173076923077 0.07451923076923077 0.06971153846153846
0 0.0829326923076923 0.515625 0.07211538461538461 0.06490384615384616
0 0.20432692307692307 0.8846153846153846 0.057692307692307696 0.08173076923076923
0 0.1935096153846154 0.9663461538461539 0.05048076923076923 0.0673076923076923
0 0.039663461538461536 0.265625 0.07451923076923077 0.08413461538461539
0 0.7740384615384616 0.6346153846153846 0.13942307692307693 0.13701923076923078
0 0.5973557692307693 0.6057692307692307 0.052884615384615384 0.07211538461538461