0 0.1201923076923077 0.21754807692307693 0.06009615384615385 0.0673076923076923
0 0.10336538461538461 0.3954326923076923 0.04567307692307692 0.0673076923076923
0 0.056490384615384616 0.4206730769230769 0.057692307692307696 0.03125
0 0.036057692307692304 0.7512019230769231 0.04326923076923077 0.0673076923076923
0 0.18870192307692307 0.49038461538461536 0.052884615384615384 0.08413461538461539
0 0.22716346153846154 0.359375 0.055288461538461536 0.09134615384615384
0 0.31850961538461536 0.33413461538461536 0.036057692307692304 0.09375
0 0.33413461538461536 0.4110576923076923 0.04567307692307692 0.04326923076923077
0 0.3389423076923077 0.2127403846153846 0.040865384615384616 0.057692307692307696
0 0.2956730769230769 0.14783653846153846 0.04807692307692308 0.040865384615384616
0 0.4735576923076923 0.4375 0.04567307692307692 0.055288461538461536
0 0.5564903846153846 0.3425480769230769 0.036057692307692304 0.07932692307692307
0 0.6862980769230769 0.17548076923076922 0.028846153846153848 0.11057692307692307
0 0.7103365384615384 0.4387019230769231 0.036057692307692304 0.06971153846153846
0 0.8064903846153846 0.44591346153846156 0.05048076923076923 0.07932692307692307
0 0.6129807692307693 0.6201923076923077 0.06009615384615385 0.08173076923076923
0 0.6262019230769231 0.6634615384615384 0.04567307692307692 0.0673076923076923
0 0.6346153846153846 0.6814903846153846 0.04326923076923077 0.07932692307692307
0 0.6947115384615384 0.7091346153846154 0.04326923076923077 0.06009615384615385
0 0.4735576923076923 0.7091346153846154 0.06490384615384616 0.04326923076923077
0 0.4567307692307692 0.7980769230769231 0.04326923076923077 0.06971153846153846
0 0.39302884615384615 0.6141826923076923 0.038461538461538464 0.11057692307692307
0 0.31971153846153844 0.7223557692307693 0.06009615384615385 0.08413461538461539
0 0.25961538461538464 0.8713942307692307 0.03365384615384615 0.09615384615384616
0 0.28725961538461536 0.9158653846153846 0.040865384615384616 0.10096153846153846
0 0.0985576923076923 0.9567307692307693 0.052884615384615384 0.04326923076923077
0 0.0673076923076923 0.9074519230769231 0.04326923076923077 0.06971153846153846
0 0.06009615384615385 0.6995192307692307 0.06009615384615385 0.036057692307692304
0 0.2824519230769231 0.5588942307692307 0.05048076923076923 0.07692307692307693
0 0.29927884615384615 0.5180288461538461 0.036057692307692304 0.05048076923076923
0 0.3401442307692308 0.5408653846153846 0.040865384615384616 0.06971153846153846
0 0.15144230769230768 0.3004807692307692 0.07451923076923077 0.11778846153846154
0 0.2403846153846154 0.6790865384615384 0.05048076923076923 0.0673076923076923
0 0.12740384615384615 0.7644230769230769 0.05048076923076923 0.04326923076923077