0 0.45913461538461536 0.22716346153846154 0.06009615384615385 0.052884615384615384
0 0.5456730769230769 0.3125 0.06370192307692307 0.046875
0 0.5180288461538461 0.3485576923076923 0.04567307692307692 0.04447115384615385
0 0.4807692307692308 0.4182692307692308 0.07091346153846154 0.056490384615384616
0 0.4026442307692308 0.5336538461538461 0.051682692307692304 0.052884615384615384
0 0.3870192307692308 0.6430288461538461 0.05889423076923077 0.07211538461538461
0 0.15144230769230768 0.5709134615384616 0.03125 0.042067307692307696
0 0.21754807692307693 0.32572115384615385 0.025240384615384616 0.056490384615384616
0 0.14543269230769232 0.7620192307692307 0.046875 0.056490384615384616
0 0.055288461538461536 0.6995192307692307 0.06610576923076923 0.051682692307692304
0 0.27163461538461536 0.8365384615384616 0.046875 0.06850961538461539
0 0.5853365384615384 0.5564903846153846 0.04447115384615385 0.05889423076923077
0 0.5168269230769231 0.4699519230769231 0.03245192307692308 0.040865384615384616
0 0.5853365384615384 0.6598557692307693 0.05048076923076923 0.07572115384615384
0 0.4387019230769231 0.33052884615384615 0.039663461538461536 0.06370192307692307
0 0.8233173076923077 0.515625 0.055288461538461536 0.078125
0 0.9170673076923077 0.3245192307692308 0.04567307692307692 0.06971153846153846
0 0.9338942307692307 0.24759615384615385 0.040865384615384616 0.06370192307692307
0 0.9675480769230769 0.5228365384615384 0.040865384615384616 0.06971153846153846
0 0.9699519230769231 0.5625 0.042067307692307696 0.037259615384615384
0 0.9314903846153846 0.5396634615384616 0.04447115384615385 0.04807692307692308
0 0.8473557692307693 0.6370192307692307 0.052884615384615384 0.040865384615384616
0 0.8221153846153846 0.6875 0.04326923076923077 0.055288461538461536
0 0.8581730769230769 0.7355769230769231 0.04807692307692308 0.06370192307692307
0 0.5408653846153846 0.9182692307692307 0.037259615384615384 0.05889423076923077
0 0.43990384615384615 0.9362980769230769 0.05889423076923077 0.042067307692307696
0 0.39663461538461536 0.9014423076923077 0.05048076923076923 0.06490384615384616