0 0.3545673076923077 0.16466346153846154 0.07451923076923077 0.07451923076923077
0 0.24759615384615385 0.052884615384615384 0.09615384615384616 0.10096153846153846
0 0.359375 0.038461538461538464 0.055288461538461536 0.06490384615384616
0 0.5865384615384616 0.09375 0.07692307692307693 0.08653846153846154
0 0.5649038461538461 0.203125 0.057692307692307696 0.06971153846153846
0 0.6899038461538461 0.27884615384615385 0.04567307692307692 0.05048076923076923
0 0.6754807692307693 0.6237980769230769 0.06009615384615385 0.0625
0 0.6634615384615384 0.6670673076923077 0.052884615384615384 0.04567307692307692
0 0.859375 0.6141826923076923 0.0673076923076923 0.06971153846153846
0 0.8473557692307693 0.4254807692307692 0.07692307692307693 0.08413461538461539
0 0.7307692307692307 0.41225961538461536 0.07211538461538461 0.08173076923076923
0 0.5540865384615384 0.5709134615384616 0.07211538461538461 0.07451923076923077
0 0.48677884615384615 0.6105769230769231 0.07451923076923077 0.08173076923076923
0 0.3401442307692308 0.703125 0.06490384615384616 0.07932692307692307
0 0.46875 0.44711538461538464 0.07692307692307693 0.08653846153846154
0 0.3269230769230769 0.5456730769230769 0.05048076923076923 0.05048076923076923
0 0.16466346153846154 0.5673076923076923 0.052884615384615384 0.057692307692307696
0 0.46274038461538464 0.36658653846153844 0.06009615384615385 0.055288461538461536
0 0.671875 0.1658653846153846 0.06009615384615385 0.06009615384615385
0 0.8125 0.17307692307692307 0.06490384615384616 0.07211538461538461
0 0.24278846153846154 0.8870192307692307 0.06490384615384616 0.07932692307692307
0 0.6538461538461539 0.7620192307692307 0.057692307692307696 0.06490384615384616
0 0.15745192307692307 0.6778846153846154 0.06009615384615385 0.06490384615384616
0 0.12139423076923077 0.23918269230769232 0.06971153846153846 0.07451923076923077
0 0.05889423076923077 0.7019230769230769 0.05048076923076923 0.0673076923076923
0 0.21033653846153846 0.765625 0.07211538461538461 0.07692307692307693
0 0.3557692307692308 0.4891826923076923 0.07451923076923077 0.07932692307692307
0 0.3737980769230769 0.31009615384615385 0.06971153846153846 0.0625
0 0.3798076923076923 0.2247596153846154 0.0625 0.06971153846153846
0 0.33774038461538464 0.23076923076923078 0.0673076923076923 0.07692307692307693
0 0.25 0.33774038461538464 0.06490384615384616 0.07211538461538461
0 0.22956730769230768 0.40625 0.06009615384615385 0.06490384615384616
0 0.5925480769230769 0.31490384615384615 0.06009615384615385 0.07451923076923077
0 0.5973557692307693 0.3641826923076923 0.06009615384615385 0.0673076923076923
0 0.5576923076923077 0.30408653846153844 0.06971153846153846 0.07932692307692307
0 0.8125 0.125 0.0625 0.057692307692307696
0 0.9206730769230769 0.6766826923076923 0.10576923076923077 0.13221153846153846
0 0.6430288461538461 0.7055288461538461 0.08413461538461539 0.08653846153846154
0 0.42427884615384615 0.9915865384615384 0.06009615384615385 0.016826923076923076
0 0.234375 0.12139423076923077 0.06971153846153846 0.06971153846153846
0 0.5733173076923077 0.4519230769230769 0.0889423076923077 0.10096153846153846