0 0.6358173076923077 0.17908653846153846 0.08173076923076923 0.07932692307692307
0 0.4891826923076923 0.020432692307692308 0.10336538461538461 0.040865384615384616
0 0.4963942307692308 0.2403846153846154 0.13942307692307693 0.14182692307692307
0 0.26802884615384615 0.36177884615384615 0.08173076923076923 0.07932692307692307
0 0.22355769230769232 0.3870192307692308 0.07932692307692307 0.07451923076923077
0 0.23076923076923078 0.4579326923076923 0.0889423076923077 0.08653846153846154
0 0.20192307692307693 0.5973557692307693 0.09615384615384616 0.0985576923076923
0 0.08653846153846154 0.6899038461538461 0.11778846153846154 0.1201923076923077
0 0.054086538461538464 0.47716346153846156 0.10817307692307693 0.12740384615384615
0 0.6875 0.375 0.14182692307692307 0.15144230769230768
0 0.7584134615384616 0.24759615384615385 0.09375 0.09375
0 0.8125 0.21033653846153846 0.11057692307692307 0.10576923076923077
0 0.9110576923076923 0.22716346153846154 0.10576923076923077 0.10096153846153846
0 0.9326923076923077 0.33533653846153844 0.09375 0.09615384615384616
0 0.7620192307692307 0.4338942307692308 0.10576923076923077 0.10817307692307693
0 0.7211538461538461 0.5973557692307693 0.0889423076923077 0.0889423076923077
0 0.6129807692307693 0.6790865384615384 0.1346153846153846 0.13221153846153846
0 0.6105769230769231 0.8137019230769231 0.10576923076923077 0.10817307692307693
0 0.8353365384615384 0.8052884615384616 0.1466346153846154 0.15384615384615385
0 0.3786057692307692 0.8125 0.12259615384615384 0.1201923076923077
0 0.5360576923076923 0.6189903846153846 0.14423076923076922 0.15144230769230768
0 0.22355769230769232 0.296875 0.11298076923076923 0.11538461538461539