0 0.08052884615384616 0.1814903846153846 0.09134615384615384 0.08653846153846154
0 0.14182692307692307 0.31971153846153844 0.07211538461538461 0.07932692307692307
0 0.125 0.4495192307692308 0.06009615384615385 0.06971153846153846
0 0.06129807692307692 0.49759615384615385 0.07692307692307693 0.08653846153846154
0 0.1201923076923077 0.7307692307692307 0.11298076923076923 0.10576923076923077
0 0.23076923076923078 0.7560096153846154 0.08653846153846154 0.09134615384615384
0 0.27524038461538464 0.9375 0.07692307692307693 0.08413461538461539
0 0.3317307692307692 0.8257211538461539 0.06490384615384616 0.06971153846153846
0 0.37740384615384615 0.8016826923076923 0.06490384615384616 0.08173076923076923
0 0.38822115384615385 0.8653846153846154 0.07451923076923077 0.06971153846153846
0 0.42427884615384615 0.7644230769230769 0.07692307692307693 0.09134615384615384
0 0.33653846153846156 0.49158653846153844 0.0985576923076923 0.11057692307692307
0 0.25721153846153844 0.34975961538461536 0.0889423076923077 0.09134615384615384
0 0.30528846153846156 0.6454326923076923 0.08653846153846154 0.10576923076923077
0 0.6177884615384616 0.8774038461538461 0.07451923076923077 0.08173076923076923
0 0.6213942307692307 0.6742788461538461 0.10336538461538461 0.11298076923076923
0 0.515625 0.5108173076923077 0.07451923076923077 0.07932692307692307
0 0.4891826923076923 0.46153846153846156 0.06009615384615385 0.06009615384615385
0 0.36538461538461536 0.3605769230769231 0.0889423076923077 0.09375
0 0.4254807692307692 0.21153846153846154 0.09375 0.09375
0 0.3137019230769231 0.15504807692307693 0.09615384615384616 0.0985576923076923
0 0.3425480769230769 0.04567307692307692 0.0625 0.0625
0 0.6298076923076923 0.171875 0.0889423076923077 0.0985576923076923
0 0.7199519230769231 0.22115384615384615 0.07451923076923077 0.0625
0 0.7451923076923077 0.25961538461538464 0.07692307692307693 0.07211538461538461
0 0.734375 0.38461538461538464 0.08413461538461539 0.08653846153846154
0 0.7067307692307693 0.4651442307692308 0.07692307692307693 0.07932692307692307
0 0.7596153846153846 0.7752403846153846 0.09615384615384616 0.08653846153846154
0 0.9314903846153846 0.5204326923076923 0.0673076923076923 0.07451923076923077
0 0.9723557692307693 0.4987980769230769 0.055288461538461536 0.0889423076923077
0 0.8545673076923077 0.17307692307692307 0.08413461538461539 0.08413461538461539
0 0.8076923076923077 0.16947115384615385 0.06490384615384616 0.07932692307692307
0 0.7524038461538461 0.09615384615384616 0.05048076923076923 0.04326923076923077