0 0.390625 0.29927884615384615 0.06009615384615385 0.10096153846153846
0 0.48677884615384615 0.171875 0.0625 0.057692307692307696
0 0.6971153846153846 0.17908653846153846 0.04807692307692308 0.0673076923076923
0 0.7668269230769231 0.1466346153846154 0.03125 0.09375
0 0.7319711538461539 0.32091346153846156 0.06009615384615385 0.0673076923076923
0 0.7704326923076923 0.5348557692307693 0.03125 0.0625
0 0.8245192307692307 0.6009615384615384 0.03365384615384615 0.0673076923076923
0 0.33413461538461536 0.6862980769230769 0.038461538461538464 0.06009615384615385
0 0.31009615384615385 0.3954326923076923 0.04807692307692308 0.052884615384615384
0 0.3473557692307692 0.12259615384615384 0.07211538461538461 0.07692307692307693
0 0.20552884615384615 0.2860576923076923 0.057692307692307696 0.040865384615384616
0 0.24158653846153846 0.025240384615384616 0.06009615384615385 0.040865384615384616
0 0.22355769230769232 0.10336538461538461 0.04567307692307692 0.036057692307692304
0 0.26322115384615385 0.13581730769230768 0.028846153846153848 0.04807692307692308
0 0.4026442307692308 0.5192307692307693 0.04567307692307692 0.08173076923076923
0 0.40384615384615385 0.6742788461538461 0.05048076923076923 0.06009615384615385
0 0.4050480769230769 0.051682692307692304 0.04567307692307692 0.07451923076923077
0 0.42427884615384615 0.12379807692307693 0.028846153846153848 0.04326923076923077
0 0.6850961538461539 0.44471153846153844 0.052884615384615384 0.05048076923076923
0 0.2127403846153846 0.3557692307692308 0.052884615384615384 0.04567307692307692
0 0.6129807692307693 0.8569711538461539 0.04326923076923077 0.0625
0 0.453125 0.9399038461538461 0.040865384615384616 0.055288461538461536
0 0.04447115384615385 0.37259615384615385 0.04807692307692308 0.06971153846153846
0 0.4987980769230769 0.41346153846153844 0.055288461538461536 0.06490384615384616
0 0.7824519230769231 0.7319711538461539 0.06490384615384616 0.0889423076923077
0 0.28846153846153844 0.9639423076923077 0.05048076923076923 0.0625
0 0.12620192307692307 0.7548076923076923 0.057692307692307696 0.09375
0 0.5625 0.32091346153846156 0.05048076923076923 0.08653846153846154
0 0.6310096153846154 0.4254807692307692 0.040865384615384616 0.0625
0 0.5180288461538461 0.8954326923076923 0.04567307692307692 0.04807692307692308
0 0.3317307692307692 0.921875 0.04326923076923077 0.0625
0 0.90625 0.6418269230769231 0.04326923076923077 0.06971153846153846
0 0.8822115384615384 0.6766826923076923 0.05048076923076923 0.07211538461538461
0 0.90625 0.3401442307692308 0.055288461538461536 0.07692307692307693
0 0.02403846153846154 0.8569711538461539 0.04567307692307692 0.07932692307692307
0 0.02283653846153846 0.3125 0.038461538461538464 0.036057692307692304
0 0.15985576923076922 0.3425480769230769 0.036057692307692304 0.06009615384615385
0 0.1466346153846154 0.43028846153846156 0.04807692307692308 0.057692307692307696
0 0.1045673076923077 0.5456730769230769 0.026442307692307692 0.06490384615384616
0 0.12860576923076922 0.5 0.038461538461538464 0.06971153846153846
0 0.20552884615384615 0.21995192307692307 0.04326923076923077 0.06490384615384616
0 0.34615384615384615 0.35697115384615385 0.040865384615384616 0.06971153846153846
0 0.5036057692307693 0.04927884615384615 0.03125 0.07211538461538461