0 0.21634615384615385 0.17908653846153846 0.055288461538461536 0.06009615384615385
0 0.1658653846153846 0.17908653846153846 0.04326923076923077 0.057692307692307696
0 0.1346153846153846 0.1622596153846154 0.040865384615384616 0.06490384615384616
0 0.06129807692307692 0.1875 0.052884615384615384 0.07932692307692307
0 0.24759615384615385 0.33413461538461536 0.06490384615384616 0.0673076923076923
0 0.27163461538461536 0.2824519230769231 0.05048076923076923 0.06490384615384616
0 0.3401442307692308 0.2980769230769231 0.03125 0.07451923076923077
0 0.31009615384615385 0.2848557692307692 0.028846153846153848 0.057692307692307696
0 0.42788461538461536 0.04326923076923077 0.04807692307692308 0.06971153846153846
0 0.5264423076923077 0.14783653846153846 0.05048076923076923 0.0625
0 0.5216346153846154 0.21394230769230768 0.036057692307692304 0.057692307692307696
0 0.5096153846153846 0.3581730769230769 0.038461538461538464 0.07932692307692307
0 0.4807692307692308 0.3605769230769231 0.04807692307692308 0.0673076923076923
0 0.5649038461538461 0.46033653846153844 0.052884615384615384 0.052884615384615384
0 0.5204326923076923 0.4807692307692308 0.04567307692307692 0.0673076923076923
0 0.5372596153846154 0.6177884615384616 0.04807692307692308 0.08413461538461539
0 0.7163461538461539 0.20793269230769232 0.07451923076923077 0.09615384615384616
0 0.7439903846153846 0.33774038461538464 0.07211538461538461 0.07932692307692307
0 0.75 0.46875 0.057692307692307696 0.07692307692307693
0 0.7091346153846154 0.4987980769230769 0.04807692307692308 0.07692307692307693
0 0.6502403846153846 0.45552884615384615 0.057692307692307696 0.0625
0 0.4266826923076923 0.6947115384615384 0.0625 0.06971153846153846
0 0.49038461538461536 0.7932692307692307 0.0625 0.08173076923076923
0 0.4375 0.8725961538461539 0.06009615384615385 0.07211538461538461
0 0.3605769230769231 0.9158653846153846 0.05048076923076923 0.057692307692307696
0 0.8209134615384616 0.328125 0.04807692307692308 0.07932692307692307
0 0.8088942307692307 0.7127403846153846 0.0625 0.07692307692307693
0 0.7596153846153846 0.7512019230769231 0.0625 0.07211538461538461
0 0.71875 0.7716346153846154 0.06009615384615385 0.07932692307692307
0 0.7584134615384616 0.8233173076923077 0.0625 0.05048076923076923
0 0.8677884615384616 0.8942307692307693 0.07211538461538461 0.0889423076923077
0 0.34975961538461536 0.5024038461538461 0.052884615384615384 0.06009615384615385
0 0.16826923076923078 0.828125 0.055288461538461536 0.06971153846153846
0 0.13581730769230768 0.9302884615384616 0.040865384615384616 0.03365384615384615
0 0.046875 0.9230769230769231 0.0625 0.028846153846153848
0 0.1201923076923077 0.6887019230769231 0.057692307692307696 0.06490384615384616
0 0.05048076923076923 0.7007211538461539 0.04567307692307692 0.06490384615384616
0 0.0673076923076923 0.47475961538461536 0.04326923076923077 0.04567307692307692
0 0.07451923076923077 0.42427884615384615 0.038461538461538464 0.05048076923076923
0 0.27283653846153844 0.421875 0.03125 0.038461538461538464
0 0.8978365384615384 0.4987980769230769 0.038461538461538464 0.07211538461538461
0 0.890625 0.19951923076923078 0.038461538461538464 0.057692307692307696
0 0.8870192307692307 0.06490384615384616 0.03365384615384615 0.036057692307692304
0 0.7908653846153846 0.9855769230769231 0.04326923076923077 0.028846153846153848
0 0.7824519230769231 0.9399038461538461 0.040865384615384616 0.05048076923076923
0 0.19471153846153846 0.34375 0.06490384615384616 0.07692307692307693
0 0.6766826923076923 0.7536057692307693 0.040865384615384616 0.0673076923076923
0 0.32091346153846156 0.3004807692307692 0.02403846153846154 0.0673076923076923