0 0.38341346153846156 0.1466346153846154 0.08413461538461539 0.08413461538461539
0 0.28846153846153844 0.10216346153846154 0.08173076923076923 0.11778846153846154
0 0.15264423076923078 0.27884615384615385 0.06490384615384616 0.07451923076923077
0 0.8389423076923077 0.1658653846153846 0.08173076923076923 0.040865384615384616
0 0.5372596153846154 0.27524038461538464 0.0985576923076923 0.0985576923076923
0 0.23918269230769232 0.4423076923076923 0.0889423076923077 0.0673076923076923
0 0.5264423076923077 0.6117788461538461 0.0625 0.07451923076923077
0 0.054086538461538464 0.609375 0.09134615384615384 0.07451923076923077
0 0.078125 0.5072115384615384 0.07211538461538461 0.07211538461538461
0 0.6262019230769231 0.609375 0.06009615384615385 0.07692307692307693
0 0.6646634615384616 0.7800480769230769 0.08413461538461539 0.08653846153846154
0 0.6009615384615384 0.9014423076923077 0.07692307692307693 0.08413461538461539
0 0.4651442307692308 0.03365384615384615 0.08413461538461539 0.0673076923076923
0 0.7932692307692307 0.08052884615384616 0.07211538461538461 0.09375
0 0.8629807692307693 0.04567307692307692 0.04567307692307692 0.07692307692307693
0 0.6766826923076923 0.4483173076923077 0.10336538461538461 0.09615384615384616
0 0.5649038461538461 0.36538461538461536 0.07692307692307693 0.0673076923076923
0 0.7824519230769231 0.34615384615384615 0.0889423076923077 0.0985576923076923
0 0.9783653846153846 0.5480769230769231 0.04326923076923077 0.07211538461538461
0 0.23798076923076922 0.32091346153846156 0.0625 0.07451923076923077
0 0.20072115384615385 0.2776442307692308 0.040865384615384616 0.055288461538461536