0 0.039663461538461536 0.3737980769230769 0.07932692307692307 0.09375
0 0.15625 0.39302884615384615 0.0673076923076923 0.08173076923076923
0 0.14543269230769232 0.23918269230769232 0.06490384615384616 0.08173076923076923
0 0.2548076923076923 0.1935096153846154 0.07211538461538461 0.06971153846153846
0 0.28365384615384615 0.26322115384615385 0.07692307692307693 0.08173076923076923
0 0.3329326923076923 0.43509615384615385 0.08653846153846154 0.11298076923076923
0 0.3233173076923077 0.6670673076923077 0.0889423076923077 0.09375
0 0.24759615384615385 0.7704326923076923 0.0889423076923077 0.09615384615384616
0 0.47596153846153844 0.7247596153846154 0.052884615384615384 0.055288461538461536
0 0.4855769230769231 0.9423076923076923 0.07451923076923077 0.07932692307692307
0 0.4879807692307692 0.4891826923076923 0.08413461538461539 0.08653846153846154
0 0.4375 0.3870192307692308 0.08173076923076923 0.10096153846153846
0 0.41947115384615385 0.2956730769230769 0.07692307692307693 0.07932692307692307
0 0.6057692307692307 0.19230769230769232 0.08413461538461539 0.09375
0 0.6598557692307693 0.18028846153846154 0.07211538461538461 0.08653846153846154
0 0.6177884615384616 0.07932692307692307 0.07211538461538461 0.09375
0 0.8377403846153846 0.43028846153846156 0.07932692307692307 0.08413461538461539
0 0.9014423076923077 0.4326923076923077 0.07211538461538461 0.0889423076923077
0 0.96875 0.7764423076923077 0.0625 0.09134615384615384
0 0.7139423076923077 0.5528846153846154 0.09134615384615384 0.0889423076923077
0 0.6574519230769231 0.4182692307692308 0.08173076923076923 0.08413461538461539