0 0.5336538461538461 0.32572115384615385 0.046875 0.051682692307692304
0 0.4831730769230769 0.15504807692307693 0.027644230769230768 0.05889423076923077
0 0.3173076923076923 0.6742788461538461 0.038461538461538464 0.036057692307692304
0 0.2548076923076923 0.7223557692307693 0.030048076923076924 0.03125
0 0.14783653846153846 0.8641826923076923 0.02283653846153846 0.051682692307692304
0 0.2956730769230769 0.7896634615384616 0.030048076923076924 0.038461538461538464
0 0.41466346153846156 0.10216346153846154 0.038461538461538464 0.030048076923076924
0 0.27524038461538464 0.055288461538461536 0.03245192307692308 0.04567307692307692
0 0.13822115384615385 0.23197115384615385 0.03125 0.036057692307692304
0 0.6971153846153846 0.6995192307692307 0.04927884615384615 0.057692307692307696
0 0.9567307692307693 0.45552884615384615 0.04326923076923077 0.04807692307692308
0 0.9110576923076923 0.41586538461538464 0.03245192307692308 0.052884615384615384
0 0.8497596153846154 0.7632211538461539 0.03365384615384615 0.055288461538461536
0 0.8125 0.8978365384615384 0.020432692307692308 0.07451923076923077
0 0.13822115384615385 0.4050480769230769 0.03365384615384615 0.057692307692307696
0 0.14302884615384615 0.48197115384615385 0.04326923076923077 0.04927884615384615
0 0.040865384615384616 0.2848557692307692 0.03125 0.04927884615384615
0 0.07091346153846154 0.28966346153846156 0.014423076923076924 0.06129807692307692
0 0.02403846153846154 0.19951923076923078 0.03485576923076923 0.04326923076923077
0 0.016826923076923076 0.10336538461538461 0.03245192307692308 0.054086538461538464
0 0.0625 0.0889423076923077 0.02403846153846154 0.03245192307692308
0 0.09134615384615384 0.12620192307692307 0.03365384615384615 0.040865384615384616
0 0.35697115384615385 0.6682692307692307 0.027644230769230768 0.04807692307692308
0 0.41586538461538464 0.7451923076923077 0.036057692307692304 0.055288461538461536
0 0.3641826923076923 0.7283653846153846 0.04326923076923077 0.042067307692307696
0 0.1971153846153846 0.8677884615384616 0.03485576923076923 0.0673076923076923
0 0.12740384615384615 0.9098557692307693 0.03245192307692308 0.0673076923076923
0 0.026442307692307692 0.8461538461538461 0.025240384615384616 0.078125
0 0.6009615384615384 0.4098557692307692 0.054086538461538464 0.04447115384615385
0 0.6213942307692307 0.25600961538461536 0.03125 0.040865384615384616
0 0.6129807692307693 0.22716346153846154 0.042067307692307696 0.046875
0 0.234375 0.25600961538461536 0.036057692307692304 0.046875
0 0.25240384615384615 0.30528846153846156 0.028846153846153848 0.042067307692307696
0 0.24879807692307693 0.39903846153846156 0.027644230769230768 0.051682692307692304
0 0.31850961538461536 0.4567307692307692 0.03365384615384615 0.055288461538461536
0 0.8978365384615384 0.8846153846153846 0.051682692307692304 0.0673076923076923
0 0.9134615384615384 0.9387019230769231 0.025240384615384616 0.05048076923076923
0 0.9663461538461539 0.7668269230769231 0.038461538461538464 0.056490384615384616
0 0.9591346153846154 0.9507211538461539 0.03125 0.06971153846153846
0 0.25841346153846156 0.8870192307692307 0.04807692307692308 0.05889423076923077