0 0.3762019230769231 0.5324519230769231 0.05048076923076923 0.09375
0 0.5480769230769231 0.6069711538461539 0.05048076923076923 0.057692307692307696
0 0.6574519230769231 0.49038461538461536 0.04807692307692308 0.055288461538461536
0 0.5492788461538461 0.42788461538461536 0.04567307692307692 0.06009615384615385
0 0.5829326923076923 0.2608173076923077 0.052884615384615384 0.07932692307692307
0 0.6923076923076923 0.2764423076923077 0.03365384615384615 0.06009615384615385
0 0.7391826923076923 0.16947115384615385 0.06490384615384616 0.0985576923076923
0 0.8221153846153846 0.3581730769230769 0.055288461538461536 0.10817307692307693
0 0.5504807692307693 0.18509615384615385 0.06490384615384616 0.0625
0 0.4411057692307692 0.20673076923076922 0.0625 0.057692307692307696
0 0.3389423076923077 0.13581730769230768 0.0625 0.0625
0 0.17307692307692307 0.19230769230769232 0.07692307692307693 0.08653846153846154
0 0.38100961538461536 0.039663461538461536 0.03365384615384615 0.0625
0 0.28125 0.2860576923076923 0.0625 0.05048076923076923
0 0.20552884615384615 0.515625 0.052884615384615384 0.04807692307692308
0 0.5877403846153846 0.8822115384615384 0.04326923076923077 0.057692307692307696
0 0.48677884615384615 0.8425480769230769 0.04326923076923077 0.026442307692307692
0 0.7151442307692307 0.6394230769230769 0.057692307692307696 0.08173076923076923
0 0.8209134615384616 0.5552884615384616 0.05048076923076923 0.0889423076923077
0 0.6117788461538461 0.6310096153846154 0.04567307692307692 0.07932692307692307
0 0.46875 0.7872596153846154 0.06971153846153846 0.0625
0 0.27403846153846156 0.6442307692307693 0.055288461538461536 0.08653846153846154
0 0.054086538461538464 0.33774038461538464 0.0625 0.07211538461538461
0 0.6478365384615384 0.028846153846153848 0.04807692307692308 0.057692307692307696
0 0.7788461538461539 0.037259615384615384 0.0625 0.07451923076923077
0 0.8858173076923077 0.22716346153846154 0.0625 0.10096153846153846
0 0.7620192307692307 0.7331730769230769 0.052884615384615384 0.08653846153846154
0 0.859375 0.8629807692307693 0.04326923076923077 0.06009615384615385
0 0.8377403846153846 0.7992788461538461 0.05048076923076923 0.04326923076923077
0 0.8389423076923077 0.6646634615384616 0.04567307692307692 0.08173076923076923
0 0.9362980769230769 0.6814903846153846 0.038461538461538464 0.08173076923076923
0 0.9302884615384616 0.009615384615384616 0.04326923076923077 0.019230769230769232
0 0.42788461538461536 0.9387019230769231 0.052884615384615384 0.07932692307692307
0 0.5829326923076923 0.4074519230769231 0.04807692307692308 0.07211538461538461