0 0.7007211538461539 0.7403846153846154 0.12259615384615384 0.12259615384615384
0 0.5925480769230769 0.7560096153846154 0.06971153846153846 0.06971153846153846
0 0.5757211538461539 0.5600961538461539 0.06009615384615385 0.06009615384615385
0 0.6526442307692307 0.5685096153846154 0.0889423076923077 0.09134615384615384
0 0.5817307692307693 0.45552884615384615 0.06971153846153846 0.06971153846153846
0 0.25841346153846156 0.49278846153846156 0.055288461538461536 0.055288461538461536
0 0.23317307692307693 0.33533653846153844 0.07211538461538461 0.07211538461538461
0 0.18389423076923078 0.1935096153846154 0.06971153846153846 0.06971153846153846
0 0.38341346153846156 0.2764423076923077 0.0673076923076923 0.0673076923076923
0 0.4579326923076923 0.22355769230769232 0.0625 0.0625
0 0.6670673076923077 0.3329326923076923 0.07211538461538461 0.07451923076923077
0 0.7319711538461539 0.4362980769230769 0.06009615384615385 0.06009615384615385
0 0.7836538461538461 0.5661057692307693 0.09134615384615384 0.09134615384615384
0 0.3293269230769231 0.5853365384615384 0.07932692307692307 0.08173076923076923
0 0.4567307692307692 0.7007211538461539 0.08653846153846154 0.0889423076923077
0 0.08173076923076923 0.6814903846153846 0.0625 0.0625
0 0.18629807692307693 0.7956730769230769 0.08173076923076923 0.08173076923076923
0 0.31971153846153844 0.9855769230769231 0.08173076923076923 0.028846153846153848
0 0.21514423076923078 0.5384615384615384 0.07932692307692307 0.07932692307692307
0 0.1346153846153846 0.5 0.08653846153846154 0.0889423076923077
0 0.030048076923076924 0.5829326923076923 0.06009615384615385 0.09375
0 0.020432692307692308 0.6225961538461539 0.040865384615384616 0.057692307692307696
0 0.025240384615384616 0.6935096153846154 0.05048076923076923 0.06009615384615385
0 0.33413461538461536 0.9302884615384616 0.10096153846153846 0.10336538461538461
0 0.3858173076923077 0.8605769230769231 0.08173076923076923 0.08173076923076923
0 0.5985576923076923 0.8882211538461539 0.125 0.12740384615384615
0 0.6923076923076923 0.4543269230769231 0.11057692307692307 0.11298076923076923
0 0.6105769230769231 0.22956730769230768 0.10817307692307693 0.11057692307692307
0 0.7319711538461539 0.22716346153846154 0.0673076923076923 0.06971153846153846
0 0.5516826923076923 0.007211538461538462 0.06490384615384616 0.014423076923076924
0 0.4879807692307692 0.17668269230769232 0.07692307692307693 0.07932692307692307
0 0.3786057692307692 0.13701923076923078 0.07932692307692307 0.08173076923076923
0 0.3401442307692308 0.09615384615384616 0.06971153846153846 0.07211538461538461
0 0.29447115384615385 0.046875 0.0625 0.06490384615384616
0 0.30649038461538464 0.2620192307692308 0.09615384615384616 0.09615384615384616
0 0.054086538461538464 0.2548076923076923 0.06009615384615385 0.06009615384615385
0 0.15745192307692307 0.14903846153846154 0.05048076923076923 0.05048076923076923