0 0.4266826923076923 0.013221153846153846 0.06009615384615385 0.026442307692307692
0 0.4110576923076923 0.0889423076923077 0.04807692307692308 0.04567307692307692
0 0.3737980769230769 0.17067307692307693 0.052884615384615384 0.052884615384615384
0 0.3293269230769231 0.26322115384615385 0.057692307692307696 0.08413461538461539
0 0.35697115384615385 0.3016826923076923 0.04567307692307692 0.038461538461538464
0 0.328125 0.35336538461538464 0.06009615384615385 0.0625
0 0.29447115384615385 0.3918269230769231 0.052884615384615384 0.0625
0 0.2980769230769231 0.3137019230769231 0.038461538461538464 0.04807692307692308
0 0.26802884615384615 0.2704326923076923 0.06009615384615385 0.06490384615384616
0 0.24519230769230768 0.33052884615384615 0.04567307692307692 0.05048076923076923
0 0.24519230769230768 0.3762019230769231 0.04326923076923077 0.038461538461538464
0 0.21033653846153846 0.39903846153846156 0.052884615384615384 0.0625
0 0.19591346153846154 0.4795673076923077 0.055288461538461536 0.0673076923076923
0 0.16947115384615385 0.5600961538461539 0.06490384615384616 0.07692307692307693
0 0.23317307692307693 0.5625 0.04807692307692308 0.06009615384615385
0 0.1466346153846154 0.6478365384615384 0.06009615384615385 0.08653846153846154
0 0.08533653846153846 0.6574519230769231 0.040865384615384616 0.04567307692307692
0 0.052884615384615384 0.6754807692307693 0.04567307692307692 0.04326923076923077
0 0.10576923076923077 0.5360576923076923 0.05048076923076923 0.0673076923076923
0 0.08413461538461539 0.5240384615384616 0.04567307692307692 0.07211538461538461
0 0.13822115384615385 0.37259615384615385 0.05048076923076923 0.0673076923076923
0 0.1875 0.7247596153846154 0.057692307692307696 0.06490384615384616
0 0.23677884615384615 0.7223557692307693 0.03365384615384615 0.04326923076923077
0 0.24639423076923078 0.7536057692307693 0.04807692307692308 0.05048076923076923
0 0.24759615384615385 0.7956730769230769 0.040865384615384616 0.04567307692307692
0 0.2536057692307692 0.8377403846153846 0.06009615384615385 0.06971153846153846
0 0.4519230769230769 0.375 0.04807692307692308 0.05048076923076923
0 0.5348557692307693 0.22235576923076922 0.04807692307692308 0.040865384615384616
0 0.6069711538461539 0.125 0.04807692307692308 0.055288461538461536
0 0.6021634615384616 0.171875 0.05048076923076923 0.06009615384615385
0 0.6658653846153846 0.10576923076923077 0.05048076923076923 0.055288461538461536
0 0.7512019230769231 0.10216346153846154 0.04807692307692308 0.055288461538461536
0 0.8605769230769231 0.27403846153846156 0.04326923076923077 0.04326923076923077
0 0.9122596153846154 0.22115384615384615 0.05048076923076923 0.055288461538461536
0 0.8341346153846154 0.265625 0.055288461538461536 0.06490384615384616
0 0.765625 0.28365384615384615 0.06009615384615385 0.08653846153846154
0 0.6550480769230769 0.3173076923076923 0.04326923076923077 0.04807692307692308
0 0.5949519230769231 0.36538461538461536 0.04326923076923077 0.052884615384615384
0 0.5612980769230769 0.42427884615384615 0.04807692307692308 0.057692307692307696
0 0.49278846153846156 0.49399038461538464 0.052884615384615384 0.0673076923076923
0 0.4074519230769231 0.5192307692307693 0.06009615384615385 0.06490384615384616
0 0.34975961538461536 0.6430288461538461 0.0673076923076923 0.09134615384615384
0 0.4014423076923077 0.7427884615384616 0.057692307692307696 0.0673076923076923
0 0.5300480769230769 0.9639423076923077 0.06971153846153846 0.07211538461538461
0 0.4254807692307692 0.8461538461538461 0.05048076923076923 0.06490384615384616
0 0.375 0.8245192307692307 0.038461538461538464 0.04807692307692308
0 0.35336538461538464 0.8497596153846154 0.040865384615384616 0.04326923076923077
0 0.33653846153846156 0.8617788461538461 0.04326923076923077 0.04807692307692308
0 0.6670673076923077 0.5925480769230769 0.04567307692307692 0.06490384615384616
0 0.5853365384615384 0.6995192307692307 0.06490384615384616 0.08173076923076923
0 0.5757211538461539 0.515625 0.04326923076923077 0.057692307692307696
0 0.4891826923076923 0.5793269230769231 0.06009615384615385 0.07211538461538461
0 0.8653846153846154 0.41947115384615385 0.0673076923076923 0.07211538461538461
0 0.5540865384615384 0.1778846153846154 0.04807692307692308 0.05048076923076923
0 0.6454326923076923 0.25240384615384615 0.05048076923076923 0.06009615384615385
0 0.6358173076923077 0.042067307692307696 0.057692307692307696 0.06490384615384616
0 0.4735576923076923 0.25961538461538464 0.055288461538461536 0.0625
0 0.9495192307692307 0.29447115384615385 0.09375 0.10096153846153846