0 0.39302884615384615 0.6081730769230769 0.07091346153846154 0.06610576923076923
0 0.5264423076923077 0.6514423076923077 0.06971153846153846 0.0673076923076923
0 0.7632211538461539 0.5228365384615384 0.05889423076923077 0.052884615384615384
0 0.7908653846153846 0.8425480769230769 0.0673076923076923 0.06129807692307692
0 0.5841346153846154 0.11298076923076923 0.052884615384615384 0.06850961538461539
0 0.3137019230769231 0.24759615384615385 0.0625 0.06610576923076923
0 0.3713942307692308 0.4074519230769231 0.07211538461538461 0.04567307692307692
0 0.29086538461538464 0.5612980769230769 0.0673076923076923 0.06971153846153846
0 0.5456730769230769 0.8076923076923077 0.06009615384615385 0.052884615384615384
0 0.6165865384615384 0.796875 0.06129807692307692 0.06370192307692307
0 0.6971153846153846 0.055288461538461536 0.06610576923076923 0.056490384615384616
0 0.7007211538461539 0.9278846153846154 0.07091346153846154 0.0625
0 0.7235576923076923 0.31009615384615385 0.056490384615384616 0.042067307692307696
0 0.5997596153846154 0.38221153846153844 0.040865384615384616 0.06850961538461539
0 0.2247596153846154 0.7019230769230769 0.0673076923076923 0.07572115384615384
0 0.13341346153846154 0.859375 0.0733173076923077 0.07451923076923077
0 0.13942307692307693 0.9555288461538461 0.06490384615384616 0.06129807692307692
0 0.4182692307692308 0.7079326923076923 0.039663461538461536 0.07692307692307693
0 0.6911057692307693 0.46875 0.040865384615384616 0.08413461538461539
0 0.8052884615384616 0.2932692307692308 0.057692307692307696 0.09735576923076923
0 0.8257211538461539 0.16826923076923078 0.0889423076923077 0.08413461538461539
0 0.9158653846153846 0.09134615384615384 0.046875 0.10096153846153846
0 0.9783653846153846 0.4579326923076923 0.042067307692307696 0.06850961538461539
0 0.4098557692307692 0.13822115384615385 0.08173076923076923 0.09014423076923077
0 0.34975961538461536 0.3425480769230769 0.042067307692307696 0.08413461538461539
0 0.5444711538461539 0.2704326923076923 0.054086538461538464 0.07932692307692307
0 0.8269230769230769 0.5324519230769231 0.0673076923076923 0.10817307692307693
0 0.7848557692307693 0.7319711538461539 0.051682692307692304 0.08774038461538461
0 0.45913461538461536 0.6045673076923077 0.05889423076923077 0.09014423076923077
0 0.7536057692307693 0.4831730769230769 0.0733173076923077 0.056490384615384616