0 0.4170673076923077 0.25240384615384615 0.07932692307692307 0.08173076923076923
0 0.40384615384615385 0.07451923076923077 0.09375 0.09615384615384616
0 0.28725961538461536 0.7379807692307693 0.08653846153846154 0.0889423076923077
0 0.21033653846153846 0.8509615384615384 0.0889423076923077 0.09375
0 0.3870192307692308 0.9014423076923077 0.08413461538461539 0.09615384615384616
0 0.40384615384615385 0.9855769230769231 0.08173076923076923 0.028846153846153848
0 0.32211538461538464 0.9591346153846154 0.07451923076923077 0.07451923076923077
0 0.6610576923076923 0.9723557692307693 0.08173076923076923 0.055288461538461536
0 0.8581730769230769 0.8449519230769231 0.06971153846153846 0.08653846153846154
0 0.6887019230769231 0.6706730769230769 0.09134615384615384 0.09134615384615384
0 0.5829326923076923 0.6418269230769231 0.07932692307692307 0.08413461538461539
0 0.7788461538461539 0.7788461538461539 0.09134615384615384 0.09615384615384616
0 0.9651442307692307 0.44350961538461536 0.06971153846153846 0.0889423076923077
0 0.7620192307692307 0.3088942307692308 0.0889423076923077 0.09134615384615384
0 0.12860576923076922 0.26802884615384615 0.09134615384615384 0.09375
0 0.43509615384615385 0.6514423076923077 0.09134615384615384 0.09375
0 0.9735576923076923 0.27163461538461536 0.052884615384615384 0.07692307692307693
0 0.8076923076923077 0.23918269230769232 0.07692307692307693 0.08413461538461539
0 0.1658653846153846 0.5252403846153846 0.10096153846153846 0.10576923076923077
0 0.21995192307692307 0.6153846153846154 0.11538461538461539 0.11778846153846154
0 0.6995192307692307 0.5805288461538461 0.07211538461538461 0.07451923076923077
0 0.7872596153846154 0.5348557692307693 0.09375 0.0985576923076923
0 0.8653846153846154 0.3401442307692308 0.10096153846153846 0.11298076923076923
0 0.8341346153846154 0.30408653846153844 0.08173076923076923 0.08653846153846154
0 0.9567307692307693 0.65625 0.08653846153846154 0.125
0 0.7319711538461539 0.9242788461538461 0.08653846153846154 0.0889423076923077
0 0.5949519230769231 0.9855769230769231 0.0889423076923077 0.028846153846153848
0 0.41947115384615385 0.4735576923076923 0.11057692307692307 0.12259615384615384
0 0.453125 0.34134615384615385 0.0985576923076923 0.10096153846153846
0 0.6141826923076923 0.33413461538461536 0.10576923076923077 0.12259615384615384
0 0.49399038461538464 0.984375 0.0985576923076923 0.03125