0 0.2824519230769231 0.20072115384615385 0.0673076923076923 0.09735576923076923
0 0.22596153846153846 0.2403846153846154 0.04326923076923077 0.055288461538461536
0 0.15865384615384615 0.20432692307692307 0.056490384615384616 0.07211538461538461
0 0.18629807692307693 0.1346153846153846 0.057692307692307696 0.036057692307692304
0 0.18389423076923078 0.34975961538461536 0.05048076923076923 0.10576923076923077
0 0.09375 0.49038461538461536 0.057692307692307696 0.1141826923076923
0 0.03365384615384615 0.7043269230769231 0.06129807692307692 0.03125
0 0.04567307692307692 0.7548076923076923 0.07211538461538461 0.06009615384615385
0 0.15745192307692307 0.6490384615384616 0.046875 0.07572115384615384
0 0.18028846153846154 0.5516826923076923 0.057692307692307696 0.11057692307692307
0 0.18629807692307693 0.921875 0.0733173076923077 0.055288461538461536
0 0.38341346153846156 0.8557692307692307 0.0889423076923077 0.10576923076923077
0 0.44591346153846156 0.8365384615384616 0.027644230769230768 0.09735576923076923
0 0.49278846153846156 0.9158653846153846 0.046875 0.09375
0 0.5649038461538461 0.9771634615384616 0.038461538461538464 0.03485576923076923
0 0.6646634615384616 0.8713942307692307 0.057692307692307696 0.06490384615384616
0 0.7644230769230769 0.9230769230769231 0.04447115384615385 0.08774038461538461
0 0.4423076923076923 0.36538461538461536 0.06370192307692307 0.10817307692307693
0 0.4074519230769231 0.2764423076923077 0.0733173076923077 0.04807692307692308
0 0.36778846153846156 0.609375 0.056490384615384616 0.07091346153846154
0 0.5444711538461539 0.33533653846153844 0.07211538461538461 0.06971153846153846
0 0.4855769230769231 0.18990384615384615 0.039663461538461536 0.09615384615384616
0 0.48197115384615385 0.04567307692307692 0.046875 0.08533653846153846
0 0.7572115384615384 0.042067307692307696 0.037259615384615384 0.07451923076923077
0 0.8197115384615384 0.24879807692307693 0.04447115384615385 0.10336538461538461
0 0.875 0.35096153846153844 0.039663461538461536 0.08774038461538461
0 0.9411057692307693 0.09495192307692307 0.05048076923076923 0.06610576923076923
0 0.9182692307692307 0.042067307692307696 0.046875 0.05889423076923077
0 0.7980769230769231 0.45913461538461536 0.037259615384615384 0.11298076923076923
0 0.9723557692307693 0.6021634615384616 0.054086538461538464 0.08173076923076923
0 0.9735576923076923 0.7824519230769231 0.051682692307692304 0.05889423076923077