0 0.23798076923076922 0.35697115384615385 0.0889423076923077 0.08413461538461539
0 0.13221153846153846 0.23317307692307693 0.07932692307692307 0.0985576923076923
0 0.036057692307692304 0.2668269230769231 0.07211538461538461 0.09615384615384616
0 0.37740384615384615 0.04447115384615385 0.06971153846153846 0.06971153846153846
0 0.46274038461538464 0.052884615384615384 0.06971153846153846 0.0673076923076923
0 0.5240384615384616 0.2548076923076923 0.0625 0.06490384615384616
0 0.48677884615384615 0.3629807692307692 0.057692307692307696 0.09134615384615384
0 0.5745192307692307 0.44471153846153844 0.08173076923076923 0.0889423076923077
0 0.7079326923076923 0.5300480769230769 0.07211538461538461 0.07932692307692307
0 0.6466346153846154 0.37259615384615385 0.0889423076923077 0.05048076923076923
0 0.671875 0.3112980769230769 0.05048076923076923 0.07451923076923077
0 0.7836538461538461 0.453125 0.07932692307692307 0.10096153846153846
0 0.8533653846153846 0.6322115384615384 0.07451923076923077 0.08413461538461539
0 0.8413461538461539 0.7608173076923077 0.07211538461538461 0.0673076923076923
0 0.6358173076923077 0.78125 0.07692307692307693 0.05048076923076923
0 0.5625 0.6502403846153846 0.08413461538461539 0.09615384615384616
0 0.3918269230769231 0.6081730769230769 0.06971153846153846 0.09134615384615384
0 0.16346153846153846 0.5288461538461539 0.10576923076923077 0.10336538461538461
0 0.02403846153846154 0.5528846153846154 0.04807692307692308 0.09134615384615384
0 0.051682692307692304 0.7475961538461539 0.04807692307692308 0.10096153846153846
0 0.17668269230769232 0.8100961538461539 0.06009615384615385 0.06490384615384616
0 0.453125 0.7475961538461539 0.06971153846153846 0.10096153846153846
0 0.5180288461538461 0.9447115384615384 0.09615384615384616 0.07451923076923077
0 0.11538461538461539 0.08653846153846154 0.07932692307692307 0.06490384615384616
0 0.8810096153846154 0.036057692307692304 0.08413461538461539 0.07211538461538461
0 0.9074519230769231 0.19471153846153846 0.10576923076923077 0.11538461538461539
0 0.9543269230769231 0.3894230769230769 0.07932692307692307 0.07932692307692307
0 0.984375 0.4987980769230769 0.03125 0.06971153846153846
0 0.9110576923076923 0.5456730769230769 0.09615384615384616 0.08413461538461539
0 0.2620192307692308 0.20552884615384615 0.07451923076923077 0.08173076923076923
0 0.02283653846153846 0.44711538461538464 0.04567307692307692 0.057692307692307696
0 0.3173076923076923 0.28846153846153844 0.07211538461538461 0.06971153846153846
0 0.5036057692307693 0.1346153846153846 0.07932692307692307 0.07211538461538461
0 0.6045673076923077 0.8581730769230769 0.07692307692307693 0.06009615384615385
0 0.7788461538461539 0.6069711538461539 0.06971153846153846 0.09375
0 0.6310096153846154 0.6538461538461539 0.07692307692307693 0.09375
0 0.27524038461538464 0.31009615384615385 0.055288461538461536 0.052884615384615384