0 0.15985576923076922 0.09375 0.05048076923076923 0.06009615384615385
0 0.11298076923076923 0.17908653846153846 0.0625 0.09615384615384616
0 0.11177884615384616 0.4723557692307692 0.0625 0.09134615384615384
0 0.2439903846153846 0.4254807692307692 0.0889423076923077 0.10096153846153846
0 0.17548076923076922 0.5769230769230769 0.0625 0.0673076923076923
0 0.09375 0.7259615384615384 0.0889423076923077 0.1201923076923077
0 0.039663461538461536 0.8016826923076923 0.06490384615384616 0.06971153846153846
0 0.015625 0.7319711538461539 0.03125 0.07451923076923077
0 0.13942307692307693 0.7824519230769231 0.06490384615384616 0.06490384615384616
0 0.35096153846153844 0.7211538461538461 0.07211538461538461 0.07451923076923077
0 0.4423076923076923 0.6622596153846154 0.055288461538461536 0.057692307692307696
0 0.4963942307692308 0.5793269230769231 0.07932692307692307 0.08413461538461539
0 0.5661057692307693 0.5757211538461539 0.06490384615384616 0.057692307692307696
0 0.5721153846153846 0.5060096153846154 0.07451923076923077 0.07932692307692307
0 0.6802884615384616 0.46875 0.055288461538461536 0.07211538461538461
0 0.84375 0.4807692307692308 0.07211538461538461 0.08653846153846154
0 0.640625 0.7127403846153846 0.07451923076923077 0.09615384615384616
0 0.6574519230769231 0.84375 0.07451923076923077 0.07692307692307693
0 0.8557692307692307 0.8365384615384616 0.0625 0.07211538461538461
0 0.5240384615384616 0.9050480769230769 0.07692307692307693 0.09134615384615384
0 0.47716346153846156 0.9759615384615384 0.06009615384615385 0.04807692307692308
0 0.2980769230769231 0.90625 0.057692307692307696 0.0625
0 0.6526442307692307 0.35216346153846156 0.08653846153846154 0.09134615384615384
0 0.2548076923076923 0.19230769230769232 0.08173076923076923 0.08653846153846154
0 0.2776442307692308 0.2439903846153846 0.0673076923076923 0.08653846153846154