0 0.3293269230769231 0.054086538461538464 0.10096153846153846 0.10817307692307693
0 0.25600961538461536 0.0733173076923077 0.0625 0.07211538461538461
0 0.18990384615384615 0.03245192307692308 0.08173076923076923 0.06490384615384616
0 0.1814903846153846 0.18509615384615385 0.08413461538461539 0.12980769230769232
0 0.052884615384615384 0.32091346153846156 0.07692307692307693 0.13942307692307693
0 0.07451923076923077 0.5108173076923077 0.06971153846153846 0.09615384615384616
0 0.125 0.40865384615384615 0.09375 0.13701923076923078
0 0.042067307692307696 0.8197115384615384 0.08413461538461539 0.08173076923076923
0 0.27283653846153844 0.7980769230769231 0.125 0.13942307692307693
0 0.3473557692307692 0.7920673076923077 0.055288461538461536 0.11538461538461539
0 0.3786057692307692 0.8930288461538461 0.07692307692307693 0.11538461538461539
0 0.44350961538461536 0.9771634615384616 0.05048076923076923 0.04567307692307692
0 0.5805288461538461 0.8870192307692307 0.07932692307692307 0.08653846153846154
0 0.6778846153846154 0.9567307692307693 0.07211538461538461 0.08653846153846154
0 0.4639423076923077 0.26802884615384615 0.0985576923076923 0.13701923076923078
0 0.4483173076923077 0.15985576923076922 0.09375 0.07211538461538461
0 0.31850961538461536 0.5204326923076923 0.08173076923076923 0.09375
0 0.5853365384615384 0.2608173076923077 0.0985576923076923 0.09615384615384616
0 0.5576923076923077 0.08413461538461539 0.0673076923076923 0.11778846153846154
0 0.9134615384615384 0.23557692307692307 0.07451923076923077 0.125
0 0.9483173076923077 0.3629807692307692 0.0673076923076923 0.10817307692307693
0 0.8353365384615384 0.4639423076923077 0.06971153846153846 0.1346153846153846
0 0.96875 0.6610576923076923 0.03365384615384615 0.09375