0 0.5048076923076923 0.6262019230769231 0.042067307692307696 0.04326923076923077
0 0.5925480769230769 0.6682692307692307 0.040865384615384616 0.07211538461538461
0 0.5024038461538461 0.171875 0.02283653846153846 0.07692307692307693
0 0.7944711538461539 0.12259615384615384 0.057692307692307696 0.0625
0 0.9038461538461539 0.5576923076923077 0.03485576923076923 0.04447115384615385
0 0.8197115384615384 0.6430288461538461 0.02283653846153846 0.09495192307692307
0 0.8377403846153846 0.7608173076923077 0.02403846153846154 0.055288461538461536
0 0.8016826923076923 0.8930288461538461 0.019230769230769232 0.06370192307692307
0 0.8425480769230769 0.90625 0.03485576923076923 0.028846153846153848
0 0.9459134615384616 0.4639423076923077 0.037259615384615384 0.052884615384615384
0 0.7680288461538461 0.24158653846153846 0.042067307692307696 0.06370192307692307
0 0.6346153846153846 0.16947115384615385 0.03125 0.04567307692307692
0 0.6033653846153846 0.2127403846153846 0.037259615384615384 0.04807692307692308
0 0.38461538461538464 0.36778846153846156 0.025240384615384616 0.05889423076923077
0 0.3737980769230769 0.8725961538461539 0.038461538461538464 0.04447115384615385
0 0.3245192307692308 0.9495192307692307 0.040865384615384616 0.040865384615384616
0 0.5841346153846154 0.9471153846153846 0.020432692307692308 0.07932692307692307
0 0.6153846153846154 0.6165865384615384 0.020432692307692308 0.04927884615384615
0 0.6586538461538461 0.390625 0.04447115384615385 0.042067307692307696
0 0.7295673076923077 0.7800480769230769 0.038461538461538464 0.054086538461538464
0 0.7584134615384616 0.8485576923076923 0.036057692307692304 0.046875
0 0.1935096153846154 0.2764423076923077 0.036057692307692304 0.051682692307692304
0 0.171875 0.3317307692307692 0.03485576923076923 0.056490384615384616
0 0.27403846153846156 0.2620192307692308 0.037259615384615384 0.04326923076923077
0 0.30408653846153844 0.23076923076923078 0.020432692307692308 0.06490384615384616
0 0.41586538461538464 0.11899038461538461 0.04326923076923077 0.05048076923076923
0 0.3737980769230769 0.24879807692307693 0.042067307692307696 0.04447115384615385
0 0.4074519230769231 0.2692307692307692 0.036057692307692304 0.054086538461538464
0 0.34134615384615385 0.47115384615384615 0.025240384615384616 0.08052884615384616
0 0.359375 0.5084134615384616 0.042067307692307696 0.07091346153846154
0 0.4891826923076923 0.7776442307692307 0.04807692307692308 0.07932692307692307
0 0.47836538461538464 0.8557692307692307 0.027644230769230768 0.07692307692307693
0 0.47596153846153844 0.9302884615384616 0.057692307692307696 0.055288461538461536
0 0.390625 0.9411057692307693 0.038461538461538464 0.08173076923076923
0 0.6237980769230769 0.78125 0.08052884615384616 0.09615384615384616
0 0.7163461538461539 0.6862980769230769 0.03365384615384615 0.10697115384615384
0 0.7307692307692307 0.5673076923076923 0.03245192307692308 0.06971153846153846
0 0.9831730769230769 0.6117788461538461 0.03125 0.06009615384615385
0 0.9867788461538461 0.78125 0.02403846153846154 0.08173076923076923
0 0.8870192307692307 0.15745192307692307 0.036057692307692304 0.06370192307692307
0 0.5324519230769231 0.5 0.057692307692307696 0.07572115384615384