0 0.14903846153846154 0.015625 0.052884615384615384 0.03125
0 0.13701923076923078 0.04927884615384615 0.0625 0.03125
0 0.3137019230769231 0.056490384615384616 0.057692307692307696 0.06009615384615385
0 0.30649038461538464 0.11538461538461539 0.057692307692307696 0.07211538461538461
0 0.24278846153846154 0.057692307692307696 0.05048076923076923 0.06490384615384616
0 0.3088942307692308 0.3701923076923077 0.04807692307692308 0.07692307692307693
0 0.33653846153846156 0.37740384615384615 0.036057692307692304 0.0673076923076923
0 0.38461538461538464 0.3425480769230769 0.057692307692307696 0.07692307692307693
0 0.45913461538461536 0.4891826923076923 0.06490384615384616 0.07211538461538461
0 0.4230769230769231 0.6069711538461539 0.055288461538461536 0.0985576923076923
0 0.36177884615384615 0.6862980769230769 0.04567307692307692 0.05048076923076923
0 0.3545673076923077 0.7223557692307693 0.04807692307692308 0.052884615384615384
0 0.32091346153846156 0.6117788461538461 0.08173076923076923 0.07451923076923077
0 0.21514423076923078 0.5408653846153846 0.06009615384615385 0.06971153846153846
0 0.21394230769230768 0.6826923076923077 0.07451923076923077 0.10336538461538461
0 0.12379807692307693 0.5793269230769231 0.052884615384615384 0.06490384615384616
0 0.020432692307692308 0.7247596153846154 0.040865384615384616 0.06009615384615385
0 0.01201923076923077 0.7824519230769231 0.02403846153846154 0.06490384615384616
0 0.06370192307692307 0.7463942307692307 0.038461538461538464 0.04326923076923077
0 0.1310096153846154 0.8389423076923077 0.06971153846153846 0.07211538461538461
0 0.4879807692307692 0.6959134615384616 0.057692307692307696 0.08413461538461539
0 0.5132211538461539 0.7632211538461539 0.05048076923076923 0.07451923076923077
0 0.5757211538461539 0.6923076923076923 0.05048076923076923 0.10336538461538461
0 0.6021634615384616 0.7403846153846154 0.057692307692307696 0.08413461538461539
0 0.5625 0.8209134615384616 0.057692307692307696 0.07932692307692307
0 0.6081730769230769 0.8786057692307693 0.052884615384615384 0.07211538461538461
0 0.6826923076923077 0.5492788461538461 0.055288461538461536 0.08653846153846154
0 0.7596153846153846 0.5180288461538461 0.07451923076923077 0.10576923076923077
0 0.8076923076923077 0.43028846153846156 0.07211538461538461 0.09615384615384616
0 0.7451923076923077 0.33774038461538464 0.07692307692307693 0.08413461538461539
0 0.6430288461538461 0.13942307692307693 0.052884615384615384 0.0889423076923077
0 0.9663461538461539 0.08533653846153846 0.0673076923076923 0.04567307692307692
0 0.8521634615384616 0.25 0.052884615384615384 0.09375