0 0.20673076923076922 0.25961538461538464 0.054086538461538464 0.042067307692307696
0 0.31009615384615385 0.33653846153846156 0.06490384615384616 0.052884615384615384
0 0.23197115384615385 0.4254807692307692 0.042067307692307696 0.03125
0 0.1201923076923077 0.44471153846153844 0.07572115384615384 0.07211538461538461
0 0.3918269230769231 0.515625 0.057692307692307696 0.030048076923076924
0 0.47115384615384615 0.5060096153846154 0.02403846153846154 0.05048076923076923
0 0.5588942307692307 0.36538461538461536 0.040865384615384616 0.056490384615384616
0 0.6875 0.2692307692307692 0.052884615384615384 0.0829326923076923
0 0.8233173076923077 0.234375 0.055288461538461536 0.06129807692307692
0 0.7391826923076923 0.07211538461538461 0.0673076923076923 0.07451923076923077
0 0.4362980769230769 0.030048076923076924 0.04807692307692308 0.04567307692307692
0 0.16466346153846154 0.03245192307692308 0.052884615384615384 0.036057692307692304
0 0.3786057692307692 0.21995192307692307 0.0733173076923077 0.04807692307692308
0 0.6033653846153846 0.4891826923076923 0.04567307692307692 0.025240384615384616
0 0.18990384615384615 0.546875 0.08533653846153846 0.05889423076923077
0 0.2668269230769231 0.59375 0.052884615384615384 0.057692307692307696
0 0.32211538461538464 0.5649038461538461 0.04567307692307692 0.039663461538461536
0 0.4387019230769231 0.5817307692307693 0.046875 0.037259615384615384
0 0.375 0.5588942307692307 0.057692307692307696 0.04567307692307692
0 0.765625 0.6502403846153846 0.036057692307692304 0.05048076923076923
0 0.8293269230769231 0.6574519230769231 0.038461538461538464 0.039663461538461536
0 0.6826923076923077 0.9002403846153846 0.0673076923076923 0.052884615384615384
0 0.9579326923076923 0.8473557692307693 0.054086538461538464 0.06009615384615385
0 0.7692307692307693 0.8533653846153846 0.03125 0.055288461538461536
0 0.22115384615384615 0.8100961538461539 0.046875 0.04326923076923077
0 0.37740384615384615 0.052884615384615384 0.039663461538461536 0.04447115384615385
0 0.32211538461538464 0.41225961538461536 0.042067307692307696 0.04807692307692308
0 0.45072115384615385 0.7223557692307693 0.04326923076923077 0.04326923076923077
0 0.6189903846153846 0.4074519230769231 0.030048076923076924 0.052884615384615384