0 0.007211538461538462 0.42427884615384615 0.014423076923076924 0.06971153846153846
0 0.028846153846153848 0.4879807692307692 0.057692307692307696 0.057692307692307696
0 0.03245192307692308 0.5925480769230769 0.06490384615384616 0.09375
0 0.01201923076923077 0.5432692307692307 0.02403846153846154 0.10096153846153846
0 0.12379807692307693 0.5805288461538461 0.06971153846153846 0.08173076923076923
0 0.2091346153846154 0.609375 0.057692307692307696 0.06009615384615385
0 0.32572115384615385 0.7776442307692307 0.0625 0.06971153846153846
0 0.3786057692307692 0.8125 0.057692307692307696 0.0625
0 0.16706730769230768 0.7956730769230769 0.08173076923076923 0.07692307692307693
0 0.48197115384615385 0.8713942307692307 0.052884615384615384 0.06009615384615385
0 0.5408653846153846 0.8149038461538461 0.05048076923076923 0.06490384615384616
0 0.5084134615384616 0.7608173076923077 0.10576923076923077 0.11057692307692307
0 0.5901442307692307 0.859375 0.09134615384615384 0.0985576923076923
0 0.6466346153846154 0.9579326923076923 0.07211538461538461 0.07692307692307693
0 0.765625 0.8329326923076923 0.07451923076923077 0.08413461538461539
0 0.8701923076923077 0.84375 0.04567307692307692 0.040865384615384616
0 0.8713942307692307 0.6466346153846154 0.08173076923076923 0.0985576923076923
0 0.9807692307692307 0.6502403846153846 0.038461538461538464 0.05048076923076923
0 0.9939903846153846 0.6983173076923077 0.01201923076923077 0.06490384615384616
0 0.8161057692307693 0.48677884615384615 0.09134615384615384 0.0985576923076923
0 0.7199519230769231 0.4963942307692308 0.07692307692307693 0.07692307692307693
0 0.6478365384615384 0.31009615384615385 0.07451923076923077 0.08173076923076923
0 0.4110576923076923 0.34375 0.06490384615384616 0.0673076923076923
0 0.19591346153846154 0.22235576923076922 0.07451923076923077 0.08413461538461539
0 0.6045673076923077 0.042067307692307696 0.08173076923076923 0.08413461538461539
0 0.6742788461538461 0.14302884615384615 0.0673076923076923 0.07932692307692307
0 0.7752403846153846 0.140625 0.07211538461538461 0.06971153846153846
0 0.8713942307692307 0.25841346153846156 0.08173076923076923 0.09375
0 0.8473557692307693 0.39903846153846156 0.07692307692307693 0.08173076923076923
0 0.9399038461538461 0.5 0.06009615384615385 0.06009615384615385
0 0.9747596153846154 0.49399038461538464 0.05048076923076923 0.07451923076923077
0 0.9483173076923077 0.5612980769230769 0.07692307692307693 0.07932692307692307