0 0.22596153846153846 0.3545673076923077 0.0889423076923077 0.08413461538461539
0 0.037259615384615384 0.45552884615384615 0.07451923076923077 0.07932692307692307
0 0.0985576923076923 0.46033653846153844 0.07932692307692307 0.09375
0 0.16826923076923078 0.5564903846153846 0.057692307692307696 0.0673076923076923
0 0.18870192307692307 0.6346153846153846 0.07932692307692307 0.07451923076923077
0 0.2512019230769231 0.6045673076923077 0.08173076923076923 0.08173076923076923
0 0.26802884615384615 0.6778846153846154 0.08413461538461539 0.07211538461538461
0 0.3701923076923077 0.5973557692307693 0.08413461538461539 0.09375
0 0.40865384615384615 0.5288461538461539 0.07211538461538461 0.10096153846153846
0 0.24759615384615385 0.47115384615384615 0.07692307692307693 0.07932692307692307
0 0.15504807692307693 0.35336538461538464 0.052884615384615384 0.06009615384615385
0 0.40024038461538464 0.36177884615384615 0.057692307692307696 0.0625
0 0.4387019230769231 0.390625 0.0673076923076923 0.07451923076923077
0 0.5348557692307693 0.39302884615384615 0.0889423076923077 0.09615384615384616
0 0.5216346153846154 0.3269230769230769 0.06971153846153846 0.0889423076923077
0 0.42788461538461536 0.21514423076923078 0.07932692307692307 0.07451923076923077
0 0.36538461538461536 0.2512019230769231 0.07451923076923077 0.06971153846153846
0 0.23197115384615385 0.20552884615384615 0.05048076923076923 0.07692307692307693
0 0.5228365384615384 0.07572115384615384 0.09375 0.11057692307692307
0 0.6021634615384616 0.06370192307692307 0.0625 0.07932692307692307
0 0.5925480769230769 0.28365384615384615 0.055288461538461536 0.0625
0 0.7163461538461539 0.4879807692307692 0.10576923076923077 0.10336538461538461
0 0.6358173076923077 0.5973557692307693 0.10096153846153846 0.0985576923076923
0 0.4891826923076923 0.640625 0.06009615384615385 0.06490384615384616
0 0.5168269230769231 0.7800480769230769 0.07451923076923077 0.07692307692307693
0 0.453125 0.8317307692307693 0.10336538461538461 0.0889423076923077
0 0.20432692307692307 0.9110576923076923 0.06971153846153846 0.07692307692307693
0 0.3076923076923077 0.9483173076923077 0.11538461538461539 0.10336538461538461
0 0.44471153846153844 0.9699519230769231 0.08173076923076923 0.06009615384615385
0 0.7103365384615384 0.75 0.10576923076923077 0.11778846153846154
0 0.7439903846153846 0.6766826923076923 0.0985576923076923 0.0985576923076923
0 0.26322115384615385 0.07451923076923077 0.07451923076923077 0.055288461538461536
0 0.06610576923076923 0.16466346153846154 0.0889423076923077 0.06490384615384616
0 0.5564903846153846 0.9711538461538461 0.07451923076923077 0.057692307692307696
0 0.6911057692307693 0.2608173076923077 0.0673076923076923 0.10096153846153846
0 0.7896634615384616 0.296875 0.10817307692307693 0.10576923076923077
0 0.8846153846153846 0.46875 0.08173076923076923 0.09134615384615384
0 0.9302884615384616 0.4014423076923077 0.0889423076923077 0.11298076923076923
0 0.7680288461538461 0.13701923076923078 0.06971153846153846 0.10096153846153846
0 0.4170673076923077 0.021634615384615384 0.06009615384615385 0.04326923076923077
0 0.3737980769230769 0.1971153846153846 0.07451923076923077 0.06490384615384616
0 0.5180288461538461 0.22956730769230768 0.09615384615384616 0.11778846153846154
0 0.38221153846153844 0.5516826923076923 0.04567307692307692 0.08413461538461539
0 0.6899038461538461 0.1875 0.0625 0.08173076923076923
0 0.6646634615384616 0.13341346153846154 0.06490384615384616 0.0625
0 0.6550480769230769 0.9266826923076923 0.0889423076923077 0.10817307692307693