0 0.36778846153846156 0.6033653846153846 0.04807692307692308 0.04326923076923077
0 0.11899038461538461 0.41346153846153844 0.057692307692307696 0.04326923076923077
0 0.44711538461538464 0.5324519230769231 0.036057692307692304 0.06009615384615385
0 0.06610576923076923 0.5841346153846154 0.06490384615384616 0.0673076923076923
0 0.1045673076923077 0.7295673076923077 0.0625 0.06971153846153846
0 0.5745192307692307 0.4567307692307692 0.038461538461538464 0.07692307692307693
0 0.7055288461538461 0.0889423076923077 0.05048076923076923 0.0673076923076923
0 0.8449519230769231 0.12740384615384615 0.038461538461538464 0.057692307692307696
0 0.9050480769230769 0.16346153846153846 0.052884615384615384 0.06490384615384616
0 0.6153846153846154 0.9338942307692307 0.06009615384615385 0.07932692307692307
0 0.28365384615384615 0.4567307692307692 0.05048076923076923 0.06490384615384616
0 0.3545673076923077 0.5132211538461539 0.052884615384615384 0.052884615384615384
0 0.4387019230769231 0.4387019230769231 0.04326923076923077 0.07451923076923077
0 0.14903846153846154 0.5841346153846154 0.036057692307692304 0.06971153846153846
0 0.03125 0.6502403846153846 0.04567307692307692 0.11057692307692307
0 0.43990384615384615 0.8990384615384616 0.06009615384615385 0.09134615384615384
0 0.38100961538461536 0.9759615384615384 0.06009615384615385 0.04807692307692308
0 0.5276442307692307 0.5949519230769231 0.057692307692307696 0.09615384615384616
0 0.45552884615384615 0.6262019230769231 0.052884615384615384 0.0673076923076923
0 0.8641826923076923 0.9254807692307693 0.057692307692307696 0.07211538461538461
0 0.9639423076923077 0.3629807692307692 0.057692307692307696 0.11538461538461539
0 0.9146634615384616 0.2668269230769231 0.04326923076923077 0.0673076923076923
0 0.8665865384615384 0.2439903846153846 0.036057692307692304 0.06490384615384616
0 0.7788461538461539 0.03365384615384615 0.04807692307692308 0.0673076923076923
0 0.8149038461538461 0.030048076923076924 0.04326923076923077 0.06009615384615385
0 0.953125 0.21394230769230768 0.038461538461538464 0.0625
0 0.5757211538461539 0.02283653846153846 0.04567307692307692 0.04567307692307692
0 0.48677884615384615 0.4519230769230769 0.057692307692307696 0.07451923076923077