0 0.43509615384615385 0.3088942307692308 0.06490384615384616 0.09615384615384616
0 0.33533653846153844 0.17668269230769232 0.0673076923076923 0.06009615384615385
0 0.25841346153846156 0.13822115384615385 0.06490384615384616 0.08173076923076923
0 0.10697115384615384 0.23197115384615385 0.052884615384615384 0.08653846153846154
0 0.109375 0.11899038461538461 0.04567307692307692 0.06490384615384616
0 0.14783653846153846 0.6610576923076923 0.07451923076923077 0.055288461538461536
0 0.38100961538461536 0.8581730769230769 0.06490384615384616 0.06971153846153846
0 0.4182692307692308 0.7199519230769231 0.06971153846153846 0.08173076923076923
0 0.5925480769230769 0.6370192307692307 0.07932692307692307 0.10817307692307693
0 0.9002403846153846 0.5360576923076923 0.07211538461538461 0.0889423076923077
0 0.6538461538461539 0.6694711538461539 0.055288461538461536 0.06490384615384616
0 0.8137019230769231 0.8257211538461539 0.06490384615384616 0.09375
0 0.5288461538461539 0.27283653846153844 0.06971153846153846 0.08173076923076923
0 0.546875 0.08533653846153846 0.07692307692307693 0.07451923076923077
0 0.039663461538461536 0.6766826923076923 0.06009615384615385 0.06971153846153846
0 0.13581730769230768 0.8461538461538461 0.07211538461538461 0.06971153846153846
0 0.921875 0.6838942307692307 0.06490384615384616 0.055288461538461536
0 0.9290865384615384 0.6334134615384616 0.04567307692307692 0.057692307692307696
0 0.7463942307692307 0.25961538461538464 0.05048076923076923 0.06009615384615385
0 0.3016826923076923 0.8137019230769231 0.07211538461538461 0.07932692307692307
0 0.12139423076923077 0.7860576923076923 0.06971153846153846 0.09134615384615384
0 0.109375 0.7367788461538461 0.05048076923076923 0.06009615384615385
0 0.014423076923076924 0.5745192307692307 0.028846153846153848 0.07211538461538461
0 0.23677884615384615 0.3701923076923077 0.06009615384615385 0.0673076923076923
0 0.328125 0.3004807692307692 0.07211538461538461 0.10817307692307693
0 0.35096153846153844 0.3401442307692308 0.0625 0.06490384615384616
0 0.8209134615384616 0.5612980769230769 0.06971153846153846 0.11778846153846154
0 0.014423076923076924 0.7704326923076923 0.028846153846153848 0.12259615384615384
0 0.44471153846153844 0.8413461538461539 0.125 0.15865384615384615
0 0.5096153846153846 0.8677884615384616 0.09134615384615384 0.14423076923076922
0 0.5600961538461539 0.7800480769230769 0.06971153846153846 0.09134615384615384
0 0.8317307692307693 0.2620192307692308 0.04567307692307692 0.07451923076923077
0 0.5144230769230769 0.3870192307692308 0.055288461538461536 0.06971153846153846