0 0.7247596153846154 0.5372596153846154 0.08653846153846154 0.09375
0 0.7512019230769231 0.4411057692307692 0.06009615384615385 0.07692307692307693
0 0.8858173076923077 0.5865384615384616 0.07692307692307693 0.07692307692307693
0 0.9230769230769231 0.5216346153846154 0.06009615384615385 0.07451923076923077
0 0.9735576923076923 0.5817307692307693 0.052884615384615384 0.07692307692307693
0 0.8677884615384616 0.35096153846153844 0.09134615384615384 0.08653846153846154
0 0.6995192307692307 0.10096153846153846 0.08173076923076923 0.08173076923076923
0 0.4795673076923077 0.8810096153846154 0.07692307692307693 0.07692307692307693
0 0.6009615384615384 0.9158653846153846 0.07932692307692307 0.08653846153846154
0 0.5384615384615384 0.9903846153846154 0.0673076923076923 0.019230769230769232
0 0.31971153846153844 0.8088942307692307 0.06009615384615385 0.06009615384615385
0 0.6466346153846154 0.38341346153846156 0.06971153846153846 0.06009615384615385
0 0.5600961538461539 0.328125 0.0673076923076923 0.07211538461538461
0 0.4723557692307692 0.7704326923076923 0.07692307692307693 0.08653846153846154
0 0.39302884615384615 0.9110576923076923 0.08173076923076923 0.10817307692307693
0 0.5540865384615384 0.8293269230769231 0.12259615384615384 0.12259615384615384
0 0.5264423076923077 0.96875 0.0673076923076923 0.0625
0 0.8125 0.7043269230769231 0.06490384615384616 0.09134615384615384
0 0.4206730769230769 0.18389423076923078 0.09134615384615384 0.1201923076923077
0 0.6117788461538461 0.021634615384615384 0.07451923076923077 0.04326923076923077
0 0.7752403846153846 0.23197115384615385 0.08653846153846154 0.11298076923076923
0 0.7572115384615384 0.11899038461538461 0.10096153846153846 0.1201923076923077
0 0.9507211538461539 0.6706730769230769 0.0889423076923077 0.08173076923076923
0 0.9543269230769231 0.7259615384615384 0.07692307692307693 0.08653846153846154