0 0.16346153846153846 0.4963942307692308 0.05048076923076923 0.055288461538461536
0 0.328125 0.3088942307692308 0.04807692307692308 0.04807692307692308
0 0.3894230769230769 0.30408653846153844 0.040865384615384616 0.052884615384615384
0 0.4639423076923077 0.5372596153846154 0.038461538461538464 0.040865384615384616
0 0.31850961538461536 0.4807692307692308 0.036057692307692304 0.038461538461538464
0 0.1875 0.3918269230769231 0.04807692307692308 0.038461538461538464
0 0.28125 0.11658653846153846 0.055288461538461536 0.06009615384615385
0 0.5576923076923077 0.14903846153846154 0.04326923076923077 0.040865384615384616
0 0.6514423076923077 0.20432692307692307 0.03365384615384615 0.026442307692307692
0 0.6706730769230769 0.49038461538461536 0.052884615384615384 0.05048076923076923
0 0.9831730769230769 0.59375 0.03365384615384615 0.04807692307692308
0 0.5721153846153846 0.9290865384615384 0.04807692307692308 0.055288461538461536
0 0.5288461538461539 0.6778846153846154 0.038461538461538464 0.036057692307692304
0 0.39903846153846156 0.7079326923076923 0.04807692307692308 0.04567307692307692
0 0.29927884615384615 0.6742788461538461 0.04807692307692308 0.04807692307692308
0 0.12740384615384615 0.44591346153846156 0.052884615384615384 0.057692307692307696
0 0.18509615384615385 0.30528846153846156 0.06971153846153846 0.07211538461538461
0 0.8894230769230769 0.7764423076923077 0.052884615384615384 0.052884615384615384
0 0.7139423076923077 0.84375 0.052884615384615384 0.055288461538461536
0 0.28966346153846156 0.43028846153846156 0.04807692307692308 0.057692307692307696
0 0.2512019230769231 0.2800480769230769 0.05048076923076923 0.052884615384615384
0 0.6021634615384616 0.6382211538461539 0.06009615384615385 0.0673076923076923
0 0.5721153846153846 0.5733173076923077 0.04807692307692308 0.0625
0 0.4723557692307692 0.6081730769230769 0.052884615384615384 0.052884615384615384
0 0.23197115384615385 0.6334134615384616 0.07451923076923077 0.08653846153846154
0 0.21153846153846154 0.5324519230769231 0.055288461538461536 0.06490384615384616
0 0.19951923076923078 0.4963942307692308 0.04567307692307692 0.055288461538461536
0 0.06370192307692307 0.5072115384615384 0.04567307692307692 0.04567307692307692
0 0.01201923076923077 0.5588942307692307 0.02403846153846154 0.04567307692307692
0 0.052884615384615384 0.6826923076923077 0.06009615384615385 0.057692307692307696
0 0.009615384615384616 0.6069711538461539 0.019230769230769232 0.06971153846153846
0 0.5396634615384616 0.8425480769230769 0.0625 0.07211538461538461
0 0.7608173076923077 0.9314903846153846 0.08413461538461539 0.09615384615384616
0 0.5985576923076923 0.7487980769230769 0.04807692307692308 0.055288461538461536
0 0.7259615384615384 0.47475961538461536 0.0673076923076923 0.08653846153846154
0 0.7704326923076923 0.2920673076923077 0.0625 0.07211538461538461
0 0.7163461538461539 0.23197115384615385 0.057692307692307696 0.0625
0 0.4855769230769231 0.6802884615384616 0.055288461538461536 0.0673076923076923
0 0.3701923076923077 0.5324519230769231 0.040865384615384616 0.04567307692307692
0 0.39903846153846156 0.4230769230769231 0.05048076923076923 0.0625
0 0.41586538461538464 0.36538461538461536 0.055288461538461536 0.06971153846153846
0 0.4855769230769231 0.359375 0.052884615384615384 0.055288461538461536
0 0.29447115384615385 0.019230769230769232 0.06009615384615385 0.038461538461538464
0 0.2764423076923077 0.04927884615384615 0.038461538461538464 0.057692307692307696
0 0.4951923076923077 0.11538461538461539 0.057692307692307696 0.06490384615384616
0 0.3737980769230769 0.12620192307692307 0.04807692307692308 0.055288461538461536
0 0.296875 0.24278846153846154 0.03125 0.036057692307692304
0 0.1875 0.36177884615384615 0.040865384615384616 0.04567307692307692