0 0.5 0.5841346153846154 0.11538461538461539 0.11298076923076923
0 0.3786057692307692 0.10817307692307693 0.09615384615384616 0.09615384615384616
0 0.5564903846153846 0.05889423076923077 0.11298076923076923 0.11778846153846154
0 0.8557692307692307 0.3942307692307692 0.12980769230769232 0.1346153846153846
0 0.5276442307692307 0.3137019230769231 0.09615384615384616 0.0985576923076923
0 0.33533653846153844 0.027644230769230768 0.06971153846153846 0.055288461538461536
0 0.4014423076923077 0.7620192307692307 0.0985576923076923 0.09615384615384616
0 0.5841346153846154 0.6358173076923077 0.11778846153846154 0.1201923076923077
0 0.5108173076923077 0.7415865384615384 0.12259615384615384 0.125
0 0.6911057692307693 0.4951923076923077 0.12740384615384615 0.12740384615384615
0 0.6129807692307693 0.4266826923076923 0.125 0.13221153846153846
0 0.7151442307692307 0.14543269230769232 0.20432692307692307 0.2091346153846154
0 0.28125 0.4579326923076923 0.20432692307692307 0.21634615384615385