0 0.04807692307692308 0.16466346153846154 0.028846153846153848 0.06490384615384616
0 0.25721153846153844 0.23557692307692307 0.08653846153846154 0.0625
0 0.23317307692307693 0.3713942307692308 0.055288461538461536 0.0625
0 0.30408653846153844 0.453125 0.06009615384615385 0.052884615384615384
0 0.14182692307692307 0.4723557692307692 0.06490384615384616 0.06490384615384616
0 0.23197115384615385 0.5997596153846154 0.052884615384615384 0.07451923076923077
0 0.2932692307692308 0.6045673076923077 0.06971153846153846 0.07692307692307693
0 0.18389423076923078 0.6971153846153846 0.038461538461538464 0.08413461538461539
0 0.07572115384615384 0.7415865384615384 0.07211538461538461 0.08413461538461539
0 0.013221153846153846 0.6899038461538461 0.026442307692307692 0.04807692307692308
0 0.003605769230769231 0.6069711538461539 0.007211538461538462 0.07932692307692307
0 0.015625 0.9194711538461539 0.03125 0.05048076923076923
0 0.10216346153846154 0.8569711538461539 0.05048076923076923 0.06490384615384616
0 0.15625 0.8665865384615384 0.055288461538461536 0.08653846153846154
0 0.21033653846153846 0.8713942307692307 0.052884615384615384 0.07451923076923077
0 0.12860576923076922 0.9206730769230769 0.0625 0.06971153846153846
0 0.4110576923076923 0.9050480769230769 0.09615384615384616 0.10576923076923077
0 0.41466346153846156 0.7139423076923077 0.057692307692307696 0.06971153846153846
0 0.41947115384615385 0.6646634615384616 0.06009615384615385 0.04807692307692308
0 0.37740384615384615 0.5276442307692307 0.057692307692307696 0.0625
0 0.5072115384615384 0.43509615384615385 0.0625 0.0625
0 0.44711538461538464 0.33774038461538464 0.07692307692307693 0.07692307692307693
0 0.53125 0.2620192307692308 0.052884615384615384 0.06490384615384616
0 0.6826923076923077 0.5072115384615384 0.06490384615384616 0.07692307692307693
0 0.8377403846153846 0.34615384615384615 0.057692307692307696 0.06971153846153846
0 0.8125 0.5288461538461539 0.040865384615384616 0.04326923076923077
0 0.8521634615384616 0.640625 0.0625 0.06490384615384616
0 0.8076923076923077 0.6153846153846154 0.052884615384615384 0.0625
0 0.7271634615384616 0.5985576923076923 0.08413461538461539 0.04567307692307692
0 0.7211538461538461 0.6466346153846154 0.0625 0.0673076923076923
0 0.6526442307692307 0.7379807692307693 0.055288461538461536 0.06490384615384616
0 0.5829326923076923 0.7776442307692307 0.052884615384615384 0.08653846153846154
0 0.796875 0.9579326923076923 0.0625 0.07692307692307693
0 0.9110576923076923 0.8870192307692307 0.0625 0.10817307692307693
0 0.8389423076923077 0.9471153846153846 0.03125 0.0625