0 0.3798076923076923 0.6826923076923077 0.0985576923076923 0.10817307692307693
0 0.296875 0.8149038461538461 0.08173076923076923 0.08653846153846154
0 0.3112980769230769 0.9651442307692307 0.06490384615384616 0.06971153846153846
0 0.2608173076923077 0.9783653846153846 0.07451923076923077 0.04326923076923077
0 0.5733173076923077 0.6754807692307693 0.09134615384615384 0.06971153846153846
0 0.6862980769230769 0.6081730769230769 0.0985576923076923 0.10817307692307693
0 0.7439903846153846 0.4831730769230769 0.10817307692307693 0.12980769230769232
0 0.7908653846153846 0.3870192307692308 0.07451923076923077 0.10336538461538461
0 0.7848557692307693 0.8665865384615384 0.08413461538461539 0.10576923076923077
0 0.7247596153846154 0.8954326923076923 0.0985576923076923 0.0889423076923077
0 0.44350961538461536 0.8629807692307693 0.10096153846153846 0.0889423076923077
0 0.6117788461538461 0.9435096153846154 0.10817307692307693 0.11298076923076923
0 0.6081730769230769 0.1045673076923077 0.09134615384615384 0.11057692307692307
0 0.5528846153846154 0.46875 0.07451923076923077 0.10096153846153846
0 0.4831730769230769 0.38822115384615385 0.10336538461538461 0.10096153846153846
0 0.3401442307692308 0.4182692307692308 0.10576923076923077 0.10336538461538461
0 0.2512019230769231 0.5552884615384616 0.0889423076923077 0.11298076923076923
0 0.22235576923076922 0.2980769230769231 0.09134615384615384 0.11057692307692307
0 0.6177884615384616 0.05048076923076923 0.14423076923076922 0.10096153846153846
0 0.7788461538461539 0.027644230769230768 0.08653846153846154 0.055288461538461536
0 0.7764423076923077 0.3004807692307692 0.0889423076923077 0.11778846153846154
0 0.7524038461538461 0.41225961538461536 0.06971153846153846 0.10336538461538461
0 0.9855769230769231 0.6442307692307693 0.028846153846153848 0.15865384615384615
0 0.9675480769230769 0.6959134615384616 0.06490384615384616 0.13221153846153846