0 0.018028846153846152 0.30288461538461536 0.036057692307692304 0.07211538461538461
0 0.09735576923076923 0.22355769230769232 0.08173076923076923 0.07692307692307693
0 0.22596153846153846 0.15865384615384615 0.08653846153846154 0.07932692307692307
0 0.4182692307692308 0.1141826923076923 0.07692307692307693 0.08173076923076923
0 0.41947115384615385 0.1814903846153846 0.0889423076923077 0.07932692307692307
0 0.2668269230769231 0.3581730769230769 0.10096153846153846 0.11298076923076923
0 0.16947115384615385 0.37259615384615385 0.11057692307692307 0.11298076923076923
0 0.038461538461538464 0.5192307692307693 0.07692307692307693 0.11057692307692307
0 0.11778846153846154 0.6358173076923077 0.10817307692307693 0.10817307692307693
0 0.27524038461538464 0.5817307692307693 0.06971153846153846 0.07932692307692307
0 0.33653846153846156 0.5997596153846154 0.06490384615384616 0.06009615384615385
0 0.5288461538461539 0.4987980769230769 0.055288461538461536 0.06009615384615385
0 0.5841346153846154 0.49278846153846156 0.06971153846153846 0.06971153846153846
0 0.5853365384615384 0.5300480769230769 0.057692307692307696 0.04567307692307692
0 0.6358173076923077 0.5564903846153846 0.08653846153846154 0.08173076923076923
0 0.7019230769230769 0.6153846153846154 0.06490384615384616 0.07451923076923077
0 0.7331730769230769 0.7487980769230769 0.0625 0.06009615384615385
0 0.5757211538461539 0.7055288461538461 0.09375 0.0889423076923077
0 0.5012019230769231 0.75 0.0889423076923077 0.10096153846153846
0 0.4795673076923077 0.8689903846153846 0.08173076923076923 0.09134615384615384
0 0.3605769230769231 0.953125 0.10096153846153846 0.09375
0 0.5492788461538461 0.9627403846153846 0.10336538461538461 0.07451923076923077
0 0.6814903846153846 0.90625 0.07932692307692307 0.09134615384615384
0 0.8161057692307693 0.8641826923076923 0.08173076923076923 0.07692307692307693
0 0.9447115384615384 0.7560096153846154 0.10576923076923077 0.10817307692307693
0 0.9387019230769231 0.640625 0.09134615384615384 0.10096153846153846
0 0.9230769230769231 0.5817307692307693 0.09134615384615384 0.09134615384615384
0 0.9314903846153846 0.3629807692307692 0.09375 0.0889423076923077
0 0.9927884615384616 0.41346153846153844 0.014423076923076924 0.08173076923076923
0 0.921875 0.2608173076923077 0.0625 0.07932692307692307
0 0.8365384615384616 0.16466346153846154 0.08653846153846154 0.09375
0 0.7620192307692307 0.17307692307692307 0.09615384615384616 0.0985576923076923
0 0.6165865384615384 0.14543269230769232 0.07211538461538461 0.07211538461538461
0 0.5925480769230769 0.2704326923076923 0.07211538461538461 0.08413461538461539
0 0.7127403846153846 0.04807692307692308 0.10817307692307693 0.09615384615384616
0 0.7199519230769231 0.09254807692307693 0.08413461538461539 0.07692307692307693
0 0.7427884615384616 0.009615384615384616 0.08173076923076923 0.019230769230769232
0 0.8713942307692307 0.3858173076923077 0.08653846153846154 0.09134615384615384
0 0.41225961538461536 0.05889423076923077 0.09134615384615384 0.09375
0 0.32211538461538464 0.4375 0.09375 0.09134615384615384