0 0.5973557692307693 0.7127403846153846 0.1346153846153846 0.1466346153846154
0 0.41586538461538464 0.7091346153846154 0.11057692307692307 0.12740384615384615
0 0.3269230769230769 0.47115384615384615 0.11778846153846154 0.14182692307692307
0 0.22716346153846154 0.5324519230769231 0.07692307692307693 0.08173076923076923
0 0.27884615384615385 0.9435096153846154 0.11778846153846154 0.057692307692307696
0 0.6009615384615384 0.9603365384615384 0.11057692307692307 0.07932692307692307
0 0.0625 0.6358173076923077 0.10817307692307693 0.1201923076923077
0 0.29086538461538464 0.6634615384615384 0.10336538461538461 0.10096153846153846
0 0.8329326923076923 0.23677884615384615 0.10096153846153846 0.12259615384615384
0 0.47475961538461536 0.4879807692307692 0.07451923076923077 0.0985576923076923
0 0.35216346153846156 0.8701923076923077 0.09375 0.15144230769230768
0 0.6911057692307693 0.9783653846153846 0.10336538461538461 0.04326923076923077
0 0.8822115384615384 0.9483173076923077 0.052884615384615384 0.10096153846153846
0 0.16947115384615385 0.8798076923076923 0.09134615384615384 0.08173076923076923
0 0.11177884615384616 0.8509615384615384 0.07451923076923077 0.1201923076923077
0 0.02283653846153846 0.5072115384615384 0.04567307692307692 0.125