0 0.38341346153846156 0.46634615384615385 0.07692307692307693 0.07932692307692307
0 0.35216346153846156 0.3858173076923077 0.06971153846153846 0.07932692307692307
0 0.3245192307692308 0.5528846153846154 0.04567307692307692 0.0625
0 0.18629807692307693 0.640625 0.036057692307692304 0.04326923076923077
0 0.10336538461538461 0.6129807692307693 0.0673076923076923 0.0673076923076923
0 0.09735576923076923 0.7043269230769231 0.06009615384615385 0.0673076923076923
0 0.2403846153846154 0.8233173076923077 0.05048076923076923 0.057692307692307696
0 0.3762019230769231 0.8413461538461539 0.07211538461538461 0.08173076923076923
0 0.4519230769230769 0.8413461538461539 0.04807692307692308 0.0625
0 0.6057692307692307 0.6850961538461539 0.04807692307692308 0.05048076923076923
0 0.5769230769230769 0.5685096153846154 0.057692307692307696 0.055288461538461536
0 0.4735576923076923 0.5504807692307693 0.05048076923076923 0.06490384615384616
0 0.484375 0.5204326923076923 0.036057692307692304 0.06490384615384616
0 0.5132211538461539 0.5 0.04326923076923077 0.052884615384615384
0 0.47475961538461536 0.3581730769230769 0.06009615384615385 0.052884615384615384
0 0.1935096153846154 0.23076923076923078 0.07692307692307693 0.09615384615384616
0 0.11899038461538461 0.3137019230769231 0.04326923076923077 0.04567307692307692
0 0.28966346153846156 0.37259615384615385 0.0625 0.07692307692307693
0 0.4543269230769231 0.22716346153846154 0.06009615384615385 0.055288461538461536
0 0.49759615384615385 0.23557692307692307 0.052884615384615384 0.04807692307692308
0 0.45913461538461536 0.2692307692307692 0.05048076923076923 0.05048076923076923
0 0.5685096153846154 0.30649038461538464 0.07451923076923077 0.07211538461538461
0 0.5829326923076923 0.3713942307692308 0.07692307692307693 0.07692307692307693
0 0.640625 0.27283653846153844 0.0625 0.06009615384615385
0 0.5348557692307693 0.0829326923076923 0.04567307692307692 0.05048076923076923
0 0.5697115384615384 0.1045673076923077 0.03125 0.03125
0 0.4651442307692308 0.07091346153846154 0.036057692307692304 0.036057692307692304
0 0.4387019230769231 0.042067307692307696 0.040865384615384616 0.028846153846153848
0 0.35697115384615385 0.09254807692307693 0.05048076923076923 0.04807692307692308
0 0.34134615384615385 0.13581730769230768 0.0625 0.06009615384615385
0 0.3233173076923077 0.21033653846153846 0.055288461538461536 0.055288461538461536
0 0.33413461538461536 0.2536057692307692 0.04807692307692308 0.057692307692307696
0 0.09134615384615384 0.14543269230769232 0.04326923076923077 0.04567307692307692
0 0.026442307692307692 0.33052884615384615 0.052884615384615384 0.06490384615384616
0 0.20192307692307693 0.9242788461538461 0.06009615384615385 0.0673076923076923
0 0.5769230769230769 0.8449519230769231 0.052884615384615384 0.04807692307692308
0 0.7307692307692307 0.8052884615384616 0.055288461538461536 0.0673076923076923
0 0.75 0.6346153846153846 0.06490384615384616 0.07451923076923077
0 0.7319711538461539 0.4266826923076923 0.06971153846153846 0.0673076923076923
0 0.6742788461538461 0.5180288461538461 0.0625 0.07692307692307693
0 0.43149038461538464 0.6262019230769231 0.05048076923076923 0.0673076923076923
0 0.40024038461538464 0.6346153846153846 0.0625 0.0673076923076923
0 0.34375 0.6057692307692307 0.055288461538461536 0.05048076923076923
0 0.6213942307692307 0.025240384615384616 0.06009615384615385 0.05048076923076923
0 0.6129807692307693 0.08052884615384616 0.04807692307692308 0.0673076923076923
0 0.7776442307692307 0.5745192307692307 0.0625 0.06009615384615385
0 0.8942307692307693 0.3004807692307692 0.06009615384615385 0.0673076923076923
0 0.8834134615384616 0.3894230769230769 0.06971153846153846 0.07692307692307693
0 0.7920673076923077 0.25841346153846156 0.0673076923076923 0.08173076923076923
0 0.6670673076923077 0.1346153846153846 0.038461538461538464 0.036057692307692304
0 0.11298076923076923 0.20673076923076922 0.040865384615384616 0.04326923076923077
0 0.02403846153846154 0.17908653846153846 0.04807692307692308 0.06009615384615385
0 0.04927884615384615 0.4855769230769231 0.06490384615384616 0.07211538461538461
0 0.2644230769230769 0.484375 0.06009615384615385 0.06490384615384616
0 0.5108173076923077 0.38221153846153844 0.05048076923076923 0.05048076923076923
0 0.6526442307692307 0.8245192307692307 0.055288461538461536 0.06009615384615385
0 0.6754807692307693 0.9098557692307693 0.04807692307692308 0.04807692307692308
0 0.5949519230769231 0.9579326923076923 0.052884615384615384 0.0625
0 0.47596153846153844 0.9338942307692307 0.07211538461538461 0.06490384615384616
0 0.28365384615384615 0.9759615384615384 0.04807692307692308 0.04807692307692308
0 0.3004807692307692 0.8137019230769231 0.04567307692307692 0.06490384615384616
0 0.1658653846153846 0.4879807692307692 0.07211538461538461 0.08173076923076923
0 0.5697115384615384 0.7211538461538461 0.07692307692307693 0.0889423076923077
0 0.22355769230769232 0.49278846153846156 0.04326923076923077 0.06971153846153846
0 0.20072115384615385 0.48197115384615385 0.036057692307692304 0.055288461538461536
0 0.71875 0.25 0.04326923076923077 0.06490384615384616
0 0.6911057692307693 0.2247596153846154 0.036057692307692304 0.04807692307692308
0 0.6923076923076923 0.17067307692307693 0.040865384615384616 0.057692307692307696
0 0.9915865384615384 0.7668269230769231 0.016826923076923076 0.07692307692307693
0 0.8028846153846154 0.8605769230769231 0.04807692307692308 0.06009615384615385